Blank_Tube15
N,P,K
0, 3736,1879,32785
0, 136,211,261
0, 136,212,261
0, 136,212,261
0, 136,212,261
0, 136,212,261
0, 136,212,261
0, 136,212,261
0, 136,212,261
0, 136,212,261
0, 136,212,261
0, 136,212,261
0, 136,212,261
0, 136,212,261
0, 136,212,261
0, 136,212,261
Blank_Tube15
Light Source Color - WHITE,27/03/2024,14:00:33
1, 136,212,261
1, 45999,36765,35331
1, 46665,37256,35612
1, 46597,37177,35476
1, 46559,37126,35388
1, 46508,37081,35319
1, 46476,37047,35259
1, 46508,37045,35233
1, 46482,37019,35186
1, 46452,36993,35138
1, 46434,36975,35097
1, 46404,36952,35057
1, 46432,36953,35038
1, 46421,36937,35000
1, 46400,36917,34962
1, 46377,36896,34926
1, 46364,36883,34891
Blank_Tube15
Light Source Color - OFF,27/03/2024,14:00:52
2, 46350,36865,34855
2, 136,212,261
2, 136,212,261
2, 136,212,261
2, 136,212,261
2, 135,210,260
2, 136,211,260
2, 136,212,261
2, 136,212,261
2, 136,211,260
2, 136,211,260
2, 136,212,261
2, 136,212,261
2, 136,212,261
2, 136,212,261
2, 136,211,261
2, 136,211,260
Blank_Tube15
Light Source Color - RED,27/03/2024,14:01:11
3, 136,211,260
3, 3650,1843,32078
3, 3734,1878,32768
3, 3731,1875,32723
3, 3730,1874,32701
3, 3729,1873,32685
3, 3728,1873,32680
3, 3727,1872,32668
3, 3727,1872,32661
3, 3726,1871,32652
3, 3725,1870,32646
3, 3725,1870,32642
3, 3724,1869,32637
3, 3723,1868,32630
3, 3721,1867,32622
3, 3720,1865,32618
3, 3720,1865,32616
Blank_Tube15
Light Source Color - OFF,27/03/2024,14:01:29
4, 3719,1864,32610
4, 129,205,252
4, 129,204,251
4, 129,204,251
4, 128,203,251
4, 128,203,251
4, 128,203,250
4, 128,203,250
4, 128,203,250
4, 128,203,250
4, 128,203,250
4, 128,203,250
4, 128,203,250
4, 127,203,249
4, 127,202,249
4, 127,202,249
4, 127,202,249
Blank_Tube15
Light Source Color - GREEN,27/03/2024,14:01:48
5, 127,202,249
5, 9979,26243,3790
5, 9946,26176,3786
5, 9928,26139,3784
5, 9922,26128,3783
5, 9913,26110,3781
5, 9906,26095,3781
5, 9901,26085,3780
5, 9897,26078,3780
5, 9896,26075,3780
5, 9892,26067,3779
5, 9889,26062,3779
5, 9887,26056,3778
5, 9885,26053,3778
5, 9884,26051,3778
5, 9883,26048,3778
5, 9881,26046,3778
Blank_Tube15
Light Source Color - OFF,27/03/2024,14:02:07
6, 9879,26042,3778
6, 126,201,248
6, 126,201,248
6, 126,201,248
6, 126,201,248
6, 126,201,248
6, 126,201,248
6, 126,201,247
6, 126,201,248
6, 126,201,248
6, 126,201,248
6, 126,201,248
6, 126,201,248
6, 126,201,248
6, 126,201,248
6, 126,201,248
6, 126,201,248
Blank_Tube15
Light Source Color - BLUE,27/03/2024,14:02:25
7, 126,201,248
7, 34705,10549,672
7, 34728,10557,673
7, 34725,10559,673
7, 34723,10559,673
7, 34714,10557,672
7, 34704,10555,672
7, 34724,10561,672
7, 34724,10562,672
7, 34716,10559,672
7, 34710,10558,672
7, 34703,10556,672
7, 34719,10561,672
7, 34725,10563,672
7, 34722,10561,672
7, 34714,10560,672
7, 34711,10559,672
Blank_Tube15
Light Source Color - OFF,27/03/2024,14:02:44
8, 34725,10563,672
8, 126,201,247
8, 126,201,247
8, 126,201,247
8, 126,201,247
8, 126,201,247
8, 126,201,248
8, 126,201,248
8, 127,201,248
8, 127,202,249
8, 128,203,250
8, 128,203,251
8, 130,205,253
8, 131,207,255
8, 133,208,257
8, 134,210,258
8, 135,210,259
Blank_Tube15
Light Source Color - WHITE,27/03/2024,14:03:03
9, 135,211,260
9, 46771,37383,35901
9, 46646,37247,35619
9, 46581,37173,35490
9, 46529,37117,35402
9, 46554,37110,35366
9, 46532,37078,35305
9, 46493,37043,35247
9, 46464,37016,35195
9, 46436,36988,35147
9, 46413,36966,35106
9, 46444,36968,35086
9, 46431,36953,35045
9, 46395,36929,35006
9, 46375,36914,34970
9, 46352,36893,34933
9, 46333,36873,34894
Blank_Tube15
Light Source Color - OFF,27/03/2024,14:03:21
10, 46376,36880,34878
10, 136,211,260
10, 136,211,260
10, 136,211,260
10, 136,211,260
10, 136,211,260
10, 136,211,261
10, 136,211,260
10, 136,211,260
10, 136,211,260
10, 136,211,260
10, 136,211,260
10, 136,211,260
10, 136,211,260
10, 136,211,260
10, 136,211,260
10, 136,211,260
Blank_Tube15
Light Source Color - RED,27/03/2024,14:03:40
11, 136,211,260
11, 3743,1884,32898
11, 3734,1877,32753
11, 3731,1875,32711
11, 3729,1873,32687
11, 3729,1873,32681
11, 3728,1872,32664
11, 3727,1872,32655
11, 3727,1871,32647
11, 3726,1871,32638
11, 3726,1871,32636
11, 3725,1871,32630
11, 3725,1870,32623
11, 3725,1870,32617
11, 3724,1870,32612
11, 3724,1870,32609
11, 3724,1869,32605
Blank_Tube15
Light Source Color - OFF,27/03/2024,14:03:59
12, 3724,1869,32601
12, 136,211,260
12, 135,211,260
12, 136,211,260
12, 136,211,260
12, 136,211,260
12, 135,211,260
12, 135,211,260
12, 135,211,260
12, 135,211,260
12, 135,211,260
12, 135,211,260
12, 135,211,260
12, 135,211,260
12, 135,211,260
12, 135,211,260
12, 135,211,260
Blank_Tube15
Light Source Color - GREEN,27/03/2024,14:04:17
13, 135,211,260
13, 9980,26234,3799
13, 9950,26173,3795
13, 9941,26155,3795
13, 9926,26126,3792
13, 9916,26106,3790
13, 9908,26092,3788
13, 9903,26083,3787
13, 9902,26079,3787
13, 9898,26072,3787
13, 9895,26065,3787
13, 9893,26061,3786
13, 9890,26056,3787
13, 9890,26054,3786
13, 9888,26051,3786
13, 9885,26046,3785
13, 9881,26040,3783
Blank_Tube15
Light Source Color - OFF,27/03/2024,14:04:36
14, 9879,26037,3781
14, 988,2481,563
14, 128,203,251
14, 127,202,249
14, 127,202,249
14, 127,202,249
14, 127,202,249
14, 127,202,249
14, 128,203,250
14, 128,203,250
14, 128,203,251
14, 128,204,251
14, 129,204,251
14, 129,204,251
14, 129,204,251
14, 129,204,251
14, 128,203,251
Blank_Tube15
Light Source Color - BLUE,27/03/2024,14:04:55
15, 1269,544,264
15, 34716,10551,675
15, 34714,10556,674
15, 34699,10553,673
15, 34697,10553,673
15, 34689,10552,673
15, 34708,10558,673
15, 34706,10557,673
15, 34705,10557,673
15, 34705,10557,672
15, 34700,10556,672
15, 34716,10561,673
15, 34712,10560,673
15, 34708,10559,673
15, 34706,10559,674
15, 34702,10559,675
15, 34719,10564,675
Blank_Tube15
Light Source Color - OFF,27/03/2024,14:05:13
