Blank_Tube13
N,P,K
0, 0,0,0
0, 137,213,262
0, 137,213,262
0, 137,213,262
0, 137,213,262
0, 137,213,262
0, 137,213,262
0, 137,213,262
0, 137,213,262
0, 137,213,262
Blank_Tube13Light Source Color - WHITE,27/03/2024,13:54:48
1, 137,213,262
1, 41138,32910,31814
1, 46865,37432,35983
1, 46788,37350,35840
1, 46731,37291,35744
1, 46690,37246,35669
1, 46645,37204,35604
1, 46667,37199,35577
1, 46655,37178,35525
1, 46619,37146,35472
1, 46589,37120,35428
Blank_Tube13Light Source Color - OFF,27/03/2024,13:55:00
2, 46564,37098,35383
2, 137,213,262
2, 137,213,262
2, 137,213,262
