Blank_Tube14
N,P,K
0, 137,213,262
0, 137,213,262
0, 137,213,262
0, 137,213,262
0, 137,213,262
0, 137,213,262
0, 137,213,262
0, 137,213,262
0, 137,213,262
0, 137,213,262
Blank_Tube14
Light Source Color - WHITE,27/03/2024,13:59:39
1, 137,213,262
1, 46749,37360,35859
1, 46744,37316,35742
1, 46666,37235,35605
1, 46612,37178,35512
1, 46574,37135,35438
1, 46540,37100,35380
1, 46562,37096,35354
1, 46543,37069,35304
1, 46521,37046,35255
1, 46489,37022,35212
Blank_Tube14
Light Source Color - OFF,27/03/2024,13:59:51
2, 46464,36999,35169
2, 137,212,261
2, 137,212,261
2, 137,213,262
2, 137,213,262
2, 137,213,262
2, 137,213,262
2, 137,213,262
2, 137,213,262
2, 137,213,262
2, 137,213,262
Blank_Tube14
Light Source Color - RED,27/03/2024,14:00:03
3, 137,213,262
3, 3749,1890,32978
3, 3745,1887,32917
3, 3742,1884,32867
3, 3741,1883,32844
