Blank0
N,P,K
0, 4089,2028,35724
0, 111,183,227
0, 111,183,227
0, 111,183,227
0, 111,183,227
0, 111,183,227
0, 111,183,227
0, 111,183,227
0, 111,183,227
0, 111,183,227
Blank0
Light Source Color - WHITE,27/03/2024,15:30:49
1, 111,183,227
1, 48780,38616,38629
1, 48683,38506,38415
1, 48699,38484,38353
1, 48644,38423,38254
1, 48609,38380,38179
1, 48573,38342,38116
1, 48537,38310,38061
1, 48509,38282,38010
1, 48548,38284,37984
1, 48527,38260,37938
Blank0
Light Source Color - OFF,27/03/2024,15:31:01
2, 48503,38235,37893
2, 111,182,227
2, 111,182,227
2, 111,182,226
2, 111,182,227
2, 111,182,227
2, 111,183,227
2, 111,182,227
2, 111,182,227
2, 111,182,227
2, 111,182,227
Blank0
Light Source Color - RED,27/03/2024,15:31:13
3, 111,182,227
3, 4087,2026,35700
3, 4078,2019,35556
3, 4075,2016,35512
3, 4073,2015,35486
3, 4073,2015,35478
3, 4072,2014,35464
3, 4071,2013,35453
3, 4070,2013,35441
3, 4070,2012,35430
3, 4069,2012,35421
Blank0
Light Source Color - OFF,27/03/2024,15:31:25
4, 4069,2011,35416
4, 111,182,227
4, 111,182,227
4, 111,182,227
4, 111,182,226
4, 111,182,226
4, 111,182,227
4, 111,182,227
4, 111,182,227
4, 111,182,226
4, 111,182,226
Blank0
Light Source Color - GREEN,27/03/2024,15:31:37
5, 111,182,226
5, 10221,26730,3827
5, 10314,26999,3870
5, 10294,26960,3868
5, 10282,26935,3867
5, 10272,26915,3866
5, 10269,26910,3866
5, 10264,26900,3865
5, 10259,26890,3865
5, 10255,26882,3864
5, 10251,26875,3863
Blank0
Light Source Color - OFF,27/03/2024,15:31:50
6, 10248,26867,3863
6, 755,1877,457
6, 111,182,227
6, 111,182,226
6, 111,182,226
6, 111,182,226
6, 111,182,226
6, 111,182,227
6, 111,182,227
6, 111,182,226
6, 111,182,226
Blank0
Light Source Color - BLUE,27/03/2024,15:32:02
7, 111,182,226
7, 36058,10827,664
7, 36074,10834,664
7, 36074,10836,664
7, 36070,10836,664
7, 36065,10836,664
7, 36057,10834,664
7, 36052,10833,664
7, 36067,10838,664
7, 36064,10837,664
7, 36067,10838,664
Blank0
Light Source Color - OFF,27/03/2024,15:32:14
8, 36065,10838,664
8, 111,182,226
8, 111,182,226
8, 111,182,226
8, 111,182,226
8, 111,182,226
8, 111,182,226
8, 111,182,226
8, 111,182,227
8, 111,182,227
8, 111,182,226
Blank0
Light Source Color - WHITE,27/03/2024,15:32:26
9, 111,182,226
9, 48688,38534,38464
9, 48574,38415,38230
9, 48517,38345,38107
9, 48546,38332,38064
9, 48505,38288,37986
9, 48472,38252,37922
9, 48442,38221,37867
9, 48415,38195,37819
9, 48385,38166,37769
9, 48423,38169,37746
Blank0
Light Source Color - OFF,27/03/2024,15:32:38
10, 48404,38149,37701
10, 111,182,226
10, 111,182,226
10, 111,182,226
10, 111,182,226
10, 111,182,226
10, 111,182,226
10, 111,182,226
10, 111,182,226
10, 111,182,226
10, 111,182,226
Blank0
Light Source Color - RED,27/03/2024,15:32:51
11, 267,255,1618
11, 4078,2019,35564
11, 4067,2010,35393
11, 4064,2007,35344
11, 4062,2006,35320
11, 4061,2005,35301
11, 4061,2005,35295
11, 4060,2004,35284
11, 4059,2004,35273
11, 4059,2003,35264
11, 4058,2003,35256
Blank0
Light Source Color - OFF,27/03/2024,15:33:03
12, 4048,1998,35160
12, 111,182,226
12, 111,182,226
12, 111,182,226
12, 111,182,226
12, 111,182,226
12, 111,182,226
12, 111,182,226
12, 111,182,226
12, 111,182,226
12, 111,182,226
Blank0
Light Source Color - GREEN,27/03/2024,15:33:15
13, 111,182,226
13, 10299,26966,3867
13, 10283,26935,3866
13, 10263,26893,3863
13, 10249,26867,3862
13, 10240,26849,3861
13, 10233,26835,3860
13, 10231,26830,3860
13, 10227,26823,3859
13, 10224,26816,3859
13, 10219,26808,3858
Blank0
Light Source Color - OFF,27/03/2024,15:33:27
14, 10217,26803,3858
14, 111,182,226
14, 111,182,226
14, 111,182,226
14, 111,182,226
14, 111,182,226
14, 111,182,226
14, 111,182,226
14, 111,182,226
14, 111,182,226
14, 111,182,226
Blank0
Light Source Color - BLUE,27/03/2024,15:33:39
15, 111,182,226
15, 36010,10822,663
15, 36009,10826,663
15, 36027,10832,664
15, 36024,10833,664
15, 36010,10829,663
15, 36005,10829,663
15, 36001,10828,663
15, 36011,10831,663
15, 36018,10833,663
15, 36008,10831,663
Blank0
Light Source Color - OFF,27/03/2024,15:33:51
