Blank_Tube10
N,P,K
0, 136,212,261
0, 136,212,261
0, 136,212,261
0, 136,212,261
0, 136,212,261
Blank_Tube10Light Source Color - WHITE,27/03/2024,13:48:20
1, 136,212,260
1, 45525,36429,35104
1, 46634,37277,35729
1, 46570,37202,35595
1, 46517,37145,35504
1, 46486,37108,35436
Blank_Tube10Light Source Color - OFF,27/03/2024,13:48:27
2, 46185,36860,35173
2, 136,212,260
2, 136,212,260
2, 136,212,260
2, 136,212,260
2, 136,212,260
Blank_Tube10Light Source Color - RED,27/03/2024,13:48:33
3, 136,212,260
3, 3758,1897,33113
3, 3748,1889,32964
3, 3745,1887,32923
3, 3744,1886,32904
3, 3743,1885,32886
Blank_Tube10Light Source Color - OFF,27/03/2024,13:48:40
4, 3743,1885,32882
4, 136,212,260
4, 136,212,260
4, 136,212,260
4, 136,212,260
4, 136,212,261
Blank_Tube10Light Source Color - GREEN,27/03/2024,13:48:46
5, 136,212,260
5, 10003,26282,3803
5, 9971,26216,3800
5, 9954,26182,3798
5, 9948,26171,3798
5, 9939,26153,3797
Blank_Tube10Light Source Color - OFF,27/03/2024,13:48:53
6, 9932,26140,3796
6, 136,212,260
6, 136,212,260
6, 136,212,260
6, 136,212,260
6, 136,212,260
Blank_Tube10Light Source Color - BLUE,27/03/2024,13:49:00
7, 136,212,260
7, 34670,10542,684
7, 34667,10545,684
7, 34682,10551,684
7, 34680,10552,684
7, 34681,10552,684
Blank_Tube10Light Source Color - OFF,27/03/2024,13:49:06
8, 34674,10551,684
8, 136,212,260
8, 136,212,260
8, 136,212,260
8, 136,212,260
8, 136,212,260
Blank_Tube10Light Source Color - WHITE,27/03/2024,13:49:13
9, 136,212,260
9, 42334,33864,32589
9, 46615,37239,35633
9, 46548,37163,35498
9, 46499,37108,35409
9, 46457,37065,35339
Blank_Tube10Light Source Color - OFF,27/03/2024,13:49:19
10, 46425,37031,35280
10, 2634,2197,2148
10, 136,212,260
10, 136,212,260
10, 136,212,260
10, 136,212,260
Blank_Tube10Light Source Color - RED,27/03/2024,13:49:26
11, 136,212,260
11, 3753,1894,33045
11, 3743,1885,32888
11, 3740,1883,32846
11, 3739,1882,32827
11, 3738,1882,32819
Blank_Tube10Light Source Color - OFF,27/03/2024,13:49:33
12, 3738,1881,32807
12, 136,212,260
12, 136,212,260
12, 136,212,260
12, 136,212,260
12, 136,212,260
Blank_Tube10Light Source Color - GREEN,27/03/2024,13:49:39
13, 136,212,260
13, 9990,26253,3802
13, 9957,26188,3798
13, 9941,26155,3796
13, 9935,26145,3796
13, 9926,26127,3795
Blank_Tube10Light Source Color - OFF,27/03/2024,13:49:46
14, 9920,26114,3794
14, 136,212,260
14, 136,212,260
14, 136,212,260
14, 136,212,260
14, 136,212,260
Blank_Tube10Light Source Color - BLUE,27/03/2024,13:49:52
15, 136,212,260
15, 34669,10546,684
15, 34667,10549,684
15, 34688,10557,684
15, 34678,10555,684
15, 34675,10555,684
Blank_Tube10Light Source Color - OFF,27/03/2024,13:49:59
