Blank_cover0
N,P,K
0, 105,175,219
0, 105,175,219
0, 105,175,219
0, 105,175,219
0, 105,175,219
0, 105,175,219
0, 105,175,219
0, 105,175,219
0, 105,175,219
0, 105,175,219
Blank_cover0
Light Source Color - WHITE,27/03/2024,15:34:30
1, 105,175,219
1, 48606,38494,38457
1, 48503,38379,38226
1, 48441,38311,38103
1, 48466,38296,38055
1, 48431,38252,37977
1, 48391,38212,37912
1, 48359,38180,37852
1, 48332,38150,37802
1, 48304,38124,37750
1, 48280,38103,37704
Blank_cover0
Light Source Color - OFF,27/03/2024,15:34:42
2, 48322,38106,37683
2, 105,175,219
2, 105,175,219
2, 105,175,219
2, 105,175,219
2, 105,175,219
2, 105,175,219
2, 105,175,219
2, 105,175,219
2, 105,175,219
2, 105,175,219
Blank_cover0
Light Source Color - RED,27/03/2024,15:34:54
3, 105,175,219
3, 4063,2005,35430
3, 4057,2000,35332
3, 4056,1999,35312
3, 4054,1998,35287
3, 4053,1997,35269
3, 4052,1996,35254
3, 4051,1996,35243
3, 4051,1995,35239
3, 4050,1995,35227
3, 4049,1994,35218
Blank_cover0
Light Source Color - OFF,27/03/2024,15:35:07
4, 4049,1994,35210
4, 105,175,219
4, 105,175,219
4, 105,175,219
4, 105,175,219
4, 105,175,219
4, 105,175,219
4, 105,175,219
4, 105,175,219
4, 105,175,219
4, 105,175,219
Blank_cover0
Light Source Color - GREEN,27/03/2024,15:35:19
5, 105,175,219
5, 10298,26962,3859
5, 10262,26889,3855
5, 10243,26851,3853
5, 10231,26828,3852
5, 10222,26810,3851
5, 10219,26804,3851
5, 10214,26795,3850
5, 10211,26786,3849
5, 10207,26779,3849
5, 10203,26772,3848
Blank_cover0
Light Source Color - OFF,27/03/2024,15:35:31
6, 10200,26767,3848
6, 272,616,279
6, 105,175,219
6, 105,175,219
6, 105,175,219
6, 105,175,218
6, 105,175,218
6, 105,175,219
6, 105,175,219
6, 105,175,219
6, 105,175,219
Blank_cover0
Light Source Color - BLUE,27/03/2024,15:35:43
7, 105,175,219
7, 35945,10800,655
7, 35948,10805,655
7, 35964,10811,655
7, 35963,10813,655
7, 35957,10812,655
7, 35951,10810,655
7, 35948,10810,655
7, 35944,10809,655
7, 35959,10814,655
7, 35959,10814,655
Blank_cover0
Light Source Color - OFF,27/03/2024,15:35:56
8, 35956,10813,655
8, 105,175,218
8, 105,175,218
8, 105,175,218
8, 105,175,218
8, 105,175,218
8, 105,175,218
8, 105,175,218
8, 105,175,218
8, 105,175,218
8, 105,175,218
Blank_cover0
Light Source Color - WHITE,27/03/2024,15:36:08
9, 105,175,218
9, 48592,38463,38396
9, 48455,38318,38078
9, 48384,38240,37941
9, 48340,38186,37848
9, 48298,38142,37775
9, 48266,38108,37716
9, 48298,38106,37688
9, 48273,38078,37635
9, 48245,38052,37586
9, 48222,38031,37540
Blank_cover0
Light Source Color - OFF,27/03/2024,15:36:20
10, 48200,38008,37495
10, 105,175,218
10, 105,175,218
10, 105,175,218
10, 105,175,218
10, 105,175,218
10, 105,175,218
10, 105,175,218
10, 105,175,218
10, 105,175,218
10, 105,175,218
Blank_cover0
Light Source Color - RED,27/03/2024,15:36:33
11, 105,175,218
11, 4058,2001,35346
11, 4049,1994,35210
11, 4046,1992,35167
11, 4045,1990,35144
11, 4044,1990,35137
11, 4043,1989,35121
11, 4043,1989,35113
11, 4042,1988,35103
11, 4041,1987,35091
11, 4041,1987,35086
Blank_cover0
Light Source Color - OFF,27/03/2024,15:36:45
12, 3839,1894,33292
12, 105,175,218
12, 105,175,218
12, 105,175,218
12, 105,175,218
12, 105,175,218
12, 105,174,218
12, 105,175,218
12, 105,175,218
12, 105,175,218
12, 105,175,218
Blank_cover0
Light Source Color - GREEN,27/03/2024,15:36:57
13, 105,175,218
13, 10261,26882,3854
13, 10231,26825,3851
13, 10224,26810,3850
13, 10210,26782,3849
13, 10201,26764,3848
13, 10195,26750,3847
13, 10189,26741,3846
13, 10188,26738,3846
13, 10184,26730,3846
13, 10182,26726,3845
Blank_cover0
Light Source Color - OFF,27/03/2024,15:37:09
14, 10179,26722,3845
14, 105,174,218
14, 105,174,218
14, 105,174,218
14, 105,175,218
14, 105,175,218
14, 105,175,218
14, 105,175,218
14, 105,175,218
14, 105,174,218
14, 105,175,218
Blank_cover0
Light Source Color - BLUE,27/03/2024,15:37:22
15, 105,175,218
15, 35905,10795,654
15, 35903,10800,654
15, 35909,10803,655
15, 35904,10804,655
15, 35906,10804,655
15, 35920,10809,655
15, 35914,10808,655
15, 35911,10806,655
15, 35906,10806,655
15, 35903,10805,655
Blank_cover0
Light Source Color - OFF,27/03/2024,15:37:34
