PO4_4mgL_0
N,P,K
0, 110,182,225
0, 110,181,225
0, 110,181,225
0, 110,181,225
0, 110,181,225
0, 110,181,224
0, 110,181,225
0, 110,181,225
0, 110,181,225
0, 110,181,224
PO4_4mgL_0
Light Source Color - WHITE,27/03/2024,14:19:47
1, 110,181,224
1, 38514,28365,16766
1, 38505,28332,16701
1, 38460,28273,16624
1, 38427,28229,16569
1, 38394,28194,16528
1, 38357,28160,16492
1, 38329,28137,16457
1, 38355,28135,16442
1, 38335,28116,16419
1, 38309,28094,16373
PO4_4mgL_0
Light Source Color - OFF,27/03/2024,14:20:00
2, 38288,28073,16369
2, 110,181,224
2, 110,181,224
2, 110,181,224
2, 110,181,224
2, 110,181,224
2, 110,181,224
2, 110,181,224
2, 110,181,224
2, 110,181,224
2, 110,181,224
PO4_4mgL_0
Light Source Color - RED,27/03/2024,14:20:12
3, 110,181,224
3, 1590,874,14397
3, 1585,871,14339
3, 1585,871,14323
3, 1583,869,14301
3, 1583,869,14297
3, 1582,869,14292
3, 1580,867,14261
3, 1581,868,14279
3, 1581,868,14272
3, 1580,867,14262
PO4_4mgL_0
Light Source Color - OFF,27/03/2024,14:20:24
4, 1580,867,14250
4, 110,181,224
4, 110,181,224
4, 110,181,224
4, 110,181,224
4, 110,181,224
4, 110,181,224
4, 110,181,224
4, 110,181,224
4, 110,181,224
4, 110,181,224
PO4_4mgL_0
Light Source Color - GREEN,27/03/2024,14:20:36
5, 110,181,224
5, 7591,19489,2626
5, 7568,19442,2623
5, 7561,19428,2622
5, 7552,19410,2621
5, 7545,19394,2620
5, 7539,19382,2619
5, 7534,19371,2619
5, 7531,19364,2618
5, 7528,19360,2618
5, 7525,19353,2617
PO4_4mgL_0
Light Source Color - OFF,27/03/2024,14:20:48
6, 7522,19347,2617
6, 110,181,224
6, 110,181,224
6, 110,181,224
6, 110,181,224
6, 110,181,224
6, 110,181,224
6, 110,181,224
6, 110,181,224
6, 110,181,224
6, 110,181,224
PO4_4mgL_0
Light Source Color - BLUE,27/03/2024,14:21:00
7, 110,181,224
7, 30653,8983,587
7, 30645,8985,587
7, 30661,8990,588
7, 30659,8991,588
7, 30655,8991,588
7, 30652,8989,588
7, 30638,8988,587
7, 30638,8987,587
7, 30654,8993,588
7, 30650,8991,588
PO4_4mgL_0
Light Source Color - OFF,27/03/2024,14:21:12
8, 30641,8988,587
8, 110,181,224
8, 110,181,224
8, 110,181,224
8, 110,181,224
8, 110,181,224
8, 110,181,224
8, 110,181,224
8, 110,181,224
8, 110,181,224
8, 110,181,224
PO4_4mgL_0
Light Source Color - WHITE,27/03/2024,14:21:24
9, 110,181,224
9, 38323,28194,16521
9, 38243,28107,16396
9, 38201,28056,16333
9, 38214,28042,16307
9, 38183,28009,16259
9, 38156,27982,16234
9, 38126,27954,16206
9, 38101,27934,16184
9, 38088,27919,16152
9, 38120,27922,16129
PO4_4mgL_0
Light Source Color - OFF,27/03/2024,14:21:37
10, 38098,27902,16095
10, 110,181,224
10, 110,181,224
10, 110,181,224
10, 110,181,224
10, 110,181,224
10, 110,181,224
10, 110,181,224
10, 110,181,224
10, 110,181,224
10, 110,181,224
PO4_4mgL_0
Light Source Color - RED,27/03/2024,14:21:49
11, 110,181,224
11, 1573,865,14208
11, 1568,861,14135
11, 1566,860,14105
11, 1565,859,14090
11, 1564,859,14084
11, 1564,858,14079
11, 1563,858,14068
11, 1562,857,14056
11, 1562,857,14055
11, 1562,857,14056
PO4_4mgL_0
Light Source Color - OFF,27/03/2024,14:22:01
12, 1562,857,14054
12, 110,181,224
12, 110,181,224
12, 110,181,224
12, 110,181,224
12, 110,181,224
12, 110,181,224
12, 110,181,224
12, 110,181,224
12, 110,181,224
12, 110,181,224
PO4_4mgL_0
Light Source Color - GREEN,27/03/2024,14:22:13
13, 110,181,224
13, 7547,19382,2614
13, 7519,19327,2611
13, 7505,19295,2609
13, 7494,19274,2607
13, 7491,19266,2607
13, 7484,19254,2606
13, 7482,19248,2605
13, 7479,19242,2606
13, 7475,19234,2605
13, 7474,19232,2605
PO4_4mgL_0
Light Source Color - OFF,27/03/2024,14:22:25
14, 7473,19232,2605
14, 110,181,224
14, 110,181,224
14, 110,181,224
14, 110,181,224
14, 110,181,224
14, 110,181,224
14, 110,181,224
14, 110,181,224
14, 110,181,224
14, 110,181,224
PO4_4mgL_0
Light Source Color - BLUE,27/03/2024,14:22:37
15, 110,181,224
15, 30576,8970,587
15, 30571,8972,587
15, 30573,8974,587
15, 30570,8974,587
15, 30579,8978,587
15, 30584,8979,587
15, 30566,8975,587
15, 30573,8977,587
15, 30564,8975,587
15, 30578,8978,587
PO4_4mgL_0
Light Source Color - OFF,27/03/2024,14:22:49
