PO4_08mgL_cover2
N,P,K
0, 113,186,231
0, 113,186,231
0, 113,186,231
0, 113,186,231
0, 113,186,231
0, 113,186,231
0, 113,186,231
0, 113,186,231
0, 113,186,231
0, 113,186,231
PO4_08mgL_cover2
Light Source Color - WHITE,27/03/2024,16:10:08
1, 113,186,231
1, 54850,42296,29434
1, 54754,42182,29202
1, 54690,42099,29087
1, 54709,42078,29055
1, 54672,42020,28988
1, 54594,41978,28922
1, 54563,41937,28876
1, 54559,41908,28828
1, 54514,41883,28784
1, 54488,41862,28741
PO4_08mgL_cover2
Light Source Color - OFF,27/03/2024,16:10:20
2, 54550,41870,28727
2, 113,186,231
2, 113,186,231
2, 113,186,231
2, 113,186,231
2, 113,186,231
2, 113,186,231
2, 113,186,231
2, 113,186,231
2, 113,186,231
2, 113,186,231
PO4_08mgL_cover2
Light Source Color - RED,27/03/2024,16:10:32
3, 113,186,231
3, 2950,1555,25921
3, 2943,1550,25833
3, 2943,1549,25822
3, 2939,1547,25787
3, 2939,1547,25766
3, 2935,1545,25734
3, 2937,1545,25732
3, 2934,1544,25725
3, 2936,1545,25730
3, 2934,1544,25719
PO4_08mgL_cover2
Light Source Color - OFF,27/03/2024,16:10:45
4, 2936,1544,25727
4, 113,186,231
4, 113,186,231
4, 113,186,231
4, 113,186,231
4, 113,186,231
4, 113,186,231
4, 113,186,231
4, 113,186,231
4, 113,186,231
4, 113,186,231
PO4_08mgL_cover2
Light Source Color - GREEN,27/03/2024,16:10:57
5, 963,2409,519
5, 11272,29395,4019
5, 11223,29291,4012
5, 11204,29258,4010
5, 11198,29249,4010
5, 11189,29231,4010
5, 11183,29218,4009
5, 11180,29209,4008
5, 11174,29196,4008
5, 11175,29202,4009
5, 11167,29189,4008
PO4_08mgL_cover2
Light Source Color - OFF,27/03/2024,16:11:09
6, 11165,29184,4007
6, 113,186,231
6, 113,186,231
6, 113,186,231
6, 113,186,231
6, 113,186,231
6, 113,186,231
6, 113,186,231
6, 113,186,231
6, 113,186,231
6, 113,186,231
PO4_08mgL_cover2
Light Source Color - BLUE,27/03/2024,16:11:22
7, 113,186,231
7, 42488,12687,724
7, 42516,12701,725
7, 42491,12695,724
7, 42480,12692,724
7, 42505,12699,725
7, 42520,12702,725
7, 42516,12704,725
7, 42505,12701,725
7, 42493,12698,724
7, 42487,12697,724
PO4_08mgL_cover2
Light Source Color - OFF,27/03/2024,16:11:34
8, 42535,12709,725
8, 113,186,231
8, 113,186,231
8, 113,186,231
8, 113,186,231
8, 113,186,231
8, 113,186,231
8, 113,186,231
8, 113,186,231
8, 113,186,231
8, 113,186,231
PO4_08mgL_cover2
Light Source Color - WHITE,27/03/2024,16:11:46
9, 113,186,231
9, 54681,42149,29248
9, 54577,42029,29056
9, 54602,42008,28988
9, 54516,41932,28878
9, 54498,41900,28844
9, 54444,41857,28776
9, 54409,41816,28722
9, 54375,41788,28685
9, 54413,41790,28666
9, 54385,41758,28623
PO4_08mgL_cover2
Light Source Color - OFF,27/03/2024,16:11:59
10, 54371,41741,28571
10, 113,186,231
10, 113,186,231
10, 113,186,231
10, 113,186,231
10, 113,186,231
10, 113,186,231
10, 113,186,231
10, 113,186,231
10, 113,186,231
10, 113,186,231
PO4_08mgL_cover2
Light Source Color - RED,27/03/2024,16:12:11
11, 113,186,231
11, 2839,1501,24928
11, 2936,1545,25741
11, 2931,1542,25696
11, 2932,1542,25684
11, 2930,1541,25670
11, 2928,1540,25655
11, 2928,1540,25650
11, 2929,1539,25640
11, 2927,1539,25637
11, 2926,1538,25618
PO4_08mgL_cover2
Light Source Color - OFF,27/03/2024,16:12:23
12, 2923,1537,25602
12, 113,186,231
12, 113,185,231
12, 113,186,231
12, 113,186,231
12, 113,186,231
12, 113,186,231
12, 113,186,231
12, 113,186,231
12, 113,186,231
12, 113,186,231
PO4_08mgL_cover2
Light Source Color - GREEN,27/03/2024,16:12:35
13, 113,186,231
13, 11250,29354,4017
13, 11208,29275,4011
13, 11191,29235,4010
13, 11176,29208,4008
13, 11171,29190,4007
13, 11165,29193,4006
13, 11160,29179,4006
13, 11156,29170,4007
13, 11154,29165,4006
13, 11147,29150,4004
PO4_08mgL_cover2
Light Source Color - OFF,27/03/2024,16:12:48
14, 10952,28640,3937
14, 113,186,231
14, 113,186,231
14, 113,186,231
14, 113,186,231
14, 113,186,231
14, 113,186,231
14, 113,186,231
14, 113,186,231
14, 113,186,231
14, 113,186,231
PO4_08mgL_cover2
Light Source Color - BLUE,27/03/2024,16:13:00
15, 113,186,231
15, 42459,12680,724
15, 42474,12687,725
15, 42485,12691,725
15, 42489,12698,725
15, 42495,12697,725
15, 42491,12695,725
15, 42470,12691,725
15, 42473,12693,725
15, 42497,12699,725
15, 42479,12694,725
PO4_08mgL_cover2
Light Source Color - OFF,27/03/2024,16:13:12
