PO4_10mgL_cover1
N,P,K
0, 112,184,228
0, 112,184,228
0, 112,184,228
0, 112,184,228
0, 112,184,228
0, 112,184,228
0, 112,184,228
0, 112,184,228
0, 112,184,228
0, 112,184,228
PO4_10mgL_cover1
Light Source Color - WHITE,27/03/2024,16:22:28
1, 112,184,228
1, 44681,34449,22609
1, 44569,34333,22438
1, 44488,34260,22351
1, 44471,34217,22298
1, 44507,34215,22271
1, 44472,34175,22221
1, 44436,34148,22182
1, 44409,34123,22141
1, 44385,34097,22116
1, 44372,34086,22089
PO4_10mgL_cover1
Light Source Color - OFF,27/03/2024,16:22:40
2, 43577,33472,21670
2, 112,184,228
2, 112,184,228
2, 112,184,228
2, 112,184,228
2, 112,184,228
2, 112,184,228
2, 112,184,228
2, 112,184,228
2, 112,184,228
2, 112,184,228
PO4_10mgL_cover1
Light Source Color - RED,27/03/2024,16:22:53
3, 112,184,228
3, 2259,1182,19822
3, 2254,1179,19756
3, 2251,1177,19726
3, 2251,1177,19723
3, 2249,1176,19706
3, 2249,1176,19692
3, 2248,1175,19676
3, 2247,1175,19679
3, 2247,1175,19675
3, 2247,1175,19672
PO4_10mgL_cover1
Light Source Color - OFF,27/03/2024,16:23:05
4, 2248,1174,19671
4, 112,184,228
4, 112,184,228
4, 112,184,228
4, 112,183,228
4, 112,183,227
4, 112,184,228
4, 112,184,228
4, 112,184,228
4, 112,184,228
4, 112,184,228
PO4_10mgL_cover1
Light Source Color - GREEN,27/03/2024,16:23:17
5, 112,184,228
5, 9167,24073,3214
5, 9145,24029,3211
5, 9139,24017,3210
5, 9125,23987,3209
5, 9113,23966,3208
5, 9105,23946,3206
5, 9104,23951,3206
5, 9104,23948,3207
5, 9101,23945,3206
5, 9098,23938,3207
PO4_10mgL_cover1
Light Source Color - OFF,27/03/2024,16:23:29
6, 9095,23927,3205
6, 112,184,228
6, 112,184,228
6, 112,184,228
6, 112,183,228
6, 112,184,228
6, 112,184,228
6, 112,184,228
6, 112,183,228
6, 112,184,228
6, 112,184,228
PO4_10mgL_cover1
Light Source Color - BLUE,27/03/2024,16:23:42
7, 507,299,232
7, 34866,10376,639
7, 34872,10384,639
7, 34870,10384,639
7, 34863,10385,639
7, 34867,10387,638
7, 34855,10383,639
7, 34875,10388,639
7, 34873,10390,639
7, 34858,10385,639
7, 34865,10386,639
PO4_10mgL_cover1
Light Source Color - OFF,27/03/2024,16:23:54
8, 34867,10387,639
8, 112,184,228
8, 112,183,228
8, 112,184,228
8, 112,184,228
8, 112,184,228
8, 112,184,228
8, 112,184,228
8, 112,184,228
8, 112,184,228
8, 112,184,228
PO4_10mgL_cover1
Light Source Color - WHITE,27/03/2024,16:24:07
9, 112,184,228
9, 44637,34420,22591
9, 44521,34287,22394
9, 44468,34234,22305
9, 44417,34182,22248
9, 44384,34139,22194
9, 44414,34139,22179
9, 44404,34108,22144
9, 44385,34093,22108
9, 44359,34065,22082
9, 44332,34041,22055
PO4_10mgL_cover1
Light Source Color - OFF,27/03/2024,16:24:19
10, 44290,34013,22010
10, 112,183,227
10, 112,184,228
10, 112,184,228
10, 112,184,228
10, 112,184,228
10, 112,184,228
10, 112,184,228
10, 112,184,228
10, 112,184,228
10, 112,184,228
PO4_10mgL_cover1
Light Source Color - RED,27/03/2024,16:24:31
11, 112,184,228
11, 2258,1181,19807
11, 2251,1177,19729
11, 2249,1175,19699
11, 2247,1174,19678
11, 2246,1174,19673
11, 2246,1174,19660
11, 2244,1173,19651
11, 2244,1172,19630
11, 2242,1172,19634
11, 2244,1173,19643
PO4_10mgL_cover1
Light Source Color - OFF,27/03/2024,16:24:44
12, 2196,1150,19209
12, 112,184,228
12, 112,184,228
12, 112,184,228
12, 112,184,228
12, 112,184,228
12, 112,184,228
12, 112,184,228
12, 112,184,228
12, 112,184,228
12, 112,184,228
PO4_10mgL_cover1
Light Source Color - GREEN,27/03/2024,16:24:56
13, 112,184,228
13, 9160,24058,3212
13, 9132,24001,3208
13, 9116,23968,3207
13, 9113,23957,3206
13, 9103,23940,3204
13, 9096,23926,3204
13, 9094,23924,3204
13, 9086,23906,3202
13, 9083,23895,3201
13, 9081,23896,3201
PO4_10mgL_cover1
Light Source Color - OFF,27/03/2024,16:25:08
14, 9080,23890,3200
14, 112,184,228
14, 112,184,228
14, 112,184,228
14, 112,184,228
14, 112,184,228
14, 112,184,228
14, 112,184,228
14, 112,184,228
14, 112,184,228
14, 112,184,228
PO4_10mgL_cover1
Light Source Color - BLUE,27/03/2024,16:25:21
15, 112,184,228
15, 34823,10370,638
15, 34852,10378,639
15, 34830,10376,638
15, 34812,10369,638
15, 34824,10377,638
15, 34827,10377,638
15, 34829,10376,638
15, 34834,10379,638
15, 34835,10378,639
15, 34846,10384,639
PO4_10mgL_cover1
Light Source Color - OFF,27/03/2024,16:25:33
