PO4_8mgL_1
N,P,K
0, 109,179,223
0, 109,179,223
0, 109,179,223
0, 109,179,223
0, 109,179,222
0, 109,179,222
0, 109,179,223
0, 109,179,223
0, 109,179,223
0, 109,179,223
PO4_8mgL_1
Light Source Color - WHITE,27/03/2024,14:35:46
1, 109,179,223
1, 25531,17182,6959
1, 25523,17162,6931
1, 25495,17126,6896
1, 25471,17100,6874
1, 25447,17081,6857
1, 25429,17064,6842
1, 25411,17050,6829
1, 25431,17052,6823
1, 25416,17042,6812
1, 25398,17030,6801
PO4_8mgL_1
Light Source Color - OFF,27/03/2024,14:35:58
2, 25384,17018,6790
2, 109,179,223
2, 109,179,222
2, 109,179,223
2, 109,179,223
2, 109,179,223
2, 109,179,223
2, 109,179,223
2, 109,179,223
2, 109,179,223
2, 109,179,223
PO4_8mgL_1
Light Source Color - RED,27/03/2024,14:36:10
3, 109,179,223
3, 692,469,5568
3, 689,467,5541
3, 689,467,5532
3, 688,467,5529
3, 688,466,5524
3, 688,466,5518
3, 687,466,5514
3, 687,466,5514
3, 687,465,5510
3, 687,466,5510
PO4_8mgL_1
Light Source Color - OFF,27/03/2024,14:36:22
4, 686,465,5508
4, 109,179,223
4, 109,179,223
4, 109,179,223
4, 109,179,223
4, 109,179,223
4, 109,179,223
4, 109,179,223
4, 109,179,223
4, 109,179,223
4, 109,179,223
PO4_8mgL_1
Light Source Color - GREEN,27/03/2024,14:36:34
5, 109,179,223
5, 4453,11207,1548
5, 4438,11174,1546
5, 4429,11157,1545
5, 4423,11144,1543
5, 4421,11140,1543
5, 4418,11135,1543
5, 4416,11131,1543
5, 4414,11125,1542
5, 4412,11122,1542
5, 4411,11118,1542
PO4_8mgL_1
Light Source Color - OFF,27/03/2024,14:36:46
6, 4410,11117,1542
6, 109,179,223
6, 109,179,223
6, 109,179,223
6, 109,179,223
6, 109,179,223
6, 109,179,223
6, 109,179,223
6, 109,179,223
6, 109,179,223
6, 109,179,223
PO4_8mgL_1
Light Source Color - BLUE,27/03/2024,14:36:59
7, 266,224,224
7, 21405,6281,468
7, 21396,6283,468
7, 21395,6284,468
7, 21398,6285,468
7, 21398,6286,468
7, 21402,6288,468
7, 21401,6287,468
7, 21393,6285,468
7, 21384,6283,468
7, 21392,6285,468
PO4_8mgL_1
Light Source Color - OFF,27/03/2024,14:37:11
8, 21393,6284,468
8, 441,274,227
8, 109,179,223
8, 109,179,223
8, 109,179,223
8, 109,179,223
8, 109,179,223
8, 109,179,223
8, 109,179,223
8, 109,179,223
8, 109,179,223
PO4_8mgL_1
Light Source Color - WHITE,27/03/2024,14:37:23
9, 109,179,223
9, 25418,17084,6871
9, 25416,17065,6844
9, 25383,17031,6811
9, 25356,17007,6789
9, 25329,16984,6772
9, 25313,16970,6757
9, 25296,16955,6745
9, 25313,16957,6739
9, 25302,16946,6728
9, 25287,16934,6717
PO4_8mgL_1
Light Source Color - OFF,27/03/2024,14:37:35
10, 25277,16926,6708
10, 109,179,223
10, 109,179,223
10, 109,179,223
10, 109,179,223
10, 109,179,223
10, 109,179,223
10, 109,179,223
10, 109,179,223
10, 109,179,223
10, 109,179,223
PO4_8mgL_1
Light Source Color - RED,27/03/2024,14:37:47
11, 109,179,223
11, 684,465,5494
11, 682,463,5468
11, 681,463,5459
11, 681,463,5455
11, 680,463,5452
11, 680,462,5448
11, 680,462,5444
11, 679,462,5443
11, 679,462,5440
11, 679,462,5440
PO4_8mgL_1
Light Source Color - OFF,27/03/2024,14:37:59
12, 679,462,5438
12, 109,179,223
12, 109,179,223
12, 109,179,223
12, 109,179,223
12, 109,179,223
12, 109,179,223
12, 109,179,223
12, 109,179,223
12, 109,179,223
12, 109,179,223
PO4_8mgL_1
Light Source Color - GREEN,27/03/2024,14:38:12
13, 109,179,223
13, 4428,11142,1539
13, 4412,11108,1537
13, 4403,11090,1535
13, 4399,11080,1535
13, 4396,11074,1534
13, 4394,11070,1534
13, 4392,11066,1534
13, 4389,11061,1534
13, 4387,11057,1533
13, 4386,11054,1533
PO4_8mgL_1
Light Source Color - OFF,27/03/2024,14:38:24
14, 4386,11054,1533
14, 109,179,223
14, 109,179,223
14, 109,179,223
14, 109,179,223
14, 109,179,223
14, 109,179,223
14, 109,179,223
14, 109,179,223
14, 109,179,223
14, 109,179,223
PO4_8mgL_1
Light Source Color - BLUE,27/03/2024,14:38:36
15, 109,179,223
15, 21190,6221,465
15, 21339,6266,467
15, 21337,6268,467
15, 21336,6268,467
15, 21336,6268,467
15, 21344,6271,468
15, 21346,6271,468
15, 21336,6269,467
15, 21328,6266,467
15, 21327,6266,467
PO4_8mgL_1
Light Source Color - OFF,27/03/2024,14:38:48
