PO4_02mgL_1
N,P,K
0, 111,184,229
0, 111,184,229
0, 111,184,229
0, 111,184,229
0, 111,184,229
0, 111,184,229
0, 111,184,229
0, 111,184,229
0, 111,184,229
0, 111,184,229
PO4_02mgL_1
Light Source Color - WHITE,27/03/2024,15:38:09
1, 111,184,229
1, 50372,39077,29218
1, 50256,38956,28997
1, 50192,38878,28885
1, 50215,38862,28838
1, 50178,38807,28758
1, 50130,38765,28697
1, 50101,38734,28655
1, 50062,38702,28592
1, 50031,38678,28554
1, 50004,38647,28518
PO4_02mgL_1
Light Source Color - OFF,27/03/2024,15:38:21
2, 48128,37195,27426
2, 111,184,229
2, 111,184,229
2, 111,184,229
2, 111,184,229
2, 111,184,229
2, 111,184,229
2, 111,184,229
2, 111,184,229
2, 111,184,229
2, 111,184,229
PO4_02mgL_1
Light Source Color - RED,27/03/2024,15:38:33
3, 111,184,229
3, 2978,1531,26025
3, 2972,1526,25945
3, 2970,1526,25921
3, 2968,1524,25898
3, 2966,1523,25879
3, 2965,1522,25871
3, 2964,1521,25861
3, 2963,1521,25855
3, 2963,1520,25856
3, 2960,1520,25842
PO4_02mgL_1
Light Source Color - OFF,27/03/2024,15:38:46
4, 2959,1519,25795
4, 111,184,229
4, 111,184,229
4, 111,184,229
4, 111,184,229
4, 111,184,229
4, 111,184,229
4, 111,184,229
4, 111,184,229
4, 111,184,229
4, 111,184,229
PO4_02mgL_1
Light Source Color - GREEN,27/03/2024,15:38:58
5, 375,879,317
5, 10417,27323,3685
5, 10371,27235,3679
5, 10348,27187,3676
5, 10335,27162,3674
5, 10329,27146,3674
5, 10323,27133,3673
5, 10319,27129,3672
5, 10317,27119,3671
5, 10313,27109,3671
5, 10307,27103,3670
PO4_02mgL_1
Light Source Color - OFF,27/03/2024,15:39:10
6, 10303,27098,3669
6, 111,184,229
6, 111,184,229
6, 111,184,229
6, 111,184,229
6, 111,184,229
6, 111,184,229
6, 111,184,229
6, 111,184,229
6, 111,184,229
6, 111,184,229
PO4_02mgL_1
Light Source Color - BLUE,27/03/2024,15:39:23
7, 111,184,229
7, 38620,11446,687
7, 38611,11449,687
7, 38624,11450,687
7, 38597,11445,687
7, 38611,11452,687
7, 38606,11451,687
7, 38607,11450,687
7, 38598,11450,687
7, 38597,11450,687
7, 38596,11450,687
PO4_02mgL_1
Light Source Color - OFF,27/03/2024,15:39:35
8, 38615,11454,687
8, 111,184,229
8, 111,184,229
8, 111,184,229
8, 111,183,229
8, 111,183,229
8, 111,184,229
8, 111,184,229
8, 111,184,229
8, 111,184,229
8, 111,184,229
PO4_02mgL_1
Light Source Color - WHITE,27/03/2024,15:39:47
9, 111,183,229
9, 50012,38771,28811
9, 49927,38670,28618
9, 49952,38649,28553
9, 49906,38588,28467
9, 49854,38534,28405
9, 49810,38492,28350
9, 49772,38457,28312
9, 49746,38436,28257
9, 49723,38406,28206
9, 49762,38409,28180
PO4_02mgL_1
Light Source Color - OFF,27/03/2024,15:40:00
10, 49732,38372,28135
10, 111,184,229
10, 111,184,229
10, 111,184,229
10, 111,184,229
10, 111,184,229
10, 111,184,229
10, 111,184,229
10, 111,184,229
10, 111,184,229
10, 111,184,229
PO4_02mgL_1
Light Source Color - RED,27/03/2024,15:40:12
11, 111,184,229
11, 2941,1513,25684
11, 2937,1510,25639
11, 2935,1509,25576
11, 2934,1507,25552
11, 2931,1506,25547
11, 2929,1505,25519
11, 2929,1504,25520
11, 2928,1504,25521
11, 2928,1504,25494
11, 2925,1503,25485
PO4_02mgL_1
Light Source Color - OFF,27/03/2024,15:40:24
12, 2923,1502,25466
12, 111,184,229
12, 111,183,229
12, 111,184,229
12, 111,184,229
12, 111,184,229
12, 111,184,229
12, 111,184,229
12, 111,184,229
12, 111,183,229
12, 111,184,229
PO4_02mgL_1
Light Source Color - GREEN,27/03/2024,15:40:36
13, 111,184,229
13, 10333,27101,3657
13, 10297,27030,3652
13, 10279,26990,3650
13, 10265,26964,3648
13, 10260,26957,3648
13, 10255,26947,3648
13, 10249,26935,3647
13, 10242,26922,3645
13, 10238,26910,3644
13, 10232,26894,3644
PO4_02mgL_1
Light Source Color - OFF,27/03/2024,15:40:49
14, 10234,26901,3644
14, 248,546,275
14, 111,184,229
14, 111,184,229
14, 111,184,229
14, 111,183,229
14, 111,184,229
14, 111,183,229
14, 111,184,229
14, 111,184,229
14, 111,184,229
PO4_02mgL_1
Light Source Color - BLUE,27/03/2024,15:41:01
15, 111,184,229
15, 38429,11393,685
15, 38419,11392,685
15, 38442,11399,685
15, 38445,11402,685
15, 38419,11396,685
15, 38434,11400,685
15, 38433,11400,685
15, 38412,11395,684
15, 38428,11399,685
15, 38421,11398,685
PO4_02mgL_1
Light Source Color - OFF,27/03/2024,15:41:13
