PO4_08mgL_new1
N,P,K
0, 111,183,229
0, 111,183,229
0, 111,183,229
0, 111,183,229
0, 111,183,229
0, 111,183,229
0, 111,183,229
0, 111,183,229
0, 111,183,229
0, 111,183,229
PO4_08mgL_new1
Light Source Color - WHITE,27/03/2024,17:05:22
1, 111,183,229
1, 37951,27725,16353
1, 37900,27647,16245
1, 37848,27608,16181
1, 37786,27565,16114
1, 37793,27551,16068
1, 37810,27534,16058
1, 37804,27511,16041
1, 37780,27501,15991
1, 37741,27462,15961
1, 37717,27444,15922
PO4_08mgL_new1
Light Source Color - OFF,27/03/2024,17:05:34
2, 37736,27447,15880
2, 111,182,229
2, 111,182,229
2, 111,183,229
2, 111,183,229
2, 111,183,229
2, 111,183,229
2, 111,182,229
2, 111,182,229
2, 111,182,229
2, 111,183,229
PO4_08mgL_new1
Light Source Color - RED,27/03/2024,17:05:47
3, 111,183,229
3, 1629,918,14092
3, 1619,912,13980
3, 1618,912,13972
3, 1621,912,13964
3, 1619,912,13975
3, 1617,911,13957
3, 1615,909,13932
3, 1613,908,13914
3, 1612,908,13899
3, 1613,908,13899
PO4_08mgL_new1
Light Source Color - OFF,27/03/2024,17:05:59
4, 1614,909,13913
4, 111,182,229
4, 111,183,229
4, 111,182,229
4, 111,182,229
4, 111,182,229
4, 111,182,229
4, 111,182,229
4, 111,182,229
4, 111,182,229
4, 111,182,229
PO4_08mgL_new1
Light Source Color - GREEN,27/03/2024,17:06:11
5, 111,182,229
5, 7446,18906,2560
5, 7419,18847,2555
5, 7401,18811,2553
5, 7402,18815,2553
5, 7389,18775,2550
5, 7379,18756,2548
5, 7379,18769,2549
5, 7382,18780,2551
5, 7380,18774,2550
5, 7377,18761,2549
PO4_08mgL_new1
Light Source Color - OFF,27/03/2024,17:06:24
6, 7376,18767,2549
6, 111,182,229
6, 111,183,229
6, 111,183,229
6, 111,183,229
6, 111,183,229
6, 111,182,229
6, 111,182,229
6, 111,182,229
6, 111,182,229
6, 111,183,229
PO4_08mgL_new1
Light Source Color - BLUE,27/03/2024,17:06:36
7, 111,182,229
7, 30284,8917,584
7, 30271,8915,584
7, 30263,8912,584
7, 30259,8914,584
7, 30274,8918,584
7, 30264,8908,584
7, 30259,8911,584
7, 30244,8910,584
7, 30250,8917,584
7, 30251,8916,583
PO4_08mgL_new1
Light Source Color - OFF,27/03/2024,17:06:49
8, 30263,8915,584
8, 1036,450,240
8, 111,182,229
8, 111,182,229
8, 111,182,229
8, 111,182,229
8, 111,182,229
8, 111,182,229
8, 111,182,229
8, 111,182,229
8, 111,182,229
PO4_08mgL_new1
Light Source Color - WHITE,27/03/2024,17:07:01
9, 111,182,229
9, 37805,27597,16184
9, 37743,27521,16057
9, 37711,27486,16004
9, 37710,27462,15955
9, 37731,27452,15938
9, 37722,27405,15906
9, 37704,27406,15878
9, 37670,27381,15854
9, 37628,27353,15836
9, 37624,27346,15805
PO4_08mgL_new1
Light Source Color - OFF,27/03/2024,17:07:13
10, 37601,27327,15786
10, 111,182,228
10, 111,182,228
10, 111,182,229
10, 111,182,229
10, 111,182,229
10, 111,182,229
10, 111,182,229
10, 111,182,228
10, 111,182,228
10, 111,182,229
PO4_08mgL_new1
Light Source Color - RED,27/03/2024,17:07:26
11, 111,182,228
11, 1616,911,13956
11, 1612,908,13896
11, 1609,906,13862
11, 1605,904,13812
11, 1601,902,13775
11, 1597,901,13750
11, 1603,903,13785
11, 1604,903,13794
11, 1603,903,13787
11, 1603,902,13776
PO4_08mgL_new1
Light Source Color - OFF,27/03/2024,17:07:38
12, 1604,903,13782
12, 111,182,228
12, 111,182,229
12, 111,182,229
12, 111,182,229
12, 111,182,228
12, 111,182,228
12, 111,182,228
12, 111,182,228
12, 111,182,229
12, 111,182,229
PO4_08mgL_new1
Light Source Color - GREEN,27/03/2024,17:07:51
13, 111,182,229
13, 7414,18824,2550
13, 7391,18785,2547
13, 7377,18757,2545
13, 7363,18715,2542
13, 7358,18711,2542
13, 7359,18710,2542
13, 7360,18716,2543
13, 7355,18699,2543
13, 7351,18694,2542
13, 7351,18695,2542
PO4_08mgL_new1
Light Source Color - OFF,27/03/2024,17:08:03
14, 7347,18683,2542
14, 111,182,228
14, 111,182,228
14, 111,182,228
14, 111,182,228
14, 111,182,228
14, 111,182,228
14, 110,182,228
14, 111,182,228
14, 111,182,228
14, 111,182,228
PO4_08mgL_new1
Light Source Color - BLUE,27/03/2024,17:08:15
15, 111,182,228
15, 30186,8896,583
15, 30188,8897,583
15, 30180,8896,583
15, 30166,8894,583
15, 30194,8900,583
15, 30195,8902,583
15, 30201,8909,583
15, 30214,8907,583
15, 30192,8903,583
15, 30187,8896,583
PO4_08mgL_new1
Light Source Color - OFF,27/03/2024,17:08:28
