PO4_02mgL_uncover0
N,P,K
0, 115,188,233
0, 115,188,233
0, 115,188,233
0, 115,188,233
0, 115,188,233
0, 115,188,233
0, 115,188,233
0, 115,188,233
0, 115,188,233
0, 115,188,233
PO4_02mgL_uncover0
Light Source Color - WHITE,27/03/2024,15:45:31
1, 115,188,233
1, 49716,38569,28701
1, 49592,38452,28475
1, 49526,38369,28380
1, 49555,38357,28340
1, 49515,38314,28278
1, 49489,38274,28222
1, 49443,38232,28172
1, 49414,38209,28095
1, 49381,38174,28046
1, 49356,38152,28000
PO4_02mgL_uncover0
Light Source Color - OFF,27/03/2024,15:45:43
2, 47524,36728,26934
2, 115,188,233
2, 115,188,233
2, 115,188,233
2, 115,188,233
2, 115,188,233
2, 115,188,233
2, 115,188,233
2, 115,188,233
2, 115,188,233
2, 115,188,233
PO4_02mgL_uncover0
Light Source Color - RED,27/03/2024,15:45:55
3, 115,188,233
3, 2920,1508,25527
3, 2909,1501,25419
3, 2909,1501,25404
3, 2909,1500,25385
3, 2907,1500,25361
3, 2900,1496,25293
3, 2905,1498,25339
3, 2905,1497,25331
3, 2905,1497,25328
3, 2902,1496,25296
PO4_02mgL_uncover0
Light Source Color - OFF,27/03/2024,15:46:08
4, 2901,1496,25290
4, 115,188,233
4, 115,188,233
4, 115,188,233
4, 115,188,233
4, 115,188,233
4, 115,188,233
4, 115,188,233
4, 115,188,233
4, 115,188,233
4, 115,188,233
PO4_02mgL_uncover0
Light Source Color - GREEN,27/03/2024,15:46:20
5, 406,952,330
5, 10293,26950,3635
5, 10255,26872,3630
5, 10232,26823,3627
5, 10220,26801,3626
5, 10209,26779,3624
5, 10202,26762,3624
5, 10200,26762,3623
5, 10195,26748,3623
5, 10189,26738,3622
5, 10186,26731,3621
PO4_02mgL_uncover0
Light Source Color - OFF,27/03/2024,15:46:32
6, 10182,26717,3620
6, 115,188,233
6, 115,188,233
6, 115,188,233
6, 115,188,233
6, 115,188,233
6, 115,188,233
6, 115,188,233
6, 115,188,233
6, 115,188,233
6, 115,188,233
PO4_02mgL_uncover0
Light Source Color - BLUE,27/03/2024,15:46:45
7, 115,188,233
7, 38136,11317,685
7, 38133,11323,685
7, 38132,11324,685
7, 38121,11324,685
7, 38143,11331,685
7, 38135,11326,685
7, 38139,11328,685
7, 38136,11327,685
7, 38129,11325,685
7, 38106,11322,685
PO4_02mgL_uncover0
Light Source Color - OFF,27/03/2024,15:46:57
8, 38111,11323,685
8, 115,188,233
8, 115,188,233
8, 115,188,233
8, 115,188,233
8, 115,188,232
8, 115,188,233
8, 115,188,233
8, 115,188,233
8, 115,188,233
8, 115,188,233
PO4_02mgL_uncover0
Light Source Color - WHITE,27/03/2024,15:47:09
9, 115,188,233
9, 49389,38257,28257
9, 49386,38208,28150
9, 49309,38124,28022
9, 49247,38053,27922
9, 49202,38006,27850
9, 49161,37980,27807
9, 49109,37930,27761
9, 49094,37909,27697
9, 49072,37894,27682
9, 49125,37905,27652
PO4_02mgL_uncover0
Light Source Color - OFF,27/03/2024,15:47:22
10, 49092,37869,27567
10, 115,188,232
10, 115,188,232
10, 115,188,232
10, 115,188,232
10, 115,188,232
10, 115,188,232
10, 115,188,233
10, 115,188,232
10, 115,188,233
10, 115,188,232
PO4_02mgL_uncover0
Light Source Color - RED,27/03/2024,15:47:34
11, 115,188,232
11, 2885,1490,25177
11, 2884,1488,25138
11, 2880,1486,25092
11, 2877,1484,25068
11, 2874,1482,25037
11, 2873,1482,25014
11, 2873,1481,25015
11, 2872,1481,25005
11, 2871,1481,25011
11, 2871,1481,24994
PO4_02mgL_uncover0
Light Source Color - OFF,27/03/2024,15:47:46
12, 2871,1480,24976
12, 115,188,232
12, 115,188,232
12, 115,188,233
12, 115,188,233
12, 115,188,232
12, 115,188,232
12, 115,188,232
12, 115,188,232
12, 115,188,232
12, 115,188,233
PO4_02mgL_uncover0
Light Source Color - GREEN,27/03/2024,15:47:58
13, 115,188,233
13, 10210,26740,3610
13, 10175,26669,3606
13, 10157,26635,3604
13, 10149,26619,3604
13, 10138,26599,3602
13, 10133,26585,3601
13, 10125,26569,3600
13, 10124,26566,3600
13, 10119,26552,3599
13, 10118,26551,3599
PO4_02mgL_uncover0
Light Source Color - OFF,27/03/2024,15:48:11
14, 10112,26540,3598
14, 180,359,254
14, 115,188,232
14, 115,188,232
14, 115,188,232
14, 115,188,232
14, 115,188,232
14, 115,188,232
14, 115,188,232
14, 115,188,232
14, 115,188,232
PO4_02mgL_uncover0
Light Source Color - BLUE,27/03/2024,15:48:23
15, 115,188,232
15, 37977,11279,683
15, 37961,11278,683
15, 37990,11288,683
15, 37989,11287,683
15, 37985,11288,683
15, 37978,11287,683
15, 37972,11284,683
15, 37957,11283,683
15, 37958,11282,683
15, 37952,11282,683
PO4_02mgL_uncover0
Light Source Color - OFF,27/03/2024,15:48:35
