PO4_08mgL_cover0
N,P,K
0, 113,186,231
0, 113,186,231
0, 113,186,231
0, 113,186,231
0, 113,186,231
0, 113,186,231
0, 113,186,231
0, 113,186,231
0, 113,186,231
0, 113,186,231
PO4_08mgL_cover0
Light Source Color - WHITE,27/03/2024,16:10:08
1, 113,186,231
1, 54636,42482,29652
1, 54544,42379,29423
1, 54510,42324,29321
1, 54549,42312,29289
1, 54529,42281,29227
1, 54510,42249,29154
1, 54510,42237,29114
1, 54484,42221,29043
1, 54453,42187,29012
1, 54421,42161,28971
PO4_08mgL_cover0
Light Source Color - OFF,27/03/2024,16:10:20
2, 54472,42185,28971
2, 113,186,231
2, 113,186,231
2, 113,186,231
2, 113,186,231
2, 113,186,231
2, 113,186,231
2, 113,186,231
2, 113,186,231
2, 113,186,231
2, 113,186,231
PO4_08mgL_cover0
Light Source Color - RED,27/03/2024,16:10:32
3, 113,186,231
3, 2966,1564,26139
3, 2958,1559,26054
3, 2960,1559,26047
3, 2954,1556,26005
3, 2957,1557,25995
3, 2953,1555,25982
3, 2953,1555,25963
3, 2950,1554,25954
3, 2948,1553,25921
3, 2951,1553,25934
PO4_08mgL_cover0
Light Source Color - OFF,27/03/2024,16:10:45
4, 2944,1551,25889
4, 113,186,231
4, 113,186,231
4, 113,186,231
4, 113,186,231
4, 113,186,231
4, 113,186,231
4, 113,186,231
4, 113,186,231
4, 113,186,231
4, 113,186,231
PO4_08mgL_cover0
Light Source Color - GREEN,27/03/2024,16:10:57
5, 706,1742,431
5, 11384,29789,4039
5, 11337,29696,4035
5, 11320,29649,4032
5, 11303,29623,4030
5, 11302,29613,4032
5, 11291,29590,4028
5, 11288,29578,4031
5, 11280,29561,4028
5, 11276,29550,4029
5, 11270,29530,4028
PO4_08mgL_cover0
Light Source Color - OFF,27/03/2024,16:11:09
6, 11269,29533,4029
6, 113,186,231
6, 113,186,231
6, 113,186,231
6, 113,186,231
6, 113,186,231
6, 113,186,231
6, 113,186,231
6, 113,186,231
6, 113,186,231
6, 113,186,231
PO4_08mgL_cover0
Light Source Color - BLUE,27/03/2024,16:11:22
7, 113,186,231
7, 42407,12633,725
7, 42407,12638,725
7, 42419,12643,725
7, 42399,12637,725
7, 42432,12649,725
7, 42425,12647,725
7, 42438,12651,725
7, 42415,12647,725
7, 42380,12636,725
7, 42392,12641,725
PO4_08mgL_cover0
Light Source Color - OFF,27/03/2024,16:11:34
8, 42401,12645,725
8, 113,186,231
8, 113,186,231
8, 113,186,231
8, 113,186,231
8, 113,186,231
8, 113,186,231
8, 113,186,231
8, 113,186,231
8, 113,186,231
8, 113,186,231
PO4_08mgL_cover0
Light Source Color - WHITE,27/03/2024,16:11:46
9, 113,186,231
9, 54708,42324,29440
9, 54600,42191,29235
9, 54627,42188,29168
9, 54540,42096,29100
9, 54511,42048,29031
9, 54452,42004,28970
9, 54432,41971,28915
9, 54416,41943,28869
9, 54464,41955,28845
9, 54435,41923,28793
PO4_08mgL_cover0
Light Source Color - OFF,27/03/2024,16:11:58
10, 54404,41894,28775
10, 113,186,231
10, 113,186,231
10, 113,186,231
10, 113,186,231
10, 113,186,231
10, 113,186,231
10, 113,186,231
10, 113,186,231
10, 113,186,231
10, 113,186,231
PO4_08mgL_cover0
Light Source Color - RED,27/03/2024,16:12:11
11, 113,186,231
11, 2765,1467,24289
11, 2952,1555,25936
11, 2949,1552,25896
11, 2943,1549,25843
11, 2943,1549,25837
11, 2942,1548,25834
11, 2943,1547,25834
11, 2937,1545,25783
11, 2938,1544,25759
11, 2943,1548,25815
PO4_08mgL_cover0
Light Source Color - OFF,27/03/2024,16:12:23
12, 2944,1549,25816
12, 113,186,231
12, 113,186,231
12, 113,186,231
12, 113,186,231
12, 113,186,231
12, 113,186,231
12, 113,186,231
12, 113,186,231
12, 113,186,231
12, 113,186,231
PO4_08mgL_cover0
Light Source Color - GREEN,27/03/2024,16:12:35
13, 113,186,231
13, 11301,29490,4027
13, 11263,29417,4024
13, 11244,29380,4022
13, 11222,29330,4018
13, 11214,29320,4017
13, 11212,29310,4017
13, 11206,29291,4016
13, 11207,29298,4018
13, 11202,29293,4017
13, 11206,29300,4018
PO4_08mgL_cover0
Light Source Color - OFF,27/03/2024,16:12:48
14, 11152,29158,4000
14, 113,186,231
14, 113,186,231
14, 113,186,231
14, 113,186,231
14, 113,186,231
14, 113,186,231
14, 113,186,231
14, 113,186,231
14, 113,186,231
14, 113,186,231
PO4_08mgL_cover0
Light Source Color - BLUE,27/03/2024,16:13:00
15, 113,186,231
15, 42422,12647,725
15, 42394,12646,725
15, 42422,12656,725
15, 42437,12659,725
15, 42423,12658,725
15, 42371,12649,725
15, 42404,12657,725
15, 42422,12658,725
15, 42425,12662,725
15, 42458,12671,725
PO4_08mgL_cover0
Light Source Color - OFF,27/03/2024,16:13:12
