PO4_06mgL_cover1
N,P,K
0, 108,179,222
0, 108,179,222
0, 108,179,222
0, 108,179,222
0, 108,179,222
0, 108,179,222
0, 108,179,222
0, 108,179,222
0, 108,179,222
0, 108,179,222
PO4_06mgL_cover1
Light Source Color - WHITE,27/03/2024,16:01:23
1, 108,179,222
1, 25130,17220,6795
1, 25068,17169,6743
1, 25033,17134,6716
1, 25059,17133,6705
1, 25039,17109,6685
1, 25021,17093,6673
1, 25002,17079,6660
1, 24983,17061,6644
1, 24969,17050,6632
1, 24954,17038,6623
PO4_06mgL_cover1
Light Source Color - OFF,27/03/2024,16:01:35
2, 24977,17039,6617
2, 108,179,222
2, 108,179,222
2, 108,179,222
2, 108,179,222
2, 108,179,222
2, 108,179,222
2, 108,179,222
2, 108,179,222
2, 108,179,222
2, 108,179,222
PO4_06mgL_cover1
Light Source Color - RED,27/03/2024,16:01:47
3, 108,179,222
3, 651,450,5379
3, 650,449,5359
3, 649,449,5353
3, 649,449,5347
3, 648,448,5339
3, 648,448,5336
3, 648,448,5334
3, 647,448,5331
3, 647,448,5330
3, 647,448,5323
PO4_06mgL_cover1
Light Source Color - OFF,27/03/2024,16:02:00
4, 647,448,5324
4, 108,179,222
4, 108,179,222
4, 108,179,222
4, 108,179,222
4, 108,179,222
4, 108,179,222
4, 108,179,222
4, 108,179,222
4, 108,179,222
4, 108,179,222
PO4_06mgL_cover1
Light Source Color - GREEN,27/03/2024,16:02:12
5, 367,848,300
5, 4440,11388,1535
5, 4423,11350,1533
5, 4415,11331,1532
5, 4408,11319,1531
5, 4404,11311,1531
5, 4401,11304,1530
5, 4399,11300,1529
5, 4398,11297,1529
5, 4395,11288,1529
5, 4394,11287,1529
PO4_06mgL_cover1
Light Source Color - OFF,27/03/2024,16:02:24
6, 4392,11283,1528
6, 108,179,222
6, 108,179,222
6, 108,179,222
6, 108,179,222
6, 108,179,222
6, 108,179,222
6, 108,179,222
6, 108,179,222
6, 108,179,222
6, 108,179,222
PO4_06mgL_cover1
Light Source Color - BLUE,27/03/2024,16:02:37
7, 108,179,222
7, 20941,6099,462
7, 20932,6099,462
7, 20941,6102,462
7, 20939,6103,462
7, 20951,6106,462
7, 20944,6103,462
7, 20937,6102,462
7, 20940,6103,462
7, 20933,6101,462
7, 20925,6099,462
PO4_06mgL_cover1
Light Source Color - OFF,27/03/2024,16:02:49
8, 20938,6103,462
8, 108,179,222
8, 108,179,222
8, 108,179,222
8, 108,179,222
8, 108,179,222
8, 108,179,222
8, 108,179,222
8, 108,179,222
8, 108,179,222
8, 108,179,222
PO4_06mgL_cover1
Light Source Color - WHITE,27/03/2024,16:03:01
9, 108,179,222
9, 24919,17042,6652
9, 24870,16993,6601
9, 24885,16984,6589
9, 24857,16957,6567
9, 24832,16937,6548
9, 24814,16919,6538
9, 24803,16904,6525
9, 24778,16889,6512
9, 24795,16890,6509
9, 24778,16877,6497
PO4_06mgL_cover1
Light Source Color - OFF,27/03/2024,16:03:14
10, 24770,16864,6486
10, 108,179,222
10, 108,179,222
10, 108,179,222
10, 108,179,222
10, 108,179,222
10, 108,179,222
10, 108,179,222
10, 108,179,222
10, 108,179,222
10, 108,179,222
PO4_06mgL_cover1
Light Source Color - RED,27/03/2024,16:03:26
11, 108,179,222
11, 639,444,5261
11, 638,444,5249
11, 638,443,5239
11, 637,443,5232
11, 637,443,5228
11, 636,442,5224
11, 636,442,5220
11, 636,442,5220
11, 635,442,5213
11, 635,442,5210
PO4_06mgL_cover1
Light Source Color - OFF,27/03/2024,16:03:38
12, 635,442,5212
12, 108,179,222
12, 108,179,222
12, 108,179,222
12, 108,179,222
12, 108,179,222
12, 108,179,222
12, 108,179,222
12, 108,179,222
12, 108,179,222
12, 108,179,222
PO4_06mgL_cover1
Light Source Color - GREEN,27/03/2024,16:03:50
13, 108,179,222
13, 4392,11261,1520
13, 4376,11228,1518
13, 4369,11212,1517
13, 4363,11201,1516
13, 4358,11190,1516
13, 4358,11188,1516
13, 4356,11184,1515
13, 4352,11177,1515
13, 4350,11170,1514
13, 4348,11167,1514
PO4_06mgL_cover1
Light Source Color - OFF,27/03/2024,16:04:03
14, 4347,11165,1514
14, 310,703,284
14, 108,179,222
14, 108,179,222
14, 108,179,222
14, 108,179,222
14, 108,179,222
14, 108,179,222
14, 108,179,222
14, 108,179,222
14, 108,179,222
PO4_06mgL_cover1
Light Source Color - BLUE,27/03/2024,16:04:15
15, 108,179,222
15, 20810,6063,460
15, 20810,6065,460
15, 20809,6066,460
15, 20815,6069,461
15, 20816,6069,461
15, 20804,6065,461
15, 20804,6065,460
15, 20804,6065,460
15, 20799,6064,460
15, 20808,6067,461
PO4_06mgL_cover1
Light Source Color - OFF,27/03/2024,16:04:27
