PO4_10mgL_cover0
N,P,K
0, 112,184,228
0, 112,184,228
0, 112,184,228
0, 112,184,228
0, 112,184,228
0, 112,184,228
0, 112,184,228
0, 112,184,228
0, 112,184,228
0, 112,184,228
PO4_10mgL_cover0
Light Source Color - WHITE,27/03/2024,16:22:28
1, 112,184,228
1, 44777,34545,22727
1, 44674,34428,22561
1, 44627,34373,22473
1, 44649,34368,22449
1, 44606,34324,22390
1, 44590,34302,22344
1, 44558,34267,22308
1, 44514,34233,22287
1, 44491,34202,22234
1, 44467,34184,22210
PO4_10mgL_cover0
Light Source Color - OFF,27/03/2024,16:22:40
2, 44495,34191,22198
2, 112,184,228
2, 112,184,228
2, 112,184,228
2, 112,184,228
2, 112,184,228
2, 112,183,228
2, 112,184,228
2, 112,184,228
2, 112,184,228
2, 112,184,228
PO4_10mgL_cover0
Light Source Color - RED,27/03/2024,16:22:52
3, 112,184,228
3, 2270,1188,19929
3, 2264,1185,19855
3, 2263,1185,19840
3, 2261,1184,19818
3, 2259,1183,19801
3, 2259,1182,19791
3, 2258,1182,19788
3, 2258,1182,19775
3, 2259,1182,19782
3, 2258,1181,19766
PO4_10mgL_cover0
Light Source Color - OFF,27/03/2024,16:23:05
4, 2258,1181,19770
4, 112,184,228
4, 112,184,228
4, 112,184,228
4, 112,184,228
4, 112,184,228
4, 112,184,228
4, 112,184,228
4, 112,184,228
4, 112,184,228
4, 112,184,228
PO4_10mgL_cover0
Light Source Color - GREEN,27/03/2024,16:23:17
5, 737,1830,433
5, 9217,24183,3224
5, 9181,24113,3219
5, 9164,24073,3217
5, 9152,24047,3216
5, 9145,24035,3215
5, 9139,24022,3214
5, 9137,24023,3214
5, 9132,24013,3213
5, 9127,24004,3212
5, 9126,23999,3213
PO4_10mgL_cover0
Light Source Color - OFF,27/03/2024,16:23:29
6, 9126,24001,3213
6, 112,184,228
6, 112,184,228
6, 112,184,228
6, 112,184,228
6, 112,184,228
6, 112,184,228
6, 112,184,228
6, 112,184,228
6, 112,184,228
6, 112,184,228
PO4_10mgL_cover0
Light Source Color - BLUE,27/03/2024,16:23:42
7, 112,184,228
7, 34902,10385,639
7, 34896,10388,639
7, 34896,10391,639
7, 34878,10387,639
7, 34887,10390,639
7, 34892,10391,639
7, 34897,10393,639
7, 34902,10394,639
7, 34897,10393,639
7, 34896,10394,639
PO4_10mgL_cover0
Light Source Color - OFF,27/03/2024,16:23:54
8, 34917,10399,639
8, 112,184,228
8, 112,184,228
8, 112,184,228
8, 112,184,228
8, 112,184,228
8, 112,184,228
8, 112,184,228
8, 112,184,228
8, 112,184,228
8, 112,184,228
PO4_10mgL_cover0
Light Source Color - WHITE,27/03/2024,16:24:06
9, 112,184,228
9, 44674,34444,22603
9, 44587,34354,22446
9, 44602,34335,22392
9, 44545,34274,22342
9, 44515,34245,22286
9, 44492,34212,22248
9, 44470,34190,22208
9, 44448,34167,22180
9, 44472,34158,22166
9, 44456,34137,22129
PO4_10mgL_cover0
Light Source Color - OFF,27/03/2024,16:24:19
10, 44421,34115,22099
10, 112,184,228
10, 112,184,228
10, 112,184,228
10, 112,184,228
10, 112,184,228
10, 112,184,228
10, 112,184,228
10, 112,184,228
10, 112,184,228
10, 112,184,228
PO4_10mgL_cover0
Light Source Color - RED,27/03/2024,16:24:31
11, 112,184,228
11, 2257,1182,19806
11, 2255,1181,19782
11, 2255,1179,19752
11, 2253,1179,19733
11, 2252,1178,19716
11, 2252,1178,19716
11, 2252,1178,19704
11, 2251,1177,19703
11, 2251,1177,19708
11, 2250,1177,19701
PO4_10mgL_cover0
Light Source Color - OFF,27/03/2024,16:24:43
12, 2251,1177,19692
12, 112,184,228
12, 112,184,228
12, 112,184,228
12, 112,184,228
12, 112,184,228
12, 112,184,228
12, 112,184,228
12, 112,184,228
12, 112,184,228
12, 112,184,228
PO4_10mgL_cover0
Light Source Color - GREEN,27/03/2024,16:24:55
13, 112,184,228
13, 9192,24138,3220
13, 9161,24077,3216
13, 9142,24037,3214
13, 9132,24012,3212
13, 9126,23997,3211
13, 9119,23980,3210
13, 9113,23970,3210
13, 9112,23969,3209
13, 9108,23961,3209
13, 9108,23961,3208
PO4_10mgL_cover0
Light Source Color - OFF,27/03/2024,16:25:08
14, 9106,23961,3208
14, 377,886,316
14, 112,184,228
14, 112,184,228
14, 112,184,228
14, 112,184,228
14, 112,184,228
14, 112,184,228
14, 112,184,228
14, 112,184,228
14, 112,184,228
PO4_10mgL_cover0
Light Source Color - BLUE,27/03/2024,16:25:20
15, 112,184,228
15, 34866,10381,639
15, 34861,10385,639
15, 34871,10387,639
15, 34882,10390,639
15, 34886,10390,639
15, 34871,10389,639
15, 34859,10387,639
15, 34875,10390,639
15, 34876,10391,639
15, 34887,10394,639
PO4_10mgL_cover0
Light Source Color - OFF,27/03/2024,16:25:32
