PO4_08mgL_cover1
N,P,K
0, 113,186,231
0, 113,186,231
0, 113,186,231
0, 113,186,231
0, 113,186,231
0, 113,186,231
0, 113,186,231
0, 113,186,231
0, 113,186,231
0, 113,186,231
PO4_08mgL_cover1
Light Source Color - WHITE,27/03/2024,16:10:08
1, 113,186,231
1, 54852,42378,29637
1, 54763,42268,29403
1, 54693,42194,29362
1, 54731,42182,29323
1, 54690,42131,29255
1, 54659,42087,29187
1, 54611,42052,29111
1, 54571,41987,29075
1, 54538,41974,29008
1, 54509,41954,28978
PO4_08mgL_cover1
Light Source Color - OFF,27/03/2024,16:10:20
2, 54562,41965,28967
2, 113,186,231
2, 113,186,231
2, 113,186,231
2, 113,186,231
2, 113,186,231
2, 113,186,231
2, 113,186,231
2, 113,186,231
2, 113,186,231
2, 113,186,231
PO4_08mgL_cover1
Light Source Color - RED,27/03/2024,16:10:32
3, 113,186,231
3, 2967,1566,26128
3, 2958,1560,26027
3, 2956,1560,26007
3, 2954,1557,25957
3, 2954,1557,25956
3, 2953,1557,25962
3, 2953,1556,25948
3, 2952,1555,25925
3, 2952,1556,25920
3, 2951,1554,25908
PO4_08mgL_cover1
Light Source Color - OFF,27/03/2024,16:10:45
4, 2949,1554,25898
4, 113,186,231
4, 113,186,231
4, 113,186,231
4, 113,186,231
4, 113,186,231
4, 113,186,231
4, 113,186,231
4, 113,186,231
4, 113,186,231
4, 113,186,231
PO4_08mgL_cover1
Light Source Color - GREEN,27/03/2024,16:10:57
5, 113,186,231
5, 11321,29502,4028
5, 11282,29427,4022
5, 11260,29376,4019
5, 11244,29346,4017
5, 11236,29334,4016
5, 11234,29324,4017
5, 11229,29318,4016
5, 11216,29291,4015
5, 11220,29301,4016
5, 11213,29286,4015
PO4_08mgL_cover1
Light Source Color - OFF,27/03/2024,16:11:09
6, 11214,29286,4016
6, 113,186,231
6, 113,186,231
6, 113,186,231
6, 113,186,231
6, 113,186,231
6, 113,186,231
6, 113,186,231
6, 113,186,231
6, 113,186,231
6, 113,186,231
PO4_08mgL_cover1
Light Source Color - BLUE,27/03/2024,16:11:22
7, 113,186,231
7, 42574,12695,725
7, 42529,12687,725
7, 42557,12695,725
7, 42560,12699,725
7, 42564,12700,725
7, 42557,12700,725
7, 42554,12699,725
7, 42556,12702,725
7, 42557,12699,725
7, 42578,12706,725
PO4_08mgL_cover1
Light Source Color - OFF,27/03/2024,16:11:34
8, 42552,12709,725
8, 113,186,231
8, 113,186,231
8, 113,186,231
8, 113,186,231
8, 113,186,231
8, 113,186,231
8, 113,186,231
8, 113,186,231
8, 113,186,231
8, 113,186,231
PO4_08mgL_cover1
Light Source Color - WHITE,27/03/2024,16:11:46
9, 113,186,231
9, 54802,42218,29357
9, 54761,42164,29243
9, 54693,42068,29112
9, 54671,42030,29013
9, 54621,41977,28949
9, 54557,41930,28888
9, 54520,41888,28821
9, 54534,41874,28782
9, 54588,41887,28776
9, 54553,41858,28706
PO4_08mgL_cover1
Light Source Color - OFF,27/03/2024,16:11:58
10, 54527,41833,28694
10, 113,186,231
10, 113,186,231
10, 113,185,231
10, 113,186,231
10, 113,186,231
10, 113,186,231
10, 113,186,231
10, 113,186,231
10, 113,186,231
10, 113,186,231
PO4_08mgL_cover1
Light Source Color - RED,27/03/2024,16:12:11
11, 113,186,231
11, 2954,1558,25987
11, 2944,1550,25851
11, 2939,1547,25781
11, 2937,1546,25770
11, 2936,1545,25751
11, 2936,1545,25752
11, 2936,1545,25744
11, 2936,1544,25731
11, 2937,1545,25748
11, 2936,1544,25728
PO4_08mgL_cover1
Light Source Color - OFF,27/03/2024,16:12:23
12, 2935,1544,25724
12, 113,186,231
12, 113,186,231
12, 113,186,231
12, 113,186,231
12, 113,186,231
12, 113,186,231
12, 113,186,231
12, 113,186,231
12, 113,186,231
12, 113,186,231
PO4_08mgL_cover1
Light Source Color - GREEN,27/03/2024,16:12:35
13, 113,186,231
13, 11271,29393,4020
13, 11237,29326,4016
13, 11216,29282,4014
13, 11207,29272,4014
13, 11203,29259,4013
13, 11190,29232,4010
13, 11185,29221,4009
13, 11183,29226,4011
13, 11180,29213,4009
13, 11178,29214,4010
PO4_08mgL_cover1
Light Source Color - OFF,27/03/2024,16:12:48
14, 10511,27465,3783
14, 113,186,231
14, 113,186,231
14, 113,186,231
14, 113,186,231
14, 113,186,231
14, 113,186,231
14, 113,186,231
14, 113,186,231
14, 113,186,231
14, 113,186,231
PO4_08mgL_cover1
Light Source Color - BLUE,27/03/2024,16:13:00
15, 113,186,231
15, 42578,12727,725
15, 42592,12733,725
15, 42614,12741,725
15, 42606,12738,725
15, 42608,12740,725
15, 42600,12740,725
15, 42579,12738,725
15, 42573,12734,725
15, 42616,12745,725
15, 42617,12748,726
PO4_08mgL_cover1
Light Source Color - OFF,27/03/2024,16:13:12
