PO4_2mgL_0
N,P,K
0, 111,183,226
0, 1146,2853,574
0, 1144,2849,574
0, 1142,2846,574
0, 1142,2844,573
0, 1141,2843,573
0, 1141,2843,574
0, 1141,2843,573
0, 1140,2841,573
0, 1140,2840,573
0, 1140,2841,573
0, 1141,2841,573
0, 1140,2840,573
0, 1139,2839,573
0, 1139,2838,573
0, 1140,2839,573
PO4_2mgL_0
Light Source Color - WHITE,27/03/2024,14:06:46
1, 1139,2839,573
1, 39450,29299,18191
1, 40513,30002,18535
1, 40449,29936,18456
1, 40400,29888,18399
1, 40366,29859,18346
1, 40394,29854,18330
1, 40376,29827,18301
1, 40349,29804,18259
1, 40315,29776,18234
1, 40298,29755,18205
1, 40273,29734,18173
1, 40294,29733,18160
1, 40272,29713,18135
1, 40248,29691,18106
1, 40218,29673,18085
1, 40191,29652,18058
PO4_2mgL_0
Light Source Color - OFF,27/03/2024,14:07:05
2, 40215,29652,18046
2, 111,182,225
2, 111,182,225
2, 111,182,225
2, 111,182,225
2, 111,182,225
2, 111,182,226
2, 111,182,225
2, 111,182,225
2, 111,182,225
2, 111,182,225
2, 111,182,225
2, 111,182,225
2, 111,182,225
2, 111,182,225
2, 111,182,225
2, 111,182,225
PO4_2mgL_0
Light Source Color - RED,27/03/2024,14:07:23
3, 111,182,226
3, 1830,1001,16142
3, 1823,997,16053
3, 1822,995,16023
3, 1820,995,16005
3, 1820,994,15999
3, 1819,994,15993
3, 1818,993,15977
3, 1817,993,15971
3, 1816,992,15958
3, 1816,992,15956
3, 1815,992,15949
3, 1815,992,15946
3, 1814,991,15935
3, 1814,991,15940
3, 1813,991,15933
3, 1813,990,15918
PO4_2mgL_0
Light Source Color - OFF,27/03/2024,14:07:42
4, 1812,990,15917
4, 111,182,225
4, 111,182,225
4, 111,182,225
4, 111,182,226
4, 111,182,225
4, 111,182,226
4, 111,182,226
4, 111,182,225
4, 111,182,226
4, 111,182,226
4, 111,182,226
4, 111,182,226
4, 111,182,226
4, 111,182,226
4, 111,182,226
4, 111,182,226
PO4_2mgL_0
Light Source Color - GREEN,27/03/2024,14:08:01
5, 111,182,226
5, 7935,20553,2739
5, 7910,20503,2736
5, 7905,20492,2735
5, 7892,20466,2734
5, 7884,20448,2733
5, 7879,20439,2732
5, 7873,20424,2731
5, 7871,20420,2731
5, 7869,20416,2731
5, 7865,20408,2730
5, 7863,20400,2729
5, 7859,20392,2729
5, 7858,20393,2729
5, 7857,20389,2728
5, 7853,20379,2727
5, 7851,20371,2727
PO4_2mgL_0
Light Source Color - OFF,27/03/2024,14:08:19
6, 7849,20368,2726
6, 838,2079,460
6, 111,182,225
6, 111,182,225
6, 111,182,225
6, 111,182,225
6, 111,182,225
6, 111,182,225
6, 111,182,226
6, 111,182,226
6, 111,182,225
6, 111,182,225
6, 111,182,226
6, 111,182,226
6, 111,182,225
6, 111,182,225
6, 111,182,225
PO4_2mgL_0
Light Source Color - BLUE,27/03/2024,14:08:38
7, 1584,607,243
7, 32057,9413,598
7, 32046,9415,598
7, 32051,9417,598
7, 32045,9417,598
7, 32038,9415,598
7, 32057,9420,598
7, 32045,9417,598
7, 32039,9416,598
7, 32032,9415,598
7, 32024,9414,598
7, 32038,9418,598
7, 32030,9414,598
7, 32029,9414,598
7, 32023,9412,598
7, 32017,9412,598
7, 32036,9417,598
PO4_2mgL_0
Light Source Color - OFF,27/03/2024,14:08:56
8, 32030,9415,598
8, 111,182,225
8, 111,182,225
8, 111,182,225
8, 111,182,225
8, 111,182,225
8, 111,182,225
8, 111,182,225
8, 111,182,225
8, 111,182,225
8, 111,182,225
8, 111,182,225
8, 111,182,225
8, 111,182,225
8, 111,182,225
8, 111,182,225
8, 111,182,225
PO4_2mgL_0
Light Source Color - WHITE,27/03/2024,14:09:15
9, 111,182,225
9, 40198,29720,18227
9, 40108,29625,18089
9, 40120,29606,18052
9, 40083,29561,17987
9, 40036,29522,17946
9, 39997,29491,17909
9, 39968,29464,17875
9, 39935,29436,17840
9, 39971,29437,17825
9, 39947,29415,17800
9, 39924,29400,17775
9, 39910,29382,17749
9, 39892,29366,17718
9, 39910,29366,17706
9, 39898,29345,17689
9, 39874,29330,17657
PO4_2mgL_0
Light Source Color - OFF,27/03/2024,14:09:34
10, 39841,29312,17638
10, 111,182,225
10, 111,182,225
10, 111,182,225
10, 111,182,225
10, 111,182,225
10, 111,182,225
10, 111,182,225
10, 111,182,225
10, 111,182,225
10, 111,182,225
10, 111,182,225
10, 111,182,225
10, 111,182,225
10, 111,182,225
10, 111,182,225
10, 111,182,225
PO4_2mgL_0
Light Source Color - RED,27/03/2024,14:09:53
11, 111,182,225
11, 1792,982,15755
11, 1789,980,15723
11, 1787,979,15687
11, 1786,977,15668
11, 1785,977,15662
11, 1783,977,15645
11, 1783,976,15642
11, 1783,976,15634
11, 1781,975,15629
11, 1780,975,15618
11, 1781,975,15619
11, 1780,975,15620
11, 1780,975,15611
11, 1779,974,15602
11, 1779,974,15593
11, 1778,973,15587
PO4_2mgL_0
Light Source Color - OFF,27/03/2024,14:10:11
12, 1691,932,15586
12, 111,182,225
12, 111,182,225
12, 111,182,225
12, 111,182,225
12, 111,182,225
12, 111,182,225
12, 111,182,225
12, 111,182,225
12, 111,182,225
12, 111,182,225
12, 111,182,225
12, 111,182,225
12, 111,182,225
12, 111,182,225
12, 111,182,225
12, 111,182,225
PO4_2mgL_0
Light Source Color - GREEN,27/03/2024,14:10:30
13, 111,182,225
13, 7864,20358,2713
13, 7835,20299,2710
13, 7819,20265,2708
13, 7810,20248,2706
13, 7807,20241,2706
13, 7801,20231,2705
13, 7797,20223,2704
13, 7793,20212,2704
13, 7789,20205,2704
13, 7789,20203,2704
13, 7786,20198,2703
13, 7783,20192,2703
13, 7781,20186,2702
13, 7779,20184,2702
13, 7779,20182,2702
13, 7776,20180,2701
PO4_2mgL_0
Light Source Color - OFF,27/03/2024,14:10:48
14, 7774,20171,2701
14, 111,182,225
