PO4_10mgL_0
N,P,K
0, 109,180,223
0, 109,180,223
0, 109,180,223
0, 109,180,223
0, 109,180,223
0, 109,180,223
0, 109,180,223
0, 109,180,223
0, 109,180,223
0, 109,180,223
PO4_10mgL_0
Light Source Color - WHITE,27/03/2024,14:42:48
1, 109,180,223
1, 26910,18086,7639
1, 26909,18066,7605
1, 26875,18029,7569
1, 26854,18003,7545
1, 26828,17983,7525
1, 26804,17967,7509
1, 26795,17952,7494
1, 26815,17954,7488
1, 26802,17942,7476
1, 26780,17928,7461
PO4_10mgL_0
Light Source Color - OFF,27/03/2024,14:43:00
2, 26769,17916,7450
2, 109,180,223
2, 109,180,223
2, 109,180,223
2, 109,180,223
2, 109,180,223
2, 109,180,223
2, 109,180,223
2, 109,180,223
2, 109,180,223
2, 109,180,223
PO4_10mgL_0
Light Source Color - RED,27/03/2024,14:43:12
3, 109,180,223
3, 755,496,6209
3, 753,495,6179
3, 752,494,6169
3, 752,494,6166
3, 752,494,6162
3, 752,494,6160
3, 751,494,6158
3, 751,494,6155
3, 749,493,6135
3, 749,493,6135
PO4_10mgL_0
Light Source Color - OFF,27/03/2024,14:43:24
4, 750,493,6147
4, 109,180,223
4, 109,180,223
4, 109,180,223
4, 109,180,223
4, 109,180,223
4, 109,180,223
4, 109,180,223
4, 109,180,223
4, 109,180,223
4, 109,180,223
PO4_10mgL_0
Light Source Color - GREEN,27/03/2024,14:43:36
5, 109,180,223
5, 4649,11806,1589
5, 4633,11772,1587
5, 4623,11751,1586
5, 4617,11740,1585
5, 4614,11733,1585
5, 4613,11730,1584
5, 4610,11723,1584
5, 4608,11719,1583
5, 4606,11714,1583
5, 4604,11711,1583
PO4_10mgL_0
Light Source Color - OFF,27/03/2024,14:43:48
6, 4604,11711,1583
6, 109,180,223
6, 109,180,223
6, 109,180,223
6, 109,180,223
6, 109,180,223
6, 109,180,223
6, 109,180,223
6, 109,180,223
6, 109,180,223
6, 109,180,223
PO4_10mgL_0
Light Source Color - BLUE,27/03/2024,14:44:01
7, 109,180,223
7, 21326,6239,468
7, 22601,6606,483
7, 22600,6607,483
7, 22594,6605,483
7, 22590,6605,483
7, 22583,6603,483
7, 22592,6606,483
7, 22592,6606,483
7, 22588,6606,483
7, 22582,6603,483
PO4_10mgL_0
Light Source Color - OFF,27/03/2024,14:44:13
8, 22581,6604,483
8, 2522,869,251
8, 109,180,223
8, 109,180,223
8, 109,180,223
8, 109,180,223
8, 109,180,223
8, 109,180,223
8, 109,180,223
8, 109,180,223
8, 109,180,223
PO4_10mgL_0
Light Source Color - WHITE,27/03/2024,14:44:25
9, 109,180,223
9, 26826,18011,7562
9, 26824,17992,7530
9, 26807,17962,7495
9, 26777,17931,7470
9, 26754,17911,7451
9, 26734,17895,7436
9, 26714,17878,7421
9, 26731,17880,7414
9, 26720,17868,7402
9, 26707,17857,7391
PO4_10mgL_0
Light Source Color - OFF,27/03/2024,14:44:37
10, 26691,17845,7381
10, 109,180,223
10, 109,180,223
10, 109,180,223
10, 109,180,223
10, 109,180,223
10, 109,180,223
10, 109,180,223
10, 109,180,223
10, 109,180,223
10, 109,180,223
PO4_10mgL_0
Light Source Color - RED,27/03/2024,14:44:49
11, 109,180,223
11, 750,493,6152
11, 747,492,6120
11, 746,491,6107
11, 746,491,6103
11, 745,491,6098
11, 745,490,6092
11, 745,491,6095
11, 745,490,6093
11, 745,490,6090
11, 745,490,6090
PO4_10mgL_0
Light Source Color - OFF,27/03/2024,14:45:01
12, 744,490,6086
12, 109,180,223
12, 109,180,223
12, 109,180,223
12, 109,180,223
12, 109,180,223
12, 109,180,223
12, 109,180,223
12, 109,180,223
12, 109,180,223
12, 109,180,223
PO4_10mgL_0
Light Source Color - GREEN,27/03/2024,14:45:14
13, 109,180,223
13, 4628,11749,1582
13, 4611,11715,1580
13, 4602,11696,1578
13, 4596,11684,1577
13, 4593,11676,1577
13, 4591,11673,1577
13, 4588,11665,1576
13, 4587,11662,1576
13, 4586,11659,1576
13, 4584,11655,1576
PO4_10mgL_0
Light Source Color - OFF,27/03/2024,14:45:26
14, 4583,11656,1576
14, 109,180,223
14, 109,180,223
14, 109,180,223
14, 109,180,223
14, 109,180,223
14, 109,180,223
14, 109,180,223
14, 109,180,223
14, 109,180,223
14, 109,180,223
PO4_10mgL_0
Light Source Color - BLUE,27/03/2024,14:45:38
15, 109,180,223
15, 20534,6014,459
15, 22528,6587,483
15, 22537,6590,483
15, 22522,6586,483
15, 22530,6590,483
15, 22527,6589,482
15, 22537,6591,483
15, 22533,6591,483
15, 22529,6589,483
15, 22523,6587,482
PO4_10mgL_0
Light Source Color - OFF,27/03/2024,14:45:50
