PO4_6mgL_0
N,P,K
0, 110,181,225
0, 110,181,224
0, 110,181,224
0, 110,181,224
0, 110,181,224
0, 110,181,224
0, 110,181,224
0, 110,181,224
0, 110,181,224
0, 110,181,224
PO4_6mgL_0
Light Source Color - WHITE,27/03/2024,14:28:11
1, 110,181,224
1, 30379,21913,10763
1, 30380,21889,10722
1, 30342,21841,10673
1, 30314,21806,10637
1, 30283,21780,10608
1, 30259,21758,10582
1, 30240,21738,10557
1, 30263,21739,10547
1, 30245,21721,10532
1, 30225,21706,10518
PO4_6mgL_0
Light Source Color - OFF,27/03/2024,14:28:23
2, 30211,21691,10502
2, 110,181,224
2, 110,181,224
2, 110,181,224
2, 110,181,224
2, 110,181,224
2, 110,181,224
2, 110,181,224
2, 110,181,224
2, 110,181,224
2, 110,181,224
PO4_6mgL_0
Light Source Color - RED,27/03/2024,14:28:35
3, 110,181,224
3, 1050,635,8950
3, 1047,633,8911
3, 1046,633,8903
3, 1045,632,8891
3, 1044,632,8885
3, 1044,631,8876
3, 1043,631,8871
3, 1042,631,8863
3, 1042,630,8856
3, 1042,630,8856
PO4_6mgL_0
Light Source Color - OFF,27/03/2024,14:28:47
4, 1042,630,8852
4, 110,181,224
4, 110,181,224
4, 110,181,224
4, 110,181,224
4, 110,181,224
4, 110,181,224
4, 110,181,224
4, 110,181,224
4, 110,181,224
4, 110,181,224
PO4_6mgL_0
Light Source Color - GREEN,27/03/2024,14:28:59
5, 110,181,224
5, 5869,14860,2000
5, 5851,14824,1997
5, 5841,14802,1996
5, 5838,14795,1996
5, 5832,14784,1995
5, 5827,14774,1994
5, 5822,14764,1993
5, 5818,14751,1992
5, 5816,14747,1992
5, 5815,14748,1992
PO4_6mgL_0
Light Source Color - OFF,27/03/2024,14:29:11
6, 5815,14745,1992
6, 110,181,224
6, 110,181,224
6, 110,181,224
6, 110,181,224
6, 110,181,224
6, 110,181,224
6, 110,181,224
6, 110,181,224
6, 110,181,224
6, 110,181,224
PO4_6mgL_0
Light Source Color - BLUE,27/03/2024,14:29:23
7, 110,181,224
7, 24583,7250,508
7, 24581,7254,508
7, 24577,7254,508
7, 24586,7257,508
7, 24587,7258,508
7, 24584,7256,508
7, 24577,7254,508
7, 24571,7254,508
7, 24568,7254,508
7, 24581,7257,508
PO4_6mgL_0
Light Source Color - OFF,27/03/2024,14:29:35
8, 24573,7255,508
8, 110,181,224
8, 110,181,224
8, 110,181,224
8, 110,181,224
8, 110,181,224
8, 110,181,224
8, 110,181,224
8, 110,181,224
8, 110,181,224
8, 110,181,224
PO4_6mgL_0
Light Source Color - WHITE,27/03/2024,14:29:48
9, 110,181,224
9, 30235,21755,10592
9, 30160,21680,10500
9, 30116,21636,10452
9, 30087,21603,10417
9, 30102,21599,10407
9, 30084,21577,10387
9, 30050,21549,10365
9, 30039,21535,10348
9, 30018,21522,10331
9, 30006,21504,10314
PO4_6mgL_0
Light Source Color - OFF,27/03/2024,14:30:00
10, 30033,21510,10307
10, 110,181,224
10, 110,181,224
10, 110,181,224
10, 110,181,224
10, 110,181,224
10, 110,181,224
10, 110,181,224
10, 110,181,224
10, 110,181,224
10, 110,181,224
PO4_6mgL_0
Light Source Color - RED,27/03/2024,14:30:12
11, 110,181,224
11, 1030,625,8757
11, 1030,625,8746
11, 1029,624,8732
11, 1028,623,8721
11, 1027,623,8713
11, 1027,623,8712
11, 1027,623,8705
11, 1026,622,8700
11, 1026,622,8698
11, 1026,622,8694
PO4_6mgL_0
Light Source Color - OFF,27/03/2024,14:30:24
12, 1022,620,8665
12, 110,181,224
12, 110,181,224
12, 110,181,224
12, 110,181,224
12, 110,180,224
12, 110,181,224
12, 110,181,224
12, 110,181,224
12, 110,181,224
12, 110,181,224
PO4_6mgL_0
Light Source Color - GREEN,27/03/2024,14:30:36
13, 110,181,224
13, 5253,13288,1809
13, 5804,14703,1983
13, 5792,14680,1981
13, 5784,14662,1980
13, 5779,14653,1980
13, 5775,14645,1979
13, 5774,14641,1979
13, 5770,14632,1978
13, 5768,14628,1977
13, 5766,14626,1977
PO4_6mgL_0
Light Source Color - OFF,27/03/2024,14:30:48
14, 5763,14619,1977
14, 610,1458,379
14, 110,181,224
14, 110,181,224
14, 110,181,224
14, 110,181,224
14, 110,180,224
14, 110,181,224
14, 110,181,224
14, 110,181,224
14, 110,181,224
PO4_6mgL_0
Light Source Color - BLUE,27/03/2024,14:31:00
15, 110,181,224
15, 24467,7224,506
15, 24476,7227,507
15, 24475,7229,507
15, 24479,7229,507
15, 24469,7227,506
15, 24465,7227,506
15, 24476,7230,507
15, 24471,7228,507
15, 24471,7229,507
15, 24471,7229,506
PO4_6mgL_0
Light Source Color - OFF,27/03/2024,14:31:13
