PO4_04mgL_uncover0
N,P,K
0, 113,185,228
0, 113,185,228
0, 113,185,228
0, 113,185,228
0, 113,185,228
0, 113,185,228
0, 113,185,228
0, 113,185,228
0, 113,185,228
0, 113,185,228
PO4_04mgL_uncover0
Light Source Color - WHITE,27/03/2024,15:57:13
1, 113,185,228
1, 40369,29677,16909
1, 40284,29588,16784
1, 40237,29537,16721
1, 40254,29529,16693
1, 40221,29498,16637
1, 40183,29458,16580
1, 40160,29427,16584
1, 40122,29395,16540
1, 40068,29364,16524
1, 40112,29372,16511
PO4_04mgL_uncover0
Light Source Color - OFF,27/03/2024,15:57:25
2, 40113,29352,16488
2, 113,185,228
2, 113,185,228
2, 113,185,228
2, 113,185,227
2, 113,185,228
2, 113,185,228
2, 113,185,228
2, 113,185,228
2, 113,185,228
2, 113,185,228
PO4_04mgL_uncover0
Light Source Color - RED,27/03/2024,15:57:37
3, 113,185,228
3, 1666,921,14455
3, 1661,919,14416
3, 1661,918,14409
3, 1661,917,14386
3, 1659,916,14379
3, 1658,916,14367
3, 1657,915,14351
3, 1657,916,14365
3, 1658,915,14358
3, 1656,915,14343
PO4_04mgL_uncover0
Light Source Color - OFF,27/03/2024,15:57:50
4, 1655,914,14331
4, 113,185,228
4, 113,185,228
4, 113,185,228
4, 113,185,228
4, 113,185,228
4, 113,185,228
4, 113,185,228
4, 113,185,228
4, 113,185,228
4, 113,185,228
PO4_04mgL_uncover0
Light Source Color - GREEN,27/03/2024,15:58:02
5, 113,185,228
5, 7781,20290,2702
5, 7753,20235,2698
5, 7738,20206,2696
5, 7732,20193,2696
5, 7727,20182,2695
5, 7721,20160,2693
5, 7714,20151,2692
5, 7713,20151,2693
5, 7711,20152,2693
5, 7709,20144,2692
PO4_04mgL_uncover0
Light Source Color - OFF,27/03/2024,15:58:14
6, 7706,20139,2692
6, 113,185,228
6, 113,185,228
6, 113,185,228
6, 113,185,228
6, 113,185,228
6, 113,185,227
6, 113,185,228
6, 113,185,228
6, 113,185,228
6, 113,185,228
PO4_04mgL_uncover0
Light Source Color - BLUE,27/03/2024,15:58:26
7, 113,185,228
7, 32350,9516,601
7, 32364,9520,602
7, 32358,9520,601
7, 32360,9525,601
7, 32360,9523,601
7, 32351,9523,601
7, 32346,9522,601
7, 32361,9526,602
7, 32350,9521,601
7, 32365,9528,602
PO4_04mgL_uncover0
Light Source Color - OFF,27/03/2024,15:58:39
8, 32353,9525,601
8, 113,185,227
8, 113,185,228
8, 113,185,227
8, 113,185,228
8, 113,185,228
8, 113,185,227
8, 113,185,228
8, 113,184,227
8, 113,184,227
8, 113,185,227
PO4_04mgL_uncover0
Light Source Color - WHITE,27/03/2024,15:58:51
9, 113,185,228
9, 40246,29558,16765
9, 40144,29452,16608
9, 40106,29402,16541
9, 40057,29358,16496
9, 40025,29326,16456
9, 40051,29315,16430
9, 40031,29292,16401
9, 40012,29267,16372
9, 39975,29251,16343
9, 39955,29231,16333
PO4_04mgL_uncover0
Light Source Color - OFF,27/03/2024,15:59:03
10, 39941,29219,16287
10, 113,184,227
10, 113,185,227
10, 113,185,227
10, 113,185,227
10, 113,185,227
10, 113,185,228
10, 113,185,227
10, 113,185,228
10, 113,185,228
10, 113,185,228
PO4_04mgL_uncover0
Light Source Color - RED,27/03/2024,15:59:15
11, 113,184,227
11, 1652,914,14330
11, 1648,911,14273
11, 1645,910,14237
11, 1645,909,14231
11, 1644,909,14226
11, 1644,909,14224
11, 1642,908,14213
11, 1642,908,14202
11, 1641,907,14193
11, 1637,905,14171
PO4_04mgL_uncover0
Light Source Color - OFF,27/03/2024,15:59:28
12, 1641,907,14187
12, 113,185,228
12, 113,185,228
12, 113,185,227
12, 113,185,227
12, 113,185,228
12, 113,185,228
12, 113,185,228
12, 113,185,228
12, 113,185,227
12, 113,185,227
PO4_04mgL_uncover0
Light Source Color - GREEN,27/03/2024,15:59:40
13, 113,185,227
13, 7748,20207,2691
13, 7719,20148,2687
13, 7704,20110,2684
13, 7690,20079,2682
13, 7684,20071,2681
13, 7680,20059,2681
13, 7680,20058,2682
13, 7676,20052,2681
13, 7673,20049,2681
13, 7670,20040,2680
PO4_04mgL_uncover0
Light Source Color - OFF,27/03/2024,15:59:52
14, 7671,20041,2680
14, 113,185,227
14, 113,185,228
14, 113,185,228
14, 113,185,227
14, 113,185,227
14, 113,185,227
14, 113,185,227
14, 113,185,227
14, 113,185,228
14, 113,185,228
PO4_04mgL_uncover0
Light Source Color - BLUE,27/03/2024,16:00:05
15, 113,185,227
15, 32287,9498,600
15, 32272,9497,600
15, 32273,9500,600
15, 32285,9504,601
15, 32283,9504,601
15, 32281,9503,601
15, 32268,9500,600
15, 32280,9502,601
15, 32265,9500,600
15, 32275,9504,601
PO4_04mgL_uncover0
Light Source Color - OFF,27/03/2024,16:00:17
