PO4_4mgL_1
N,P,K
0, 110,181,224
0, 110,181,224
0, 110,181,224
0, 110,181,224
0, 110,181,224
0, 110,181,224
0, 110,181,224
0, 110,181,224
0, 110,181,224
0, 110,181,224
PO4_4mgL_1
Light Source Color - WHITE,27/03/2024,14:19:48
1, 110,181,224
1, 38187,28069,16340
1, 38189,28038,16271
1, 38129,27976,16200
1, 38091,27931,16152
1, 38055,27901,16117
1, 38027,27873,16080
1, 38004,27846,16050
1, 38041,27850,16039
1, 38022,27834,16017
1, 37997,27814,15991
PO4_4mgL_1
Light Source Color - OFF,27/03/2024,14:20:00
2, 37974,27794,15967
2, 110,181,224
2, 110,180,224
2, 110,181,224
2, 110,181,224
2, 110,181,224
2, 110,181,224
2, 110,181,224
2, 110,181,224
2, 110,181,224
2, 110,181,224
PO4_4mgL_1
Light Source Color - RED,27/03/2024,14:20:12
3, 110,181,224
3, 1560,857,14049
3, 1555,854,13992
3, 1555,854,13980
3, 1554,853,13966
3, 1553,852,13958
3, 1552,852,13949
3, 1551,852,13941
3, 1551,852,13937
3, 1551,851,13929
3, 1550,851,13930
PO4_4mgL_1
Light Source Color - OFF,27/03/2024,14:20:24
4, 1550,851,13927
4, 110,180,224
4, 110,180,224
4, 110,181,224
4, 110,181,224
4, 110,181,224
4, 110,181,224
4, 110,181,224
4, 110,181,224
4, 110,181,224
4, 110,181,224
PO4_4mgL_1
Light Source Color - GREEN,27/03/2024,14:20:36
5, 110,181,224
5, 7511,19294,2603
5, 7486,19243,2600
5, 7480,19230,2600
5, 7468,19207,2598
5, 7461,19190,2597
5, 7455,19181,2596
5, 7451,19172,2595
5, 7451,19171,2596
5, 7447,19165,2595
5, 7444,19157,2595
PO4_4mgL_1
Light Source Color - OFF,27/03/2024,14:20:48
6, 7442,19151,2594
6, 110,181,224
6, 110,181,224
6, 110,181,224
6, 110,181,224
6, 110,181,224
6, 110,181,224
6, 110,180,224
6, 110,180,224
6, 110,181,224
6, 110,181,224
PO4_4mgL_1
Light Source Color - BLUE,27/03/2024,14:21:00
7, 110,181,224
7, 30516,8957,586
7, 30513,8959,586
7, 30527,8963,586
7, 30522,8964,586
7, 30522,8964,586
7, 30509,8961,586
7, 30506,8961,586
7, 30520,8965,586
7, 30520,8964,586
7, 30511,8963,586
PO4_4mgL_1
Light Source Color - OFF,27/03/2024,14:21:12
8, 30511,8962,586
8, 110,180,224
8, 110,180,224
8, 110,181,224
8, 110,181,224
8, 110,181,224
8, 110,181,224
8, 110,181,224
8, 110,181,224
8, 110,181,224
8, 110,181,224
PO4_4mgL_1
Light Source Color - WHITE,27/03/2024,14:21:24
9, 110,181,224
9, 38104,27984,16219
9, 38022,27898,16108
9, 37969,27839,16046
9, 37993,27836,16023
9, 37950,27798,15978
9, 37918,27769,15943
9, 37897,27745,15921
9, 37878,27728,15892
9, 37860,27707,15868
9, 37891,27712,15859
PO4_4mgL_1
Light Source Color - OFF,27/03/2024,14:21:37
10, 37874,27694,15835
10, 110,180,224
10, 110,180,224
10, 110,180,224
10, 110,180,224
10, 110,181,224
10, 110,181,224
10, 110,180,224
10, 110,180,224
10, 110,180,224
10, 110,181,224
PO4_4mgL_1
Light Source Color - RED,27/03/2024,14:21:49
11, 110,181,224
11, 1550,852,13947
11, 1544,848,13874
11, 1543,847,13853
11, 1542,847,13839
11, 1541,846,13837
11, 1540,846,13824
11, 1540,846,13822
11, 1540,845,13817
11, 1539,845,13809
11, 1539,845,13805
PO4_4mgL_1
Light Source Color - OFF,27/03/2024,14:22:01
12, 1539,845,13805
12, 110,180,224
12, 110,180,224
12, 110,180,224
12, 110,180,224
12, 110,180,224
12, 110,181,224
12, 110,181,224
12, 110,180,224
12, 110,180,224
12, 110,181,224
PO4_4mgL_1
Light Source Color - GREEN,27/03/2024,14:22:13
13, 110,181,224
13, 7488,19229,2595
13, 7460,19172,2591
13, 7446,19144,2590
13, 7435,19121,2588
13, 7433,19115,2588
13, 7428,19106,2587
13, 7424,19097,2587
13, 7420,19087,2586
13, 7416,19079,2585
13, 7415,19077,2585
PO4_4mgL_1
Light Source Color - OFF,27/03/2024,14:22:25
14, 7414,19075,2585
14, 110,181,224
14, 110,180,224
14, 110,180,224
14, 110,180,223
14, 110,180,224
14, 110,180,224
14, 110,180,224
14, 110,180,224
14, 110,180,224
14, 110,180,224
PO4_4mgL_1
Light Source Color - BLUE,27/03/2024,14:22:37
15, 110,180,224
15, 30440,8936,585
15, 30432,8938,585
15, 30426,8938,585
15, 30413,8936,585
15, 30430,8940,585
15, 30430,8940,585
15, 30429,8940,585
15, 30423,8939,585
15, 30419,8939,585
15, 30428,8941,585
PO4_4mgL_1
Light Source Color - OFF,27/03/2024,14:22:49
