PO4_08mgL_new0
N,P,K
0, 111,184,231
0, 111,184,231
0, 111,184,230
0, 111,184,230
0, 111,184,230
0, 111,184,230
0, 111,183,230
0, 111,183,230
0, 111,184,230
0, 111,184,230
PO4_08mgL_new0
Light Source Color - WHITE,27/03/2024,17:05:22
1, 111,184,230
1, 38348,28059,16848
1, 38263,27990,16708
1, 38230,27938,16643
1, 38218,27910,16589
1, 38177,27881,16543
1, 38153,27861,16516
1, 38188,27861,16505
1, 38169,27838,16475
1, 38139,27811,16454
1, 38107,27798,16432
PO4_08mgL_new0
Light Source Color - OFF,27/03/2024,17:05:34
2, 38078,27770,16406
2, 111,183,230
2, 111,183,230
2, 111,183,230
2, 111,183,230
2, 111,183,230
2, 111,183,230
2, 111,183,230
2, 111,183,230
2, 111,183,230
2, 111,183,230
PO4_08mgL_new0
Light Source Color - RED,27/03/2024,17:05:47
3, 111,183,230
3, 1651,933,14362
3, 1657,934,14408
3, 1655,933,14369
3, 1655,932,14354
3, 1653,931,14334
3, 1651,930,14311
3, 1651,930,14317
3, 1650,929,14325
3, 1651,929,14333
3, 1653,929,14320
PO4_08mgL_new0
Light Source Color - OFF,27/03/2024,17:05:59
4, 1653,930,14323
4, 111,183,230
4, 111,183,230
4, 111,183,230
4, 111,183,230
4, 111,183,230
4, 111,183,230
4, 111,183,230
4, 111,183,230
4, 111,183,230
4, 111,183,230
PO4_08mgL_new0
Light Source Color - GREEN,27/03/2024,17:06:12
5, 111,183,230
5, 7531,19120,2585
5, 7520,19102,2584
5, 7509,19072,2582
5, 7496,19053,2580
5, 7489,19037,2579
5, 7484,19024,2578
5, 7479,19015,2577
5, 7474,19006,2577
5, 7472,18995,2575
5, 7468,18976,2574
PO4_08mgL_new0
Light Source Color - OFF,27/03/2024,17:06:24
6, 7458,18961,2573
6, 111,183,229
6, 111,183,230
6, 111,183,230
6, 111,183,229
6, 111,183,230
6, 111,183,230
6, 111,183,230
6, 111,183,229
6, 111,183,230
6, 111,183,229
PO4_08mgL_new0
Light Source Color - BLUE,27/03/2024,17:06:36
7, 111,183,229
7, 30342,8926,585
7, 30373,8936,586
7, 30407,8942,586
7, 30420,8946,586
7, 30432,8951,586
7, 30437,8951,586
7, 30427,8953,586
7, 30415,8948,586
7, 30415,8948,586
7, 30421,8947,586
PO4_08mgL_new0
Light Source Color - OFF,27/03/2024,17:06:49
8, 30415,8949,586
8, 111,183,229
8, 111,183,229
8, 111,183,229
8, 111,183,229
8, 111,183,229
8, 111,183,230
8, 111,183,229
8, 111,183,229
8, 111,183,229
8, 111,183,229
PO4_08mgL_new0
Light Source Color - WHITE,27/03/2024,17:07:01
9, 111,183,229
9, 38094,27842,16479
9, 38031,27776,16383
9, 38067,27762,16348
9, 38058,27725,16312
9, 38030,27690,16261
9, 38014,27668,16224
9, 37979,27643,16188
9, 37955,27633,16162
9, 37937,27614,16138
9, 37889,27584,16115
PO4_08mgL_new0
Light Source Color - OFF,27/03/2024,17:07:14
10, 35057,25523,14919
10, 111,183,229
10, 111,183,229
10, 111,183,229
10, 111,183,229
10, 111,183,229
10, 111,183,229
10, 111,183,229
10, 111,183,229
10, 111,183,230
10, 111,183,229
PO4_08mgL_new0
Light Source Color - RED,27/03/2024,17:07:26
11, 111,183,229
11, 1642,925,14207
11, 1637,921,14136
11, 1635,919,14140
11, 1635,919,14135
11, 1634,919,14130
11, 1635,919,14107
11, 1632,918,14107
11, 1634,918,14104
11, 1632,918,14089
11, 1633,918,14097
PO4_08mgL_new0
Light Source Color - OFF,27/03/2024,17:07:39
12, 1632,917,14091
12, 111,183,229
12, 111,183,229
12, 111,183,229
12, 111,183,229
12, 111,183,229
12, 111,183,229
12, 111,183,229
12, 111,183,229
12, 111,183,229
12, 111,183,229
PO4_08mgL_new0
Light Source Color - GREEN,27/03/2024,17:07:51
13, 111,183,229
13, 7476,18994,2569
13, 7459,18958,2569
13, 7448,18932,2568
13, 7442,18918,2568
13, 7439,18911,2568
13, 7429,18891,2566
13, 7426,18886,2565
13, 7425,18882,2565
13, 7421,18882,2565
13, 7417,18877,2564
PO4_08mgL_new0
Light Source Color - OFF,27/03/2024,17:08:04
14, 7415,18870,2564
14, 111,183,229
14, 111,183,229
14, 111,183,229
14, 111,183,229
14, 111,183,229
14, 111,183,229
14, 111,183,229
14, 111,183,229
14, 111,183,229
14, 111,183,229
PO4_08mgL_new0
Light Source Color - BLUE,27/03/2024,17:08:16
15, 111,183,229
15, 30361,8933,585
15, 30349,8930,585
15, 30337,8928,585
15, 30355,8940,585
15, 30366,8943,585
15, 30392,8949,586
15, 30388,8945,586
15, 30388,8947,586
15, 30372,8945,585
15, 30362,8937,585
PO4_08mgL_new0
Light Source Color - OFF,27/03/2024,17:08:28
