PO4_2mgL_2
N,P,K
0, 111,182,226
0, 1123,2791,565
0, 1121,2787,565
0, 1120,2785,564
0, 1119,2783,564
0, 1119,2782,564
0, 1119,2783,564
0, 1118,2781,564
0, 1118,2782,564
0, 1118,2781,564
PO4_2mgL_2
Light Source Color - WHITE,27/03/2024,14:12:22
1, 1118,2780,564
1, 39894,29469,17965
1, 39899,29436,17899
1, 39839,29377,17819
1, 39801,29339,17759
1, 39766,29302,17726
1, 39730,29269,17684
1, 39757,29267,17671
1, 39737,29247,17637
1, 39715,29222,17606
1, 39695,29205,17580
PO4_2mgL_2
Light Source Color - OFF,27/03/2024,14:12:34
2, 39660,29184,17552
2, 111,182,225
2, 111,182,225
2, 111,182,225
2, 111,182,225
2, 111,182,225
2, 111,182,225
2, 111,182,225
2, 111,182,225
2, 111,182,225
2, 111,182,225
PO4_2mgL_2
Light Source Color - RED,27/03/2024,14:12:46
3, 111,182,225
3, 1770,973,15585
3, 1768,972,15553
3, 1764,970,15516
3, 1763,969,15500
3, 1762,968,15489
3, 1762,968,15478
3, 1761,968,15468
3, 1760,967,15457
3, 1760,967,15463
3, 1760,967,15456
PO4_2mgL_2
Light Source Color - OFF,27/03/2024,14:12:58
4, 1760,967,15454
4, 111,182,225
4, 111,182,225
4, 111,182,225
4, 111,182,225
4, 111,182,225
4, 111,182,225
4, 111,182,225
4, 111,182,225
4, 111,182,225
4, 111,182,225
PO4_2mgL_2
Light Source Color - GREEN,27/03/2024,14:13:10
5, 111,182,225
5, 7815,20217,2693
5, 7801,20190,2691
5, 7784,20153,2689
5, 7774,20134,2688
5, 7764,20114,2687
5, 7761,20107,2686
5, 7759,20100,2686
5, 7755,20092,2685
5, 7752,20087,2685
5, 7750,20082,2685
PO4_2mgL_2
Light Source Color - OFF,27/03/2024,14:13:22
6, 7747,20077,2684
6, 111,182,225
6, 111,182,225
6, 111,182,225
6, 111,182,225
6, 111,182,225
6, 111,182,225
6, 111,182,225
6, 111,182,225
6, 111,182,225
6, 111,182,225
PO4_2mgL_2
Light Source Color - BLUE,27/03/2024,14:13:34
7, 111,182,225
7, 31729,9318,594
7, 31745,9325,594
7, 31740,9324,594
7, 31739,9325,594
7, 31734,9325,594
7, 31723,9324,594
7, 31739,9327,594
7, 31734,9326,594
7, 31733,9326,594
7, 31727,9324,594
PO4_2mgL_2
Light Source Color - OFF,27/03/2024,14:13:46
8, 31725,9324,594
8, 111,182,225
8, 111,182,225
8, 111,182,225
8, 111,182,225
8, 111,182,225
8, 111,182,225
8, 111,182,225
8, 111,182,225
8, 111,182,225
8, 111,182,225
PO4_2mgL_2
Light Source Color - WHITE,27/03/2024,14:13:58
9, 111,182,225
9, 39749,29311,17722
9, 39744,29279,17650
9, 39690,29216,17574
9, 39645,29169,17515
9, 39616,29137,17469
9, 39581,29107,17431
9, 39553,29077,17421
9, 39586,29081,17393
9, 39549,29054,17364
9, 39525,29039,17342
PO4_2mgL_2
Light Source Color - OFF,27/03/2024,14:14:10
10, 39502,29019,17314
10, 111,182,225
10, 111,182,225
10, 111,182,225
10, 111,182,225
10, 111,182,225
10, 111,182,225
10, 111,182,225
10, 111,182,225
10, 111,182,225
10, 111,182,225
PO4_2mgL_2
Light Source Color - RED,27/03/2024,14:14:23
11, 111,182,225
11, 1750,963,15384
11, 1745,960,15318
11, 1745,959,15312
11, 1743,958,15298
11, 1743,958,15287
11, 1742,958,15279
11, 1741,957,15270
11, 1741,957,15266
11, 1740,956,15257
11, 1740,956,15257
PO4_2mgL_2
Light Source Color - OFF,27/03/2024,14:14:35
12, 1739,956,15249
12, 111,182,225
12, 111,182,225
12, 111,182,225
12, 111,182,225
12, 111,182,225
12, 111,182,225
12, 111,182,225
12, 111,182,225
12, 111,182,225
12, 111,182,225
PO4_2mgL_2
Light Source Color - GREEN,27/03/2024,14:14:47
13, 111,182,225
13, 7771,20104,2680
13, 7758,20077,2678
13, 7742,20044,2676
13, 7731,20021,2675
13, 7723,20004,2674
13, 7718,19994,2673
13, 7714,19984,2672
13, 7712,19981,2672
13, 7708,19973,2672
13, 7708,19973,2672
PO4_2mgL_2
Light Source Color - OFF,27/03/2024,14:14:59
14, 7704,19965,2671
14, 111,182,225
14, 111,182,225
14, 111,182,225
14, 111,182,225
14, 111,182,225
14, 111,182,225
14, 111,182,225
14, 111,182,225
14, 111,182,225
14, 111,182,225
PO4_2mgL_2
Light Source Color - BLUE,27/03/2024,14:15:11
15, 111,182,225
15, 31661,9302,593
15, 31672,9307,593
15, 31665,9306,593
15, 31660,9307,593
15, 31661,9308,593
15, 31650,9306,593
15, 31658,9306,593
15, 31676,9313,593
15, 31667,9310,593
15, 31657,9307,593
PO4_2mgL_2
Light Source Color - OFF,27/03/2024,14:15:23
