PO4_04mgL_cover0
N,P,K
0, 110,182,225
0, 110,181,225
0, 110,181,225
0, 110,181,225
0, 110,181,225
0, 110,181,225
0, 110,181,225
0, 110,181,225
0, 110,181,225
0, 110,181,225
PO4_04mgL_cover0
Light Source Color - WHITE,27/03/2024,15:53:40
1, 110,181,225
1, 40698,29996,17322
1, 40604,29913,17151
1, 40552,29849,17111
1, 40579,29839,17096
1, 40552,29793,17054
1, 40515,29775,17019
1, 40480,29734,16972
1, 40459,29717,16946
1, 40445,29701,16902
1, 40470,29705,16888
PO4_04mgL_cover0
Light Source Color - OFF,27/03/2024,15:53:52
2, 40459,29690,16863
2, 110,181,225
2, 110,181,225
2, 110,181,225
2, 110,181,225
2, 110,181,225
2, 110,181,225
2, 110,181,225
2, 110,181,225
2, 110,181,225
2, 110,181,225
PO4_04mgL_cover0
Light Source Color - RED,27/03/2024,15:54:04
3, 110,181,225
3, 1699,936,14824
3, 1696,934,14790
3, 1692,932,14744
3, 1692,931,14732
3, 1691,931,14729
3, 1691,930,14721
3, 1690,930,14701
3, 1691,930,14704
3, 1691,930,14701
3, 1690,930,14698
PO4_04mgL_cover0
Light Source Color - OFF,27/03/2024,15:54:17
4, 1690,929,14683
4, 110,181,225
4, 110,181,225
4, 110,181,225
4, 110,181,225
4, 110,181,225
4, 110,181,225
4, 110,181,225
4, 110,181,225
4, 110,181,225
4, 110,181,225
PO4_04mgL_cover0
Light Source Color - GREEN,27/03/2024,15:54:29
5, 110,181,225
5, 7864,20512,2726
5, 7837,20456,2723
5, 7821,20428,2721
5, 7813,20411,2721
5, 7806,20399,2720
5, 7805,20395,2720
5, 7802,20388,2719
5, 7795,20376,2718
5, 7793,20368,2717
5, 7789,20366,2717
PO4_04mgL_cover0
Light Source Color - OFF,27/03/2024,15:54:41
6, 7788,20360,2718
6, 705,1745,418
6, 110,181,225
6, 110,181,225
6, 110,181,225
6, 110,181,225
6, 110,181,225
6, 110,181,224
6, 110,181,225
6, 110,181,225
6, 110,181,225
PO4_04mgL_cover0
Light Source Color - BLUE,27/03/2024,15:54:53
7, 110,181,225
7, 32560,9567,601
7, 32553,9570,601
7, 32551,9572,601
7, 32567,9578,601
7, 32560,9576,601
7, 32554,9575,601
7, 32556,9575,601
7, 32548,9572,601
7, 32546,9572,601
7, 32559,9577,601
PO4_04mgL_cover0
Light Source Color - OFF,27/03/2024,15:55:06
8, 32539,9572,601
8, 110,181,225
8, 110,181,225
8, 110,181,225
8, 110,181,224
8, 110,181,225
8, 110,181,225
8, 110,181,225
8, 110,181,225
8, 110,181,225
8, 110,181,225
PO4_04mgL_cover0
Light Source Color - WHITE,27/03/2024,15:55:18
9, 110,181,225
9, 40470,29785,17028
9, 40385,29699,16905
9, 40352,29648,16873
9, 40376,29641,16827
9, 40350,29603,16782
9, 40314,29574,16747
9, 40283,29536,16720
9, 40208,29502,16678
9, 40225,29490,16654
PO4_04mgL_cover0
Light Source Color - OFF,27/03/2024,15:55:30
10, 40032,29358,16562
10, 110,181,224
10, 110,181,225
10, 110,181,225
10, 110,181,225
10, 110,181,225
10, 110,181,225
10, 110,181,224
10, 110,181,225
10, 110,181,225
10, 110,181,225
PO4_04mgL_cover0
Light Source Color - RED,27/03/2024,15:55:43
11, 110,181,225
11, 1680,925,14608
11, 1675,923,14565
11, 1672,921,14541
11, 1672,921,14533
11, 1672,920,14505
11, 1671,920,14507
11, 1671,919,14495
11, 1671,919,14501
11, 1670,919,14497
11, 1669,918,14478
PO4_04mgL_cover0
Light Source Color - OFF,27/03/2024,15:55:55
12, 1669,918,14481
12, 110,181,225
12, 110,181,225
12, 110,181,225
12, 110,181,225
12, 110,181,225
12, 110,181,225
12, 110,181,225
12, 110,181,225
12, 110,181,225
12, 110,181,225
PO4_04mgL_cover0
Light Source Color - GREEN,27/03/2024,15:56:08
13, 248,543,269
13, 7819,20400,2713
13, 7787,20331,2709
13, 7773,20304,2707
13, 7762,20285,2706
13, 7758,20274,2706
13, 7753,20262,2705
13, 7749,20256,2705
13, 7744,20246,2703
13, 7742,20240,2702
13, 7737,20229,2702
PO4_04mgL_cover0
Light Source Color - OFF,27/03/2024,15:56:20
14, 7736,20226,2702
14, 110,181,225
14, 110,181,225
14, 110,181,225
14, 110,181,225
14, 110,181,225
14, 110,181,225
14, 110,181,225
14, 110,181,225
14, 110,181,225
14, 110,181,225
PO4_04mgL_cover0
Light Source Color - BLUE,27/03/2024,15:56:32
15, 110,181,225
15, 32452,9542,600
15, 32456,9550,600
15, 32455,9552,600
15, 32470,9555,600
15, 32465,9552,600
15, 32451,9548,600
15, 32449,9550,600
15, 32448,9551,600
15, 32442,9549,600
15, 32456,9553,600
PO4_04mgL_cover0
Light Source Color - OFF,27/03/2024,15:56:44
