PO4_1_0mgL_new0
N,P,K
0, 115,189,236
0, 115,189,236
0, 115,189,236
0, 115,189,236
0, 115,188,236
0, 115,188,236
0, 115,188,236
0, 115,188,236
0, 115,189,236
0, 115,189,236
PO4_1_0mgL_new0
Light Source Color - WHITE,27/03/2024,17:13:31
1, 115,188,236
1, 58521,43595,27620
1, 58394,43464,27372
1, 58261,43358,27178
1, 58164,43266,27067
1, 58162,43234,26792
1, 58221,43247,26734
1, 58226,43215,26772
1, 58139,43151,26847
1, 58075,43078,26845
1, 58033,43039,26699
PO4_1_0mgL_new0
Light Source Color - OFF,27/03/2024,17:13:43
2, 58028,43014,26730
2, 115,188,235
2, 115,188,235
2, 115,188,235
2, 115,188,235
2, 115,188,236
2, 115,188,236
2, 115,188,235
2, 115,188,235
2, 115,188,235
2, 115,188,236
PO4_1_0mgL_new0
Light Source Color - RED,27/03/2024,17:13:56
3, 115,188,236
3, 2644,1402,23889
3, 2637,1398,23778
3, 2636,1395,23750
3, 2628,1392,23695
3, 2621,1391,23663
3, 2624,1390,23623
3, 2625,1391,23604
3, 2615,1386,23546
3, 2622,1389,23603
3, 2620,1388,23580
PO4_1_0mgL_new0
Light Source Color - OFF,27/03/2024,17:14:08
4, 2613,1386,23521
4, 115,188,235
4, 114,188,235
4, 115,188,235
4, 115,188,235
4, 115,188,235
4, 115,188,235
4, 115,188,235
4, 115,188,235
4, 115,188,235
4, 115,188,235
PO4_1_0mgL_new0
Light Source Color - GREEN,27/03/2024,17:14:20
5, 115,188,235
5, 11580,29974,4005
5, 11552,29921,4004
5, 11540,29887,4005
5, 11528,29867,4005
5, 11514,29837,4001
5, 11520,29852,4004
5, 11513,29850,4004
5, 11508,29824,4001
5, 11493,29798,3995
5, 11486,29778,3995
PO4_1_0mgL_new0
Light Source Color - OFF,27/03/2024,17:14:33
6, 11487,29780,3998
6, 115,188,235
6, 114,188,235
6, 115,188,235
6, 115,188,235
6, 115,188,235
6, 115,188,235
6, 115,188,235
6, 114,188,235
6, 114,188,235
6, 115,188,235
PO4_1_0mgL_new0
Light Source Color - BLUE,27/03/2024,17:14:45
7, 115,188,235
7, 46122,13419,776
7, 46064,13411,775
7, 45983,13390,775
7, 45997,13404,775
7, 45995,13404,775
7, 46015,13405,775
7, 46020,13409,775
7, 46015,13406,775
7, 46073,13425,776
7, 46087,13431,776
PO4_1_0mgL_new0
Light Source Color - OFF,27/03/2024,17:14:58
8, 46069,13426,776
8, 115,188,235
8, 114,188,235
8, 115,188,235
8, 115,188,235
8, 115,188,235
8, 115,188,235
8, 114,188,235
8, 114,188,235
8, 114,188,235
8, 115,188,235
PO4_1_0mgL_new0
Light Source Color - WHITE,27/03/2024,17:15:10
9, 115,188,235
9, 58144,43276,27176
9, 58018,43132,26831
9, 57870,42971,26777
9, 57821,42931,26652
9, 57815,42912,26623
9, 57765,42864,26478
9, 57866,42872,26523
9, 57871,42857,26488
9, 57856,42832,26456
9, 57773,42785,26389
PO4_1_0mgL_new0
Light Source Color - OFF,27/03/2024,17:15:22
10, 57739,42745,26332
10, 115,188,235
10, 114,188,235
10, 115,188,235
10, 115,188,235
10, 115,188,235
10, 115,188,235
10, 115,188,235
10, 115,188,235
10, 115,188,235
10, 115,188,235
PO4_1_0mgL_new0
Light Source Color - RED,27/03/2024,17:15:35
11, 122,192,304
11, 2611,1387,23525
11, 2596,1377,23365
11, 2594,1374,23338
11, 2597,1375,23343
11, 2593,1373,23302
11, 2594,1373,23288
11, 2591,1372,23269
11, 2584,1371,23229
11, 2584,1368,23187
11, 2584,1370,23172
PO4_1_0mgL_new0
Light Source Color - OFF,27/03/2024,17:15:47
12, 2589,1371,23252
12, 115,188,235
12, 115,188,235
12, 115,188,235
12, 115,188,235
12, 115,188,235
12, 115,188,235
12, 115,188,235
12, 115,188,235
12, 115,188,235
12, 115,188,235
PO4_1_0mgL_new0
Light Source Color - GREEN,27/03/2024,17:16:00
13, 115,188,235
13, 11349,29380,3931
13, 11483,29751,3984
13, 11459,29694,3980
13, 11451,29662,3981
13, 11424,29617,3975
13, 11428,29631,3976
13, 11414,29612,3974
13, 11416,29616,3976
13, 11422,29627,3979
13, 11421,29636,3979
PO4_1_0mgL_new0
Light Source Color - OFF,27/03/2024,17:16:12
14, 11415,29599,3977
14, 115,188,235
14, 115,188,235
14, 115,188,235
14, 115,188,235
14, 115,188,235
14, 115,188,235
14, 115,188,235
14, 115,188,235
14, 115,188,235
14, 115,188,235
PO4_1_0mgL_new0
Light Source Color - BLUE,27/03/2024,17:16:25
15, 114,188,235
15, 44524,12973,757
15, 45984,13396,775
15, 45997,13406,775
15, 45966,13396,774
15, 45964,13407,774
15, 45937,13397,774
15, 45949,13403,774
15, 45907,13395,774
15, 45961,13412,775
15, 45983,13407,774
PO4_1_0mgL_new0
Light Source Color - OFF,27/03/2024,17:16:37
