PO4_02mgL_uncover1
N,P,K
0, 111,183,228
0, 111,183,228
0, 111,183,228
0, 111,183,228
0, 111,183,228
0, 111,183,228
0, 111,183,228
0, 111,183,228
0, 111,183,228
0, 111,183,228
PO4_02mgL_uncover1
Light Source Color - WHITE,27/03/2024,15:45:31
1, 111,183,228
1, 49173,38075,28076
1, 49057,37952,27884
1, 49005,37887,27774
1, 49024,37868,27713
1, 48980,37821,27663
1, 48939,37779,27616
1, 48919,37752,27549
1, 48874,37721,27503
1, 48838,37689,27451
1, 48818,37662,27412
PO4_02mgL_uncover1
Light Source Color - OFF,27/03/2024,15:45:43
2, 46827,36127,26285
2, 111,183,228
2, 111,183,228
2, 111,183,228
2, 111,183,228
2, 111,183,228
2, 111,183,228
2, 111,183,228
2, 111,183,228
2, 111,183,228
2, 111,183,228
PO4_02mgL_uncover1
Light Source Color - RED,27/03/2024,15:45:55
3, 111,183,228
3, 2859,1475,24986
3, 2853,1471,24906
3, 2851,1470,24876
3, 2848,1468,24839
3, 2849,1468,24836
3, 2845,1466,24809
3, 2844,1466,24803
3, 2844,1466,24791
3, 2844,1466,24791
3, 2845,1465,24801
PO4_02mgL_uncover1
Light Source Color - OFF,27/03/2024,15:46:08
4, 2841,1464,24769
4, 111,183,228
4, 111,183,228
4, 111,183,228
4, 111,183,228
4, 111,183,228
4, 111,183,228
4, 111,183,228
4, 111,183,228
4, 111,183,228
4, 111,183,228
PO4_02mgL_uncover1
Light Source Color - GREEN,27/03/2024,15:46:20
5, 440,1048,338
5, 10161,26608,3587
5, 10119,26521,3582
5, 10104,26489,3581
5, 10091,26462,3579
5, 10081,26439,3577
5, 10070,26421,3576
5, 10075,26429,3577
5, 10069,26418,3576
5, 10064,26405,3575
5, 10059,26393,3574
PO4_02mgL_uncover1
Light Source Color - OFF,27/03/2024,15:46:32
6, 10053,26383,3573
6, 111,183,228
6, 111,183,228
6, 111,183,228
6, 111,183,228
6, 111,183,228
6, 111,183,228
6, 111,183,228
6, 111,183,228
6, 111,183,228
6, 111,183,228
PO4_02mgL_uncover1
Light Source Color - BLUE,27/03/2024,15:46:45
7, 111,183,228
7, 37804,11224,676
7, 37808,11230,676
7, 37797,11228,676
7, 37810,11233,676
7, 37831,11239,677
7, 37808,11233,676
7, 37804,11233,676
7, 37792,11231,676
7, 37785,11227,676
7, 37783,11227,676
PO4_02mgL_uncover1
Light Source Color - OFF,27/03/2024,15:46:57
8, 37812,11236,676
8, 111,183,228
8, 111,183,228
8, 111,183,228
8, 111,183,228
8, 111,183,228
8, 111,183,228
8, 111,183,228
8, 111,183,228
8, 111,183,228
8, 111,183,228
PO4_02mgL_uncover1
Light Source Color - WHITE,27/03/2024,15:47:09
9, 111,183,228
9, 48907,37846,27781
9, 48891,37807,27660
9, 48834,37725,27532
9, 48778,37659,27447
9, 48743,37613,27376
9, 48703,37584,27332
9, 48675,37530,27288
9, 48642,37516,27231
9, 48619,37494,27218
9, 48657,37499,27190
PO4_02mgL_uncover1
Light Source Color - OFF,27/03/2024,15:47:22
10, 48624,37467,27117
10, 111,183,228
10, 111,183,228
10, 111,183,228
10, 111,183,228
10, 111,183,228
10, 111,183,228
10, 111,183,228
10, 111,183,228
10, 111,183,228
10, 111,183,228
PO4_02mgL_uncover1
Light Source Color - RED,27/03/2024,15:47:34
11, 111,183,228
11, 2831,1461,24720
11, 2826,1458,24651
11, 2827,1458,24641
11, 2825,1456,24616
11, 2825,1455,24609
11, 2821,1454,24580
11, 2821,1454,24564
11, 2822,1454,24572
11, 2821,1454,24570
11, 2819,1453,24547
PO4_02mgL_uncover1
Light Source Color - OFF,27/03/2024,15:47:46
12, 2816,1452,24514
12, 111,183,228
12, 111,183,228
12, 111,183,228
12, 111,183,228
12, 111,183,228
12, 111,183,228
12, 111,183,228
12, 111,183,228
12, 111,183,228
12, 111,183,228
PO4_02mgL_uncover1
Light Source Color - GREEN,27/03/2024,15:47:58
13, 111,183,228
13, 10101,26448,3570
13, 10068,26389,3566
13, 10051,26355,3564
13, 10036,26321,3562
13, 10030,26308,3561
13, 10024,26294,3560
13, 10020,26290,3560
13, 10016,26284,3559
13, 10012,26274,3559
13, 10006,26256,3557
PO4_02mgL_uncover1
Light Source Color - OFF,27/03/2024,15:48:11
14, 9867,25894,3511
14, 111,183,228
14, 111,183,228
14, 111,183,228
14, 111,183,228
14, 111,183,228
14, 111,183,228
14, 111,183,228
14, 111,183,228
14, 111,183,228
14, 111,183,228
PO4_02mgL_uncover1
Light Source Color - BLUE,27/03/2024,15:48:23
15, 111,183,228
15, 37671,11190,674
15, 37652,11190,674
15, 37688,11200,675
15, 37673,11197,675
15, 37677,11199,675
15, 37666,11195,675
15, 37672,11196,675
15, 37658,11196,674
15, 37664,11195,675
15, 37649,11191,674
PO4_02mgL_uncover1
Light Source Color - OFF,27/03/2024,15:48:35
