PO4_6mgL_1
N,P,K
0, 110,181,224
0, 110,181,224
0, 110,181,224
0, 110,181,224
0, 110,181,224
0, 110,180,224
0, 110,181,224
0, 110,181,224
0, 110,181,224
0, 110,181,224
PO4_6mgL_1
Light Source Color - WHITE,27/03/2024,14:28:11
1, 110,181,224
1, 30053,21595,10417
1, 30043,21566,10376
1, 30010,21522,10328
1, 29979,21488,10294
1, 29942,21458,10267
1, 29925,21437,10245
1, 29904,21420,10229
1, 29928,21422,10221
1, 29907,21405,10204
1, 29894,21393,10188
PO4_6mgL_1
Light Source Color - OFF,27/03/2024,14:28:23
2, 29874,21377,10172
2, 110,180,224
2, 110,180,224
2, 110,181,224
2, 110,181,224
2, 110,180,224
2, 110,180,224
2, 110,180,224
2, 110,180,224
2, 110,181,224
2, 110,181,224
PO4_6mgL_1
Light Source Color - RED,27/03/2024,14:28:35
3, 110,180,224
3, 1020,620,8655
3, 1017,618,8622
3, 1017,618,8616
3, 1016,617,8604
3, 1015,617,8597
3, 1015,617,8593
3, 1015,617,8588
3, 1014,616,8584
3, 1014,616,8580
3, 1014,616,8576
PO4_6mgL_1
Light Source Color - OFF,27/03/2024,14:28:47
4, 1013,616,8573
4, 110,181,224
4, 110,181,224
4, 110,181,224
4, 110,181,224
4, 110,181,224
4, 110,181,224
4, 110,180,224
4, 110,180,224
4, 110,181,224
4, 110,181,224
PO4_6mgL_1
Light Source Color - GREEN,27/03/2024,14:28:59
5, 110,180,224
5, 5785,14644,1972
5, 5767,14605,1970
5, 5756,14584,1968
5, 5754,14577,1968
5, 5748,14567,1968
5, 5744,14558,1967
5, 5740,14550,1967
5, 5737,14543,1966
5, 5736,14542,1966
5, 5732,14530,1965
PO4_6mgL_1
Light Source Color - OFF,27/03/2024,14:29:11
6, 5732,14533,1965
6, 110,180,224
6, 110,180,224
6, 110,180,224
6, 110,181,224
6, 110,181,224
6, 110,181,224
6, 110,181,224
6, 110,181,224
6, 110,180,224
6, 110,181,224
PO4_6mgL_1
Light Source Color - BLUE,27/03/2024,14:29:23
7, 110,181,224
7, 24401,7203,506
7, 24399,7205,506
7, 24388,7203,505
7, 24401,7208,506
7, 24402,7209,506
7, 24394,7206,506
7, 24391,7206,506
7, 24387,7205,505
7, 24381,7204,505
7, 24393,7207,506
PO4_6mgL_1
Light Source Color - OFF,27/03/2024,14:29:35
8, 24392,7206,506
8, 110,180,224
8, 110,180,224
8, 110,180,224
8, 110,181,224
8, 110,181,224
8, 110,180,224
8, 110,180,224
8, 110,180,224
8, 110,180,224
8, 110,181,224
PO4_6mgL_1
Light Source Color - WHITE,27/03/2024,14:29:48
9, 110,181,224
9, 29969,21506,10330
9, 29893,21433,10239
9, 29851,21390,10196
9, 29819,21355,10164
9, 29837,21349,10153
9, 29818,21329,10132
9, 29791,21309,10112
9, 29769,21291,10095
9, 29758,21278,10078
9, 29739,21266,10062
PO4_6mgL_1
Light Source Color - OFF,27/03/2024,14:30:00
10, 29766,21270,10055
10, 110,180,224
10, 110,180,224
10, 110,180,224
10, 110,180,224
10, 110,180,224
10, 110,180,224
10, 110,180,224
10, 110,180,224
10, 110,180,224
10, 110,180,224
PO4_6mgL_1
Light Source Color - RED,27/03/2024,14:30:12
11, 117,184,296
11, 1011,616,8575
11, 1007,613,8520
11, 1005,612,8503
11, 1004,612,8493
11, 1004,611,8486
11, 1003,611,8484
11, 1003,611,8480
11, 1003,611,8475
11, 1002,610,8470
11, 1002,610,8467
PO4_6mgL_1
Light Source Color - OFF,27/03/2024,14:30:24
12, 984,602,8305
12, 110,180,224
12, 110,180,224
12, 110,180,224
12, 110,180,224
12, 110,180,224
12, 110,180,224
12, 110,180,224
12, 110,180,224
12, 110,180,224
12, 110,180,224
PO4_6mgL_1
Light Source Color - GREEN,27/03/2024,14:30:36
13, 110,180,224
13, 5238,13242,1801
13, 5738,14527,1959
13, 5727,14505,1958
13, 5721,14490,1957
13, 5714,14477,1956
13, 5710,14467,1955
13, 5708,14462,1955
13, 5707,14460,1955
13, 5703,14453,1954
13, 5701,14450,1954
PO4_6mgL_1
Light Source Color - OFF,27/03/2024,14:30:48
14, 5700,14447,1953
14, 573,1363,367
14, 110,180,224
14, 110,180,224
14, 110,180,224
14, 110,180,224
14, 110,180,224
14, 110,180,224
14, 110,180,224
14, 110,180,224
14, 110,180,224
PO4_6mgL_1
Light Source Color - BLUE,27/03/2024,14:31:00
15, 110,180,224
15, 24318,7181,504
15, 24325,7184,505
15, 24326,7186,505
15, 24317,7184,505
15, 24309,7183,504
15, 24310,7183,504
15, 24322,7186,505
15, 24324,7187,505
15, 24320,7186,505
15, 24314,7184,504
PO4_6mgL_1
Light Source Color - OFF,27/03/2024,14:31:13
