PO4_10mgL_1
N,P,K
0, 109,180,223
0, 109,180,223
0, 109,180,223
0, 109,180,223
0, 109,180,223
0, 109,180,223
0, 109,180,223
0, 109,180,223
0, 109,180,223
0, 109,180,223
PO4_10mgL_1
Light Source Color - WHITE,27/03/2024,14:42:48
1, 109,180,223
1, 26752,17951,7517
1, 26705,17903,7465
1, 26716,17894,7449
1, 26694,17869,7423
1, 26667,17847,7404
1, 26649,17829,7388
1, 26624,17811,7373
1, 26637,17811,7368
1, 26640,17805,7356
1, 26624,17790,7342
PO4_10mgL_1
Light Source Color - OFF,27/03/2024,14:43:00
2, 26605,17780,7332
2, 109,180,223
2, 109,179,223
2, 109,179,223
2, 109,180,223
2, 109,180,223
2, 109,180,223
2, 109,180,223
2, 109,180,223
2, 109,180,223
2, 109,180,223
PO4_10mgL_1
Light Source Color - RED,27/03/2024,14:43:12
3, 109,180,223
3, 744,491,6103
3, 742,489,6072
3, 741,489,6063
3, 740,489,6056
3, 740,489,6056
3, 740,488,6051
3, 739,488,6046
3, 739,488,6044
3, 739,488,6042
3, 739,488,6039
PO4_10mgL_1
Light Source Color - OFF,27/03/2024,14:43:24
4, 738,488,6038
4, 109,180,223
4, 109,180,223
4, 109,180,223
4, 109,180,223
4, 109,180,223
4, 109,180,223
4, 109,180,223
4, 109,180,223
4, 109,180,223
4, 109,180,223
PO4_10mgL_1
Light Source Color - GREEN,27/03/2024,14:43:36
5, 109,180,223
5, 4611,11701,1574
5, 4593,11662,1572
5, 4584,11643,1571
5, 4579,11633,1570
5, 4574,11624,1569
5, 4573,11621,1569
5, 4571,11616,1569
5, 4567,11608,1568
5, 4566,11604,1568
5, 4564,11602,1568
PO4_10mgL_1
Light Source Color - OFF,27/03/2024,14:43:48
6, 4367,11098,1508
6, 109,180,223
6, 109,180,223
6, 109,180,223
6, 109,180,223
6, 109,180,223
6, 109,180,223
6, 109,180,223
6, 109,180,223
6, 109,180,223
6, 109,180,223
PO4_10mgL_1
Light Source Color - BLUE,27/03/2024,14:44:01
7, 109,180,223
7, 22453,6563,481
7, 22462,6566,482
7, 22462,6568,482
7, 22453,6566,481
7, 22449,6566,481
7, 22457,6568,482
7, 22476,6573,482
7, 22461,6569,482
7, 22456,6568,482
7, 22454,6568,481
PO4_10mgL_1
Light Source Color - OFF,27/03/2024,14:44:13
8, 22451,6567,481
8, 109,179,223
8, 109,180,223
8, 109,180,223
8, 109,180,223
8, 109,180,223
8, 109,180,223
8, 109,180,223
8, 109,180,223
8, 109,180,223
8, 109,180,223
PO4_10mgL_1
Light Source Color - WHITE,27/03/2024,14:44:25
9, 109,180,223
9, 26669,17870,7440
9, 26622,17821,7384
9, 26627,17812,7369
9, 26605,17789,7346
9, 26578,17766,7325
9, 26562,17747,7309
9, 26546,17733,7297
9, 26526,17718,7283
9, 26552,17723,7279
9, 26539,17711,7267
PO4_10mgL_1
Light Source Color - OFF,27/03/2024,14:44:37
10, 26527,17702,7257
10, 109,180,223
10, 109,180,223
10, 109,180,223
10, 109,180,223
10, 109,180,223
10, 109,180,223
10, 109,180,223
10, 109,180,223
10, 109,180,223
10, 109,180,223
PO4_10mgL_1
Light Source Color - RED,27/03/2024,14:44:49
11, 109,180,223
11, 738,488,6039
11, 735,486,6006
11, 734,485,5993
11, 733,485,5988
11, 733,485,5985
11, 733,485,5980
11, 733,485,5979
11, 732,485,5977
11, 732,484,5973
11, 732,484,5971
PO4_10mgL_1
Light Source Color - OFF,27/03/2024,14:45:02
12, 732,484,5969
12, 109,180,223
12, 109,180,223
12, 109,180,223
12, 109,180,223
12, 109,180,223
12, 109,180,223
12, 109,180,223
12, 109,180,223
12, 109,180,223
12, 109,180,223
PO4_10mgL_1
Light Source Color - GREEN,27/03/2024,14:45:14
13, 145,271,234
13, 4590,11644,1567
13, 4572,11606,1565
13, 4563,11586,1564
13, 4557,11574,1563
13, 4553,11567,1562
13, 4551,11564,1562
13, 4549,11558,1562
13, 4546,11550,1561
13, 4545,11551,1561
13, 4543,11546,1561
PO4_10mgL_1
Light Source Color - OFF,27/03/2024,14:45:26
14, 4541,11540,1560
14, 334,756,291
14, 109,180,223
14, 109,180,223
14, 109,180,223
14, 109,180,223
14, 109,180,223
14, 109,180,223
14, 109,180,223
14, 109,180,223
14, 109,180,223
PO4_10mgL_1
Light Source Color - BLUE,27/03/2024,14:45:38
15, 109,180,223
15, 22391,6546,481
15, 22398,6550,481
15, 22409,6554,481
15, 22403,6552,481
15, 22402,6553,481
15, 22393,6550,481
15, 22387,6549,481
15, 22400,6553,481
15, 22404,6555,481
15, 22407,6555,481
PO4_10mgL_1
Light Source Color - OFF,27/03/2024,14:45:50
