PO4_1_0mgL_new1
N,P,K
0, 115,188,235
0, 115,188,235
0, 115,188,235
0, 115,188,235
0, 115,188,235
0, 115,188,235
0, 115,188,235
0, 115,188,235
0, 115,188,235
0, 115,188,235
PO4_1_0mgL_new1
Light Source Color - WHITE,27/03/2024,17:13:31
1, 115,188,235
1, 58003,43095,26855
1, 57870,42927,26648
1, 57774,42864,26368
1, 57781,42824,26473
1, 57711,42770,26375
1, 57679,42735,26370
1, 57724,42756,26337
1, 57696,42720,26311
1, 57627,42675,26257
1, 57632,42663,26208
PO4_1_0mgL_new1
Light Source Color - OFF,27/03/2024,17:13:43
2, 57630,42629,26169
2, 114,188,235
2, 115,188,235
2, 115,188,235
2, 115,188,235
2, 114,188,235
2, 114,188,235
2, 114,188,235
2, 114,188,235
2, 114,188,235
2, 115,188,235
PO4_1_0mgL_new1
Light Source Color - RED,27/03/2024,17:13:56
3, 115,188,235
3, 2593,1375,23331
3, 2583,1368,23207
3, 2577,1366,23143
3, 2572,1364,23109
3, 2563,1357,23014
3, 2569,1360,23024
3, 2568,1363,23053
3, 2567,1363,23021
3, 2566,1361,23072
3, 2570,1362,23041
PO4_1_0mgL_new1
Light Source Color - OFF,27/03/2024,17:14:08
4, 2566,1362,23020
4, 115,188,235
4, 115,188,235
4, 115,188,235
4, 115,188,235
4, 115,188,235
4, 115,188,235
4, 115,188,235
4, 115,188,235
4, 115,188,235
4, 115,188,235
PO4_1_0mgL_new1
Light Source Color - GREEN,27/03/2024,17:14:20
5, 115,188,235
5, 11455,29617,3968
5, 11452,29652,3974
5, 11429,29596,3972
5, 11420,29592,3972
5, 11397,29541,3966
5, 11382,29501,3963
5, 11385,29514,3965
5, 11392,29522,3967
5, 11386,29520,3966
5, 11377,29507,3963
PO4_1_0mgL_new1
Light Source Color - OFF,27/03/2024,17:14:33
6, 11375,29504,3962
6, 115,188,235
6, 115,188,235
6, 115,188,235
6, 115,188,235
6, 115,188,235
6, 115,188,235
6, 115,188,235
6, 114,188,235
6, 114,188,235
6, 115,188,235
PO4_1_0mgL_new1
Light Source Color - BLUE,27/03/2024,17:14:45
7, 115,188,235
7, 45921,13376,773
7, 45908,13384,773
7, 45857,13375,773
7, 45864,13378,773
7, 45869,13383,773
7, 45914,13397,773
7, 45920,13392,773
7, 45904,13383,773
7, 45931,13388,774
7, 45904,13384,773
PO4_1_0mgL_new1
Light Source Color - OFF,27/03/2024,17:14:58
8, 45876,13376,773
8, 114,188,235
8, 114,188,235
8, 115,188,235
8, 115,188,235
8, 114,188,235
8, 114,188,235
8, 114,188,235
8, 114,188,235
8, 114,188,235
8, 115,188,235
PO4_1_0mgL_new1
Light Source Color - WHITE,27/03/2024,17:15:10
9, 115,188,235
9, 57826,42986,26760
9, 57692,42825,26485
9, 57600,42729,26433
9, 57565,42676,26324
9, 57499,42602,26197
9, 57500,42595,26187
9, 57583,42594,26186
9, 57569,42558,26130
9, 57511,42535,26101
9, 57493,42483,25987
PO4_1_0mgL_new1
Light Source Color - OFF,27/03/2024,17:15:22
10, 57405,42436,25964
10, 114,188,235
10, 114,188,234
10, 115,188,235
10, 115,188,235
10, 114,188,235
10, 115,188,235
10, 115,188,235
10, 115,188,235
10, 115,188,235
10, 115,188,235
PO4_1_0mgL_new1
Light Source Color - RED,27/03/2024,17:15:35
11, 115,188,235
11, 2578,1368,23201
11, 2566,1360,23054
11, 2564,1358,23010
11, 2561,1356,22981
11, 2558,1355,22944
11, 2558,1355,22930
11, 2558,1355,22934
11, 2556,1353,22918
11, 2554,1353,22904
11, 2555,1354,22900
PO4_1_0mgL_new1
Light Source Color - OFF,27/03/2024,17:15:47
12, 2552,1352,22880
12, 115,188,235
12, 115,188,235
12, 115,188,235
12, 115,188,235
12, 115,188,235
12, 115,188,235
12, 115,188,235
12, 115,188,235
12, 115,188,235
12, 115,188,235
PO4_1_0mgL_new1
Light Source Color - GREEN,27/03/2024,17:16:00
13, 115,188,235
13, 11455,29627,3965
13, 11414,29558,3961
13, 11382,29477,3955
13, 11375,29474,3955
13, 11370,29459,3957
13, 11364,29448,3956
13, 11362,29454,3956
13, 11349,29407,3952
13, 11349,29416,3953
13, 11336,29384,3947
PO4_1_0mgL_new1
Light Source Color - OFF,27/03/2024,17:16:12
14, 11325,29375,3945
14, 115,188,235
14, 115,188,235
14, 115,188,235
14, 115,188,235
14, 115,188,235
14, 115,188,235
14, 115,188,235
14, 115,188,235
14, 115,188,235
14, 114,188,235
PO4_1_0mgL_new1
Light Source Color - BLUE,27/03/2024,17:16:25
15, 3441,1145,274
15, 45882,13360,773
15, 45862,13363,773
15, 45847,13362,772
15, 45852,13368,773
15, 45857,13370,772
15, 45870,13376,773
15, 45887,13373,773
15, 45893,13383,773
15, 45874,13373,773
15, 45861,13372,773
PO4_1_0mgL_new1
Light Source Color - OFF,27/03/2024,17:16:37
