PO4_10mgL_2
N,P,K
0, 0,0,0
0, 112,183,228
0, 112,183,228
0, 112,183,228
0, 112,183,228
0, 112,183,228
0, 112,183,227
0, 112,183,228
0, 112,183,228
0, 112,183,227
PO4_10mgL_2
Light Source Color - WHITE,27/03/2024,14:42:48
1, 112,183,227
1, 48989,38822,39058
1, 48888,38707,38824
1, 48824,38635,38698
1, 48850,38621,38648
1, 48809,38574,38566
1, 48774,38536,38497
1, 48749,38499,38432
1, 48718,38472,38377
1, 48690,38442,38321
1, 48653,38413,38271
PO4_10mgL_2
Light Source Color - OFF,27/03/2024,14:43:00
2, 45144,35644,35494
2, 111,183,227
2, 111,183,227
2, 111,183,227
2, 111,183,227
2, 111,183,227
2, 111,183,227
2, 111,183,227
2, 111,183,227
2, 111,183,227
2, 111,183,227
PO4_10mgL_2
Light Source Color - RED,27/03/2024,14:43:13
