PO4_06mgL_cover0
N,P,K
0, 108,179,223
0, 108,179,223
0, 108,179,222
0, 108,179,222
0, 108,179,222
0, 108,179,222
0, 108,179,222
0, 108,179,222
0, 108,179,222
0, 108,179,222
PO4_06mgL_cover0
Light Source Color - WHITE,27/03/2024,16:01:23
1, 108,179,222
1, 25567,17579,7050
1, 25511,17527,6996
1, 25477,17495,6968
1, 25488,17489,6957
1, 25476,17470,6939
1, 25460,17455,6922
1, 25445,17440,6909
1, 25426,17426,6893
1, 25403,17411,6881
1, 25390,17398,6870
PO4_06mgL_cover0
Light Source Color - OFF,27/03/2024,16:01:35
2, 25409,17400,6865
2, 108,179,222
2, 108,179,222
2, 108,179,222
2, 108,179,222
2, 108,179,222
2, 108,179,222
2, 108,179,222
2, 108,179,222
2, 108,179,222
2, 108,179,222
PO4_06mgL_cover0
Light Source Color - RED,27/03/2024,16:01:47
3, 108,179,222
3, 676,462,5600
3, 675,461,5580
3, 675,461,5576
3, 674,461,5569
3, 674,460,5563
3, 673,460,5558
3, 673,460,5556
3, 672,460,5548
3, 672,459,5544
3, 672,459,5544
PO4_06mgL_cover0
Light Source Color - OFF,27/03/2024,16:02:00
4, 672,459,5542
4, 108,179,222
4, 108,179,222
4, 108,179,222
4, 108,179,222
4, 108,179,222
4, 108,179,222
4, 108,179,222
4, 108,179,222
4, 108,179,222
4, 108,179,222
PO4_06mgL_cover0
Light Source Color - GREEN,27/03/2024,16:02:12
5, 108,179,222
5, 4535,11645,1569
5, 4519,11611,1566
5, 4509,11591,1565
5, 4503,11577,1564
5, 4499,11568,1563
5, 4495,11560,1563
5, 4494,11558,1562
5, 4493,11557,1562
5, 4490,11550,1562
5, 4487,11544,1561
PO4_06mgL_cover0
Light Source Color - OFF,27/03/2024,16:02:24
6, 4486,11539,1561
6, 108,179,222
6, 108,179,222
6, 108,179,222
6, 108,179,222
6, 108,179,222
6, 108,179,222
6, 108,179,222
6, 108,179,222
6, 108,179,222
6, 108,179,222
PO4_06mgL_cover0
Light Source Color - BLUE,27/03/2024,16:02:37
7, 108,179,222
7, 21250,6188,466
7, 21244,6190,466
7, 21243,6191,466
7, 21253,6194,466
7, 21260,6196,466
7, 21257,6196,466
7, 21250,6194,466
7, 21242,6191,466
7, 21241,6190,466
7, 21242,6191,466
PO4_06mgL_cover0
Light Source Color - OFF,27/03/2024,16:02:49
8, 21250,6194,466
8, 108,179,222
8, 108,179,222
8, 108,179,222
8, 108,179,222
8, 108,179,222
8, 108,179,222
8, 108,179,222
8, 108,179,222
8, 108,179,222
8, 108,179,222
PO4_06mgL_cover0
Light Source Color - WHITE,27/03/2024,16:03:01
9, 108,179,222
9, 25333,17389,6897
9, 25285,17342,6852
9, 25297,17333,6838
9, 25275,17307,6816
9, 25250,17284,6796
9, 25232,17265,6781
9, 25212,17250,6770
9, 25195,17238,6757
9, 25215,17239,6751
9, 25203,17230,6742
PO4_06mgL_cover0
Light Source Color - OFF,27/03/2024,16:03:13
10, 25191,17218,6730
10, 108,179,222
10, 108,179,222
10, 108,179,222
10, 108,179,222
10, 108,179,222
10, 108,179,222
10, 108,179,222
10, 108,179,222
10, 108,179,222
10, 108,179,222
PO4_06mgL_cover0
Light Source Color - RED,27/03/2024,16:03:26
11, 108,179,222
11, 636,442,5220
11, 663,455,5470
11, 662,455,5458
11, 661,454,5450
11, 661,454,5447
11, 661,454,5442
11, 661,454,5441
11, 660,454,5436
11, 660,454,5433
11, 660,453,5428
PO4_06mgL_cover0
Light Source Color - OFF,27/03/2024,16:03:38
12, 659,453,5428
12, 108,179,222
12, 108,179,222
12, 108,179,222
12, 108,179,222
12, 108,179,222
12, 108,179,222
12, 108,179,222
12, 108,179,222
12, 108,179,222
12, 108,179,222
PO4_06mgL_cover0
Light Source Color - GREEN,27/03/2024,16:03:50
13, 108,179,222
13, 4484,11513,1553
13, 4470,11482,1551
13, 4460,11464,1549
13, 4451,11445,1549
13, 4451,11445,1548
13, 4449,11438,1548
13, 4447,11433,1548
13, 4444,11427,1547
13, 4443,11424,1547
13, 4442,11420,1547
PO4_06mgL_cover0
Light Source Color - OFF,27/03/2024,16:04:03
14, 4440,11418,1546
14, 109,180,222
14, 108,179,222
14, 108,179,222
14, 108,179,222
14, 108,179,222
14, 108,179,222
14, 108,179,222
14, 108,179,222
14, 108,179,222
14, 108,179,222
PO4_06mgL_cover0
Light Source Color - BLUE,27/03/2024,16:04:15
15, 108,179,222
15, 21118,6154,464
15, 21114,6154,464
15, 21130,6159,465
15, 21126,6159,465
15, 21130,6160,465
15, 21124,6158,464
15, 21120,6157,464
15, 21110,6155,464
15, 21108,6154,464
15, 21118,6158,464
PO4_06mgL_cover0
Light Source Color - OFF,27/03/2024,16:04:27
