PO4_02mgL_0
N,P,K
0, 112,184,230
0, 111,184,230
0, 111,184,230
0, 111,184,230
0, 111,184,230
0, 111,184,230
0, 111,184,230
0, 111,184,230
0, 111,184,230
0, 111,184,230
PO4_02mgL_0
Light Source Color - WHITE,27/03/2024,15:38:09
1, 111,184,230
1, 51158,39808,30163
1, 51040,39681,29941
1, 50982,39613,29840
1, 51016,39593,29800
1, 50958,39556,29666
1, 50924,39509,29631
1, 50870,39462,29544
1, 50837,39428,29527
1, 50799,39400,29502
1, 50852,39405,29482
PO4_02mgL_0
Light Source Color - OFF,27/03/2024,15:38:21
2, 50839,39383,29427
2, 111,184,230
2, 111,184,230
2, 111,184,230
2, 111,184,230
2, 111,184,230
2, 111,184,230
2, 111,184,230
2, 111,184,230
2, 111,184,230
2, 111,184,230
PO4_02mgL_0
Light Source Color - RED,27/03/2024,15:38:33
3, 111,184,230
3, 3066,1574,26859
3, 3063,1572,26813
3, 3057,1568,26765
3, 3057,1567,26747
3, 3054,1566,26719
3, 3053,1566,26706
3, 3053,1566,26698
3, 3052,1565,26678
3, 3050,1564,26655
3, 3048,1562,26630
PO4_02mgL_0
Light Source Color - OFF,27/03/2024,15:38:45
4, 3046,1561,26615
4, 111,184,230
4, 111,184,230
4, 111,184,230
4, 111,184,230
4, 111,184,230
4, 111,184,230
4, 111,184,230
4, 111,184,230
4, 111,184,230
4, 111,184,230
PO4_02mgL_0
Light Source Color - GREEN,27/03/2024,15:38:58
5, 111,184,230
5, 10589,27812,3749
5, 10552,27728,3743
5, 10533,27692,3742
5, 10522,27670,3739
5, 10517,27658,3739
5, 10509,27640,3738
5, 10500,27624,3737
5, 10496,27614,3736
5, 10495,27611,3735
5, 10490,27599,3735
PO4_02mgL_0
Light Source Color - OFF,27/03/2024,15:39:10
6, 10488,27594,3736
6, 111,184,230
6, 111,184,230
6, 111,184,230
6, 111,184,230
6, 111,184,230
6, 111,184,230
6, 111,184,230
6, 111,184,230
6, 111,184,230
6, 111,184,230
PO4_02mgL_0
Light Source Color - BLUE,27/03/2024,15:39:22
7, 111,184,230
7, 39083,11576,694
7, 39101,11582,694
7, 39102,11585,694
7, 39089,11584,694
7, 39070,11580,694
7, 39066,11578,694
7, 39064,11578,693
7, 39089,11584,694
7, 39081,11586,694
7, 39069,11583,694
PO4_02mgL_0
Light Source Color - OFF,27/03/2024,15:39:34
8, 39059,11579,693
8, 111,184,230
8, 111,184,230
8, 111,184,230
8, 111,184,230
8, 111,184,230
8, 111,184,230
8, 111,184,230
8, 111,184,230
8, 111,184,230
8, 111,184,230
PO4_02mgL_0
Light Source Color - WHITE,27/03/2024,15:39:47
9, 111,184,230
9, 50761,39436,29677
9, 50633,39294,29416
9, 50572,39217,29300
9, 50514,39160,29217
9, 50484,39120,29148
9, 50523,39114,29125
9, 50482,39081,29060
9, 50462,39055,29007
9, 50426,39028,28954
9, 50406,39005,28929
PO4_02mgL_0
Light Source Color - OFF,27/03/2024,15:39:59
10, 50373,38974,28879
10, 111,184,229
10, 111,184,229
10, 111,184,229
10, 111,184,229
10, 111,184,229
10, 111,184,229
10, 111,184,229
10, 111,184,229
10, 111,184,230
10, 111,184,229
PO4_02mgL_0
Light Source Color - RED,27/03/2024,15:40:11
11, 111,184,229
11, 3021,1552,26430
11, 3013,1547,26323
11, 3011,1545,26284
11, 3010,1544,26276
11, 3007,1543,26252
11, 3005,1542,26238
11, 3005,1541,26225
11, 3005,1541,26218
11, 3004,1540,26199
11, 3003,1539,26186
PO4_02mgL_0
Light Source Color - OFF,27/03/2024,15:40:24
12, 3001,1539,26184
12, 111,184,229
12, 111,184,229
12, 111,184,229
12, 111,184,229
12, 111,184,229
12, 111,184,230
12, 111,184,229
12, 111,184,229
12, 111,184,229
12, 111,184,229
PO4_02mgL_0
Light Source Color - GREEN,27/03/2024,15:40:36
13, 111,184,229
13, 9886,25943,3508
13, 10453,27464,3709
13, 10430,27420,3706
13, 10418,27388,3704
13, 10406,27369,3702
13, 10398,27345,3700
13, 10396,27339,3700
13, 10391,27332,3700
13, 10387,27325,3699
13, 10386,27318,3699
PO4_02mgL_0
Light Source Color - OFF,27/03/2024,15:40:48
14, 10383,27305,3699
14, 111,184,229
14, 111,184,229
14, 111,184,229
14, 111,184,229
14, 111,184,229
14, 111,184,229
14, 111,184,229
14, 111,184,229
14, 111,184,229
14, 111,184,229
PO4_02mgL_0
Light Source Color - BLUE,27/03/2024,15:41:00
15, 111,184,229
15, 38829,11506,690
15, 38817,11506,690
15, 38814,11508,690
15, 38832,11512,690
15, 38822,11510,690
15, 38824,11512,690
15, 38834,11517,690
15, 38826,11516,690
15, 38817,11512,690
15, 38843,11516,690
PO4_02mgL_0
Light Source Color - OFF,27/03/2024,15:41:13
