PO4_8mgL_0
N,P,K
0, 109,179,223
0, 109,179,223
0, 109,179,223
0, 109,179,223
0, 109,179,223
0, 109,179,223
0, 109,179,223
0, 109,179,223
0, 109,179,223
0, 109,179,223
PO4_8mgL_0
Light Source Color - WHITE,27/03/2024,14:35:46
1, 109,179,223
1, 25748,17383,7150
1, 25747,17363,7121
1, 25717,17330,7087
1, 25686,17304,7062
1, 25663,17281,7046
1, 25644,17264,7029
1, 25631,17250,7015
1, 25654,17252,7009
1, 25633,17239,6997
1, 25627,17229,6982
PO4_8mgL_0
Light Source Color - OFF,27/03/2024,14:35:58
2, 25613,17219,6973
2, 109,179,222
2, 109,179,222
2, 109,179,223
2, 109,179,223
2, 109,179,223
2, 109,179,223
2, 109,179,223
2, 109,179,223
2, 109,179,223
2, 109,179,223
PO4_8mgL_0
Light Source Color - RED,27/03/2024,14:36:10
3, 109,179,223
3, 708,477,5726
3, 706,475,5702
3, 705,475,5696
3, 704,475,5689
3, 704,474,5685
3, 704,474,5679
3, 703,474,5676
3, 703,474,5673
3, 703,474,5672
3, 703,474,5668
PO4_8mgL_0
Light Source Color - OFF,27/03/2024,14:36:22
4, 702,473,5666
4, 109,179,223
4, 109,179,223
4, 109,179,223
4, 109,179,223
4, 109,179,223
4, 109,179,223
4, 109,179,223
4, 109,179,223
4, 109,179,223
4, 109,179,223
PO4_8mgL_0
Light Source Color - GREEN,27/03/2024,14:36:34
5, 109,179,223
5, 4508,11345,1566
5, 4494,11316,1565
5, 4485,11300,1563
5, 4486,11301,1564
5, 4480,11288,1563
5, 4477,11282,1563
5, 4475,11278,1563
5, 4473,11273,1562
5, 4472,11271,1562
5, 4470,11267,1562
PO4_8mgL_0
Light Source Color - OFF,27/03/2024,14:36:46
6, 4468,11263,1561
6, 109,179,223
6, 109,179,223
6, 109,179,223
6, 109,179,223
6, 109,179,223
6, 109,179,223
6, 109,179,223
6, 109,179,223
6, 109,179,223
6, 109,179,223
PO4_8mgL_0
Light Source Color - BLUE,27/03/2024,14:36:58
7, 109,179,223
7, 21543,6319,469
7, 21544,6322,469
7, 21539,6322,469
7, 21548,6325,470
7, 21540,6323,469
7, 21534,6322,469
7, 21528,6321,469
7, 21525,6319,469
7, 21529,6321,469
7, 21530,6322,469
PO4_8mgL_0
Light Source Color - OFF,27/03/2024,14:37:10
8, 21526,6320,469
8, 109,179,223
8, 109,179,223
8, 109,179,222
8, 109,179,223
8, 109,179,223
8, 109,179,223
8, 109,179,223
8, 109,179,223
8, 109,179,223
8, 109,179,223
PO4_8mgL_0
Light Source Color - WHITE,27/03/2024,14:37:23
9, 109,179,223
9, 25659,17290,7056
9, 25596,17234,6993
9, 25562,17202,6962
9, 25537,17176,6944
9, 25556,17175,6936
9, 25538,17159,6920
9, 25517,17143,6907
9, 25502,17130,6892
9, 25485,17116,6881
9, 25499,17116,6876
PO4_8mgL_0
Light Source Color - OFF,27/03/2024,14:37:35
10, 25498,17108,6864
10, 109,179,223
10, 109,179,223
10, 109,179,223
10, 109,179,223
10, 109,179,223
10, 109,179,223
10, 109,179,223
10, 109,179,223
10, 109,179,222
10, 109,179,223
PO4_8mgL_0
Light Source Color - RED,27/03/2024,14:37:47
11, 109,179,223
11, 700,473,5650
11, 697,471,5612
11, 696,470,5600
11, 695,470,5594
11, 695,469,5589
11, 695,469,5587
11, 694,469,5584
11, 694,469,5580
11, 694,469,5578
11, 694,469,5576
PO4_8mgL_0
Light Source Color - OFF,27/03/2024,14:37:59
12, 694,469,5576
12, 109,179,223
12, 109,179,223
12, 109,179,223
12, 109,179,223
12, 109,179,222
12, 109,179,223
12, 109,179,223
12, 109,179,223
12, 109,179,223
12, 109,179,222
PO4_8mgL_0
Light Source Color - GREEN,27/03/2024,14:38:11
13, 109,179,222
13, 4446,11187,1546
13, 4462,11238,1555
13, 4455,11223,1554
13, 4449,11212,1553
13, 4445,11203,1552
13, 4444,11201,1552
13, 4441,11195,1552
13, 4439,11192,1552
13, 4437,11188,1552
13, 4436,11185,1551
PO4_8mgL_0
Light Source Color - OFF,27/03/2024,14:38:23
14, 4406,11109,1542
14, 109,179,223
14, 109,179,223
14, 109,179,223
14, 109,179,223
14, 109,179,223
14, 109,179,223
14, 109,179,223
14, 109,179,223
14, 109,179,223
14, 109,179,223
PO4_8mgL_0
Light Source Color - BLUE,27/03/2024,14:38:35
15, 109,179,223
15, 19392,5704,445
15, 21463,6302,469
15, 21462,6304,469
15, 21459,6303,469
15, 21458,6303,469
15, 21457,6303,469
15, 21466,6305,469
15, 21463,6305,469
15, 21460,6305,469
15, 21455,6304,468
PO4_8mgL_0
Light Source Color - OFF,27/03/2024,14:38:48
