blank_0  :  
Light Source Color - OFF
N,P,K
0, 80,137,165
0, 80,137,165
0, 79,136,165
0, 79,136,165
0, 79,136,165
0, 79,136,165
0, 79,136,165
0, 79,136,165
0, 79,136,165
0, 79,136,165
0, 79,136,165
blank_0
Light Source Color - WHITE	 , 31/03/2024,11:27:01
1, 79,136,165
1, 2138,1963,1419
1, 2136,1962,1406
1, 2135,1962,1399
1, 2134,1962,1395
1, 2133,1961,1390
1, 2134,1963,1389
1, 2134,1962,1386
1, 2133,1962,1382
1, 2132,1962,1380
1, 2130,1961,1377
blank_0
Light Source Color - OFF	 , 31/03/2024,11:27:13
2, 2129,1960,1374
2, 138,188,199
2, 79,136,164
2, 79,136,164
2, 79,136,164
2, 79,136,164
2, 79,136,165
2, 79,136,165
2, 79,136,165
2, 79,136,164
2, 79,136,164
2, 79,136,164
blank_0
Light Source Color - RED	 , 31/03/2024,11:27:26
3, 79,136,165
3, 185,189,1216
3, 185,189,1211
3, 185,189,1208
3, 184,189,1207
3, 184,189,1206
3, 184,189,1205
3, 184,189,1204
3, 184,188,1203
3, 184,188,1202
3, 184,188,1201
blank_0
Light Source Color - OFF	 , 31/03/2024,11:27:38
4, 184,188,1201
4, 79,136,165
4, 79,136,165
4, 79,136,165
4, 79,136,164
4, 79,136,164
4, 79,136,165
4, 79,136,165
4, 79,136,165
4, 79,136,164
4, 79,136,164
4, 79,136,165
blank_0
Light Source Color - GREEN	 , 31/03/2024,11:27:51
5, 79,136,165
5, 570,1521,353
5, 570,1520,353
5, 569,1519,353
5, 569,1519,353
5, 569,1520,353
5, 569,1519,353
5, 569,1519,353
5, 569,1518,353
5, 568,1518,352
5, 569,1518,353
5, 569,1518,353
blank_0
Light Source Color - OFF	 , 31/03/2024,11:28:04
6, 568,1518,353
6, 79,136,164
6, 79,136,164
6, 79,136,164
6, 79,136,164
6, 79,136,164
6, 79,136,164
6, 79,136,164
6, 79,136,164
6, 79,136,164
6, 79,136,164
6, 79,136,164
blank_0
Light Source Color - BLUE	 , 31/03/2024,11:28:17
7, 79,136,164
7, 1793,688,186
7, 1793,688,186
7, 1794,689,186
7, 1794,689,186
7, 1793,689,186
7, 1792,688,186
7, 1792,688,186
7, 1793,689,186
7, 1793,689,186
7, 1792,689,186
7, 1792,688,186
blank_0
Light Source Color - OFF	 , 31/03/2024,11:28:30
8, 1791,688,186
8, 79,136,164
8, 79,136,164
8, 79,136,164
8, 79,136,164
8, 79,136,164
8, 79,136,164
8, 79,136,164
8, 79,136,164
8, 79,136,164
8, 79,136,164
8, 79,136,164
blank_0
Light Source Color - WHITE	 , 31/03/2024,11:28:43
9, 79,136,164
9, 2137,1964,1394
9, 2133,1962,1381
9, 2132,1962,1374
9, 2131,1962,1370
9, 2130,1961,1366
9, 2132,1962,1365
9, 2131,1962,1361
9, 2130,1961,1359
9, 2128,1960,1356
9, 2127,1960,1353
blank_0
Light Source Color - OFF	 , 31/03/2024,11:28:55
10, 2126,1959,1350
10, 191,236,229
10, 79,136,164
10, 79,136,164
10, 79,136,164
10, 79,136,164
10, 79,136,164
10, 79,136,164
10, 79,136,164
10, 79,136,164
10, 79,136,164
10, 79,136,164
blank_0
Light Source Color - RED	 , 31/03/2024,11:29:08
11, 79,136,164
11, 184,188,1195
11, 183,188,1190
11, 183,188,1188
11, 183,187,1187
11, 183,188,1186
11, 183,187,1185
11, 183,187,1185
11, 183,187,1184
11, 183,187,1183
11, 183,187,1182
11, 183,187,1182
blank_0
Light Source Color - OFF	 , 31/03/2024,11:29:21
12, 183,187,1182
12, 79,136,164
12, 79,136,164
12, 79,136,164
12, 79,136,164
12, 79,136,164
12, 79,136,165
12, 79,136,165
12, 79,136,164
12, 79,136,164
12, 79,136,165
12, 79,136,164
blank_0
Light Source Color - GREEN	 , 31/03/2024,11:29:34
13, 79,136,164
13, 568,1518,353
13, 568,1516,353
13, 567,1516,353
13, 568,1516,353
13, 567,1516,353
13, 567,1515,353
13, 567,1515,353
13, 567,1515,352
13, 567,1514,352
13, 567,1515,353
blank_0
Light Source Color - OFF	 , 31/03/2024,11:29:46
14, 566,1514,352
14, 79,136,164
14, 79,136,164
14, 79,136,164
14, 79,136,164
14, 79,136,164
14, 79,136,164
14, 79,136,164
14, 79,136,164
14, 79,136,164
14, 79,136,164
14, 79,136,164
blank_0
Light Source Color - BLUE	 , 31/03/2024,11:29:59
15, 79,136,164
15, 1791,688,186
15, 1790,688,186
15, 1791,689,186
15, 1791,689,186
15, 1790,689,186
15, 1790,689,186
15, 1790,689,186
15, 1791,689,186
15, 1791,689,186
15, 1790,689,186
15, 1790,689,186
blank_0
Light Source Color - OFF	 , 31/03/2024,11:30:12
