blank_1  :  
Light Source Color - OFF
N,P,K
0, 79,136,165
0, 79,136,164
0, 79,136,164
0, 79,136,164
0, 79,136,164
0, 79,136,164
0, 79,136,165
0, 79,136,165
0, 79,136,165
0, 79,136,165
0, 79,136,165
blank_1
Light Source Color - WHITE	 , 31/03/2024,11:27:01
1, 79,136,165
1, 2141,1968,1388
1, 2138,1966,1374
1, 2138,1966,1368
1, 2137,1966,1363
1, 2137,1966,1359
1, 2136,1965,1356
1, 2138,1967,1355
1, 2137,1967,1352
1, 2136,1966,1349
1, 2135,1966,1347
blank_1
Light Source Color - OFF	 , 31/03/2024,11:27:13
2, 2134,1965,1344
2, 79,136,164
2, 79,136,164
2, 79,136,164
2, 79,136,164
2, 79,136,164
2, 79,136,164
2, 79,136,165
2, 79,136,165
2, 79,136,164
2, 79,136,164
2, 79,136,164
blank_1
Light Source Color - RED	 , 31/03/2024,11:27:26
3, 79,136,164
3, 181,187,1169
3, 183,187,1184
3, 183,187,1182
3, 182,187,1181
3, 182,187,1179
3, 182,187,1178
3, 182,187,1178
3, 182,187,1178
3, 182,187,1177
3, 182,187,1176
blank_1
Light Source Color - OFF	 , 31/03/2024,11:27:38
4, 182,187,1176
4, 79,136,164
4, 79,136,164
4, 79,136,164
4, 79,136,164
4, 79,136,164
4, 79,136,164
4, 79,136,164
4, 79,136,164
4, 79,136,164
4, 79,136,164
4, 79,136,164
blank_1
Light Source Color - GREEN	 , 31/03/2024,11:27:51
5, 79,136,164
5, 546,1455,344
5, 568,1517,353
5, 567,1516,353
5, 567,1515,353
5, 567,1515,353
5, 567,1515,353
5, 567,1515,353
5, 567,1515,353
5, 567,1515,353
5, 567,1515,353
blank_1
Light Source Color - OFF	 , 31/03/2024,11:28:03
6, 566,1514,353
6, 79,136,164
6, 79,136,164
6, 79,136,164
6, 79,136,164
6, 79,136,164
6, 79,136,164
6, 79,136,164
6, 79,136,164
6, 79,136,164
6, 79,136,164
6, 79,136,164
blank_1
Light Source Color - BLUE	 , 31/03/2024,11:28:16
7, 79,136,164
7, 1677,652,185
7, 1795,690,186
7, 1794,690,186
7, 1793,690,186
7, 1793,690,186
7, 1792,690,186
7, 1794,691,186
7, 1794,690,186
7, 1793,690,186
7, 1792,690,186
7, 1792,690,186
blank_1
Light Source Color - OFF	 , 31/03/2024,11:28:29
8, 1793,690,186
8, 79,136,164
8, 79,136,164
8, 79,136,164
8, 79,136,164
8, 79,136,164
8, 79,136,164
8, 79,136,164
8, 79,136,164
8, 79,136,164
8, 79,136,164
8, 79,136,164
blank_1
Light Source Color - WHITE	 , 31/03/2024,11:28:42
9, 79,136,164
9, 2149,1973,1377
9, 2144,1971,1366
9, 2141,1969,1360
9, 2139,1967,1355
9, 2140,1969,1353
9, 2139,1968,1350
9, 2137,1967,1347
9, 2135,1966,1344
9, 2134,1965,1341
9, 2133,1965,1339
blank_1
Light Source Color - OFF	 , 31/03/2024,11:28:54
10, 2135,1966,1338
10, 79,136,164
10, 79,136,164
10, 79,136,164
10, 79,136,164
10, 79,136,164
10, 79,136,164
10, 79,136,164
10, 79,136,164
10, 79,136,164
10, 79,136,164
10, 79,136,164
blank_1
Light Source Color - RED	 , 31/03/2024,11:29:07
11, 79,136,164
11, 182,187,1181
11, 182,187,1177
11, 182,187,1174
11, 182,187,1173
11, 182,187,1173
11, 182,187,1172
11, 182,187,1171
11, 182,187,1170
11, 182,187,1170
11, 182,186,1169
blank_1
Light Source Color - OFF	 , 31/03/2024,11:29:19
12, 182,187,1169
12, 79,136,164
12, 79,136,164
12, 79,136,164
12, 79,136,164
12, 79,136,164
12, 79,136,164
12, 79,136,164
12, 79,136,164
12, 79,136,164
12, 79,136,164
12, 79,136,164
blank_1
Light Source Color - GREEN	 , 31/03/2024,11:29:32
13, 79,136,164
13, 568,1516,353
13, 567,1515,353
13, 567,1514,353
13, 566,1514,353
13, 567,1514,353
13, 566,1514,353
13, 566,1514,353
13, 566,1513,353
13, 566,1513,353
13, 566,1512,353
blank_1
Light Source Color - OFF	 , 31/03/2024,11:29:44
14, 566,1513,353
14, 79,136,164
14, 79,136,164
14, 79,136,164
14, 79,136,164
14, 79,136,164
14, 79,136,164
14, 79,136,164
14, 79,136,164
14, 79,136,164
14, 79,136,164
14, 79,136,164
blank_1
Light Source Color - BLUE	 , 31/03/2024,11:29:57
15, 79,136,164
15, 1794,690,186
15, 1793,690,186
15, 1792,690,186
15, 1791,690,186
15, 1793,690,186
15, 1792,690,186
15, 1792,690,186
15, 1791,690,186
15, 1791,690,186
15, 1792,690,186
15, 1792,690,186
blank_1
Light Source Color - OFF	 , 31/03/2024,11:30:10
