P10mgL_solution_1  :  
Light Source Color - OFF
N,P,K
0, 79,136,164
0, 79,136,164
0, 79,136,164
0, 79,136,164
0, 79,136,164
0, 79,136,164
0, 79,136,164
0, 79,136,164
0, 79,136,164
0, 79,136,164
P10mgL_solution_1
Light Source Color - WHITE	 , 31/03/2024,11:15:47
1, 79,136,164
1, 2812,2462,2012
1, 2819,2468,1999
1, 2822,2471,1995
1, 2823,2473,1988
1, 2825,2474,1983
1, 2826,2475,1979
1, 2826,2475,1975
1, 2826,2476,1970
1, 2828,2478,1968
1, 2829,2479,1965
P10mgL_solution_1
Light Source Color - OFF	 , 31/03/2024,11:16:00
2, 2830,2479,1962
2, 79,136,164
2, 79,136,164
2, 79,136,164
2, 79,136,164
2, 79,136,164
2, 79,136,164
2, 79,136,164
2, 79,136,164
2, 79,136,164
2, 79,136,164
P10mgL_solution_1
Light Source Color - RED	 , 31/03/2024,11:16:12
3, 79,136,164
3, 249,217,1766
3, 249,217,1758
3, 248,217,1755
3, 248,216,1752
3, 248,216,1750
3, 248,216,1749
3, 248,216,1748
3, 248,216,1747
3, 248,216,1751
3, 248,216,1750
P10mgL_solution_1
Light Source Color - OFF	 , 31/03/2024,11:16:24
4, 248,216,1745
4, 82,138,194
4, 79,136,164
4, 79,136,164
4, 79,136,164
4, 79,136,164
4, 79,136,164
4, 79,136,164
4, 79,136,164
4, 79,136,164
4, 79,136,164
P10mgL_solution_1
Light Source Color - GREEN	 , 31/03/2024,11:16:36
5, 79,136,164
5, 708,1879,406
5, 708,1880,406
5, 708,1880,406
5, 707,1879,406
5, 707,1879,406
5, 707,1878,406
5, 707,1878,406
5, 707,1879,406
5, 707,1878,406
5, 707,1878,406
P10mgL_solution_1
Light Source Color - OFF	 , 31/03/2024,11:16:48
6, 707,1877,406
6, 79,136,164
6, 79,136,164
6, 79,136,164
6, 79,136,164
6, 79,136,164
6, 79,136,164
6, 79,136,164
6, 79,136,164
6, 79,136,164
6, 79,136,164
P10mgL_solution_1
Light Source Color - BLUE	 , 31/03/2024,11:17:00
7, 79,136,164
7, 2455,906,194
7, 2454,906,194
7, 2453,906,194
7, 2455,907,194
7, 2456,907,194
7, 2456,907,194
7, 2455,907,194
7, 2454,907,194
7, 2454,907,194
7, 2456,907,194
P10mgL_solution_1
Light Source Color - OFF	 , 31/03/2024,11:17:12
8, 2455,907,194
8, 79,136,164
8, 79,136,164
8, 79,136,164
8, 79,136,164
8, 79,136,164
8, 79,136,164
8, 79,136,164
8, 79,136,164
8, 79,136,164
8, 79,136,164
P10mgL_solution_1
Light Source Color - WHITE	 , 31/03/2024,11:17:24
9, 116,167,188
9, 2842,2477,1991
9, 2836,2473,1972
9, 2833,2472,1963
9, 2832,2471,1957
9, 2830,2471,1951
9, 2828,2470,1947
9, 2830,2471,1945
9, 2829,2471,1942
9, 2828,2470,1938
9, 2826,2469,1935
P10mgL_solution_1
Light Source Color - OFF	 , 31/03/2024,11:17:36
10, 2824,2468,1931
10, 79,136,163
10, 79,136,163
10, 79,136,164
10, 79,136,164
10, 79,136,164
10, 79,136,164
10, 79,136,163
10, 79,136,163
10, 79,136,164
10, 79,136,164
P10mgL_solution_1
Light Source Color - RED	 , 31/03/2024,11:17:48
11, 79,136,163
11, 247,216,1738
11, 246,215,1732
11, 246,215,1730
11, 246,215,1729
11, 246,215,1727
11, 246,215,1726
11, 246,215,1725
11, 246,215,1723
11, 246,215,1723
11, 246,215,1723
P10mgL_solution_1
Light Source Color - OFF	 , 31/03/2024,11:18:00
12, 246,215,1722
12, 79,136,164
12, 79,136,164
12, 79,136,164
12, 79,136,164
12, 79,136,164
12, 79,136,164
12, 79,136,164
12, 79,136,164
12, 79,136,164
12, 79,136,164
P10mgL_solution_1
Light Source Color - GREEN	 , 31/03/2024,11:18:12
13, 79,136,164
13, 709,1881,406
13, 708,1879,406
13, 707,1879,406
13, 707,1878,406
13, 707,1878,406
13, 707,1878,406
13, 707,1878,406
13, 707,1878,406
13, 707,1877,406
13, 707,1877,406
P10mgL_solution_1
Light Source Color - OFF	 , 31/03/2024,11:18:24
14, 706,1877,406
14, 140,306,187
14, 79,136,164
14, 79,136,164
14, 79,136,164
14, 79,136,164
14, 79,136,163
14, 79,136,164
14, 79,136,164
14, 79,136,164
14, 79,136,164
P10mgL_solution_1
Light Source Color - BLUE	 , 31/03/2024,11:18:36
15, 79,136,164
15, 2448,905,194
15, 2447,905,194
15, 2449,906,194
15, 2449,906,194
15, 2449,906,194
15, 2448,906,194
15, 2447,906,194
15, 2447,905,193
15, 2449,906,194
15, 2449,906,194
P10mgL_solution_1
Light Source Color - OFF	 , 31/03/2024,11:18:48
