P10mgL_solution_0  :  
Light Source Color - OFF
N,P,K
0, 79,136,165
0, 79,137,165
0, 79,136,165
0, 79,136,165
0, 79,136,165
0, 79,136,165
0, 79,136,165
0, 79,136,165
0, 79,136,165
0, 79,136,165
P10mgL_solution_0
Light Source Color - WHITE	 , 31/03/2024,11:15:47
1, 79,136,165
1, 2771,2439,2003
1, 2774,2441,1996
1, 2775,2442,1987
1, 2774,2442,1980
1, 2774,2443,1974
1, 2776,2443,1970
1, 2774,2444,1965
1, 2777,2447,1962
1, 2775,2447,1961
1, 2776,2449,1959
P10mgL_solution_0
Light Source Color - OFF	 , 31/03/2024,11:15:59
2, 2781,2448,1960
2, 79,136,165
2, 79,136,165
2, 79,136,165
2, 79,136,165
2, 79,136,165
2, 79,136,165
2, 79,136,165
2, 79,136,165
2, 79,136,165
2, 79,136,165
P10mgL_solution_0
Light Source Color - RED	 , 31/03/2024,11:16:11
3, 79,136,165
3, 248,217,1761
3, 248,218,1760
3, 248,217,1758
3, 248,218,1759
3, 249,218,1760
3, 249,218,1760
3, 248,217,1758
3, 248,217,1756
3, 248,217,1756
3, 248,217,1754
P10mgL_solution_0
Light Source Color - OFF	 , 31/03/2024,11:16:23
4, 248,217,1751
4, 79,136,165
4, 79,136,165
4, 79,136,165
4, 79,136,165
4, 79,136,165
4, 79,136,165
4, 79,136,165
4, 79,136,165
4, 79,136,165
4, 79,136,165
P10mgL_solution_0
Light Source Color - GREEN	 , 31/03/2024,11:16:35
5, 79,137,165
5, 711,1887,407
5, 711,1886,407
5, 710,1886,407
5, 710,1887,407
5, 711,1888,407
5, 711,1890,408
5, 710,1888,408
5, 711,1888,408
5, 711,1889,408
5, 711,1888,408
P10mgL_solution_0
Light Source Color - OFF	 , 31/03/2024,11:16:47
6, 711,1888,408
6, 80,139,165
6, 79,136,165
6, 79,136,165
6, 79,136,165
6, 79,136,165
6, 79,136,165
6, 79,136,165
6, 79,136,165
6, 79,136,165
6, 79,136,165
P10mgL_solution_0
Light Source Color - BLUE	 , 31/03/2024,11:16:59
7, 79,136,165
7, 2430,899,194
7, 2432,900,195
7, 2431,899,194
7, 2431,899,194
7, 2430,899,194
7, 2430,899,194
7, 2432,900,195
7, 2433,900,195
7, 2432,900,194
7, 2431,899,194
P10mgL_solution_0
Light Source Color - OFF	 , 31/03/2024,11:17:11
8, 2431,899,194
8, 79,136,164
8, 79,136,164
8, 79,136,164
8, 79,136,164
8, 79,136,164
8, 79,136,164
8, 79,136,164
8, 79,136,164
8, 79,136,164
8, 79,136,164
P10mgL_solution_0
Light Source Color - WHITE	 , 31/03/2024,11:17:23
9, 79,136,164
9, 2821,2474,2008
9, 2818,2473,1994
9, 2820,2474,1990
9, 2818,2474,1983
9, 2818,2473,1978
9, 2817,2473,1974
9, 2817,2473,1969
9, 2817,2472,1965
9, 2820,2474,1963
9, 2817,2474,1956
P10mgL_solution_0
Light Source Color - OFF	 , 31/03/2024,11:17:35
10, 2816,2474,1952
10, 79,136,164
10, 79,136,164
10, 79,136,164
10, 79,136,164
10, 79,136,164
10, 79,136,164
10, 79,136,164
10, 79,136,164
10, 79,136,164
10, 79,136,165
P10mgL_solution_0
Light Source Color - RED	 , 31/03/2024,11:17:47
11, 79,136,165
11, 248,217,1753
11, 248,217,1746
11, 247,216,1743
11, 247,216,1740
11, 247,216,1739
11, 247,216,1738
11, 247,216,1737
11, 247,216,1736
11, 247,216,1735
11, 247,216,1733
P10mgL_solution_0
Light Source Color - OFF	 , 31/03/2024,11:17:59
12, 247,216,1733
12, 79,136,164
12, 79,136,164
12, 79,136,164
12, 79,136,164
12, 79,136,164
12, 79,136,164
12, 79,136,164
12, 79,136,164
12, 79,136,164
12, 79,136,164
P10mgL_solution_0
Light Source Color - GREEN	 , 31/03/2024,11:18:11
13, 79,136,164
13, 694,1843,401
13, 710,1888,407
13, 710,1888,407
13, 709,1887,407
13, 709,1887,407
13, 709,1887,407
13, 710,1888,407
13, 709,1887,407
13, 709,1887,407
13, 709,1887,407
P10mgL_solution_0
Light Source Color - OFF	 , 31/03/2024,11:18:23
14, 709,1886,407
14, 79,136,164
14, 79,136,164
14, 79,136,164
14, 79,136,164
14, 79,136,164
14, 79,136,164
14, 79,136,164
14, 79,136,164
14, 79,136,164
14, 79,136,164
P10mgL_solution_0
Light Source Color - BLUE	 , 31/03/2024,11:18:35
15, 79,136,164
15, 2431,899,194
15, 2432,900,194
15, 2432,900,194
15, 2432,900,194
15, 2433,900,194
15, 2432,900,194
15, 2431,900,194
15, 2433,901,194
15, 2433,901,194
15, 2432,900,194
P10mgL_solution_0
Light Source Color - OFF	 , 31/03/2024,11:18:47
