red-soil_1  :  red_soil npk_detector_TSCRGB2024
Light Source Color - OFF
N,P,K
0, 78,134,162
0, 78,134,162
0, 78,134,162
0, 78,134,162
0, 78,134,162
0, 78,134,162
0, 78,134,162
0, 78,134,162
0, 78,134,162
0, 78,134,162
red-soil_1
Light Source Color - WHITE	 , 31/03/2024,12:29:25
1, 78,134,162
1, 1965,1842,1849
1, 1962,1840,1834
1, 1960,1839,1826
1, 1962,1841,1823
1, 1961,1840,1818
1, 1959,1839,1813
1, 1958,1838,1809
1, 1956,1837,1805
1, 1954,1836,1801
1, 1952,1835,1797
red-soil_1
Light Source Color - OFF	 , 31/03/2024,12:29:38
2, 1850,1743,1708
2, 78,134,162
2, 78,134,162
2, 78,134,162
2, 78,134,162
2, 78,134,162
2, 78,134,161
2, 78,134,162
2, 78,134,162
2, 78,134,162
2, 78,134,162
red-soil_1
Light Source Color - RED	 , 31/03/2024,12:29:50
3, 78,134,162
3, 238,209,1661
3, 238,209,1656
3, 238,209,1655
3, 237,209,1653
3, 237,209,1652
3, 237,209,1650
3, 237,209,1649
3, 237,209,1648
3, 237,209,1648
3, 237,209,1647
red-soil_1
Light Source Color - OFF	 , 31/03/2024,12:30:02
4, 237,209,1646
4, 78,134,162
4, 78,134,162
4, 78,134,162
4, 78,134,162
4, 78,134,162
4, 78,134,162
4, 78,134,162
4, 78,134,162
4, 78,134,162
4, 78,134,162
red-soil_1
Light Source Color - GREEN	 , 31/03/2024,12:30:14
5, 78,134,162
5, 517,1396,340
5, 527,1427,345
5, 527,1427,345
5, 527,1426,345
5, 527,1426,345
5, 526,1425,345
5, 526,1425,345
5, 527,1426,345
5, 527,1426,345
5, 526,1425,345
red-soil_1
Light Source Color - OFF	 , 31/03/2024,12:30:26
6, 526,1425,345
6, 78,134,161
6, 78,134,161
6, 78,134,161
6, 78,134,161
6, 78,134,161
6, 78,134,161
6, 78,134,161
6, 78,134,161
6, 78,134,161
6, 78,134,161
red-soil_1
Light Source Color - BLUE	 , 31/03/2024,12:30:38
7, 78,134,161
7, 1586,623,181
7, 1585,623,181
7, 1584,623,180
7, 1584,623,180
7, 1583,622,180
7, 1583,622,180
7, 1585,623,180
7, 1584,623,180
7, 1584,623,180
7, 1584,623,180
red-soil_1
Light Source Color - OFF	 , 31/03/2024,12:30:51
8, 1584,623,180
8, 78,134,161
8, 78,134,161
8, 78,134,161
8, 78,134,161
8, 78,134,161
8, 78,134,161
8, 78,134,161
8, 78,134,161
8, 78,134,161
8, 78,134,161
red-soil_1
Light Source Color - WHITE	 , 31/03/2024,12:31:03
9, 78,134,161
9, 1961,1839,1839
9, 1958,1837,1824
9, 1956,1837,1815
9, 1954,1836,1809
9, 1956,1837,1807
9, 1955,1836,1802
9, 1954,1836,1798
9, 1952,1835,1794
9, 1950,1834,1790
9, 1950,1833,1787
red-soil_1
Light Source Color - OFF	 , 31/03/2024,12:31:15
10, 1948,1832,1783
10, 78,134,161
10, 78,134,161
10, 78,134,161
10, 78,134,161
10, 78,134,161
10, 78,134,161
10, 78,134,161
10, 78,134,161
10, 78,134,161
10, 78,134,161
red-soil_1
Light Source Color - RED	 , 31/03/2024,12:31:27
11, 78,134,161
11, 237,209,1652
11, 237,208,1647
11, 237,208,1644
11, 237,208,1643
11, 236,208,1642
11, 236,208,1641
11, 236,208,1639
11, 236,208,1639
11, 236,208,1638
11, 236,208,1637
red-soil_1
Light Source Color - OFF	 , 31/03/2024,12:31:39
12, 236,208,1637
12, 78,134,161
12, 78,134,161
12, 78,134,161
12, 78,134,161
12, 78,134,161
12, 78,134,161
12, 78,134,161
12, 78,134,161
12, 78,134,161
12, 78,134,161
red-soil_1
Light Source Color - GREEN	 , 31/03/2024,12:31:51
13, 78,134,161
13, 527,1425,344
13, 527,1426,344
13, 526,1425,345
13, 526,1425,345
13, 526,1424,344
13, 526,1424,344
13, 526,1424,344
13, 525,1423,344
13, 526,1424,345
13, 526,1424,345
red-soil_1
Light Source Color - OFF	 , 31/03/2024,12:32:03
14, 525,1423,345
14, 78,134,161
14, 78,134,161
14, 78,134,161
14, 78,134,161
14, 78,134,161
14, 78,134,161
14, 78,134,162
14, 78,134,161
14, 78,134,161
14, 78,134,161
red-soil_1
Light Source Color - BLUE	 , 31/03/2024,12:32:16
15, 78,134,161
15, 1509,598,180
15, 1585,623,181
15, 1585,623,181
15, 1584,623,181
15, 1584,623,181
15, 1584,623,181
15, 1584,623,181
15, 1585,624,181
15, 1585,624,181
15, 1585,623,181
red-soil_1
Light Source Color - OFF	 , 31/03/2024,12:32:28
