red-soil_P10mgL_.5ml0  :  red_soil P10mgL-0.5mL. npk_detector_TSCRGB2024
Light Source Color - OFF
N,P,K
0, 79,135,164
0, 79,135,164
0, 79,135,164
0, 79,135,163
0, 79,135,163
0, 79,135,163
0, 79,135,163
0, 79,135,164
0, 79,135,164
0, 79,135,163
red-soil_P10mgL_.5ml0
Light Source Color - WHITE	 , 31/03/2024,12:37:34
1, 79,135,163
1, 1687,1644,1839
1, 1683,1641,1826
1, 1688,1645,1819
1, 1684,1643,1813
1, 1683,1642,1811
1, 1672,1634,1805
1, 1663,1628,1801
1, 1656,1623,1797
1, 1651,1620,1793
1, 1645,1615,1789
red-soil_P10mgL_.5ml0
Light Source Color - OFF	 , 31/03/2024,12:37:46
2, 1638,1610,1785
2, 173,225,261
2, 79,135,163
2, 79,135,163
2, 79,135,163
2, 79,135,163
2, 79,135,163
2, 79,135,163
2, 79,135,163
2, 79,135,163
2, 79,135,163
red-soil_P10mgL_.5ml0
Light Source Color - RED	 , 31/03/2024,12:37:58
3, 79,135,163
3, 238,210,1667
3, 237,210,1661
3, 237,210,1659
3, 237,210,1658
3, 237,210,1656
3, 237,210,1654
3, 237,209,1653
3, 236,209,1651
3, 236,209,1650
3, 236,209,1649
red-soil_P10mgL_.5ml0
Light Source Color - OFF	 , 31/03/2024,12:38:10
4, 236,209,1649
4, 79,135,163
4, 79,135,163
4, 79,135,163
4, 79,135,163
4, 79,135,163
4, 79,135,163
4, 79,135,163
4, 79,135,163
4, 79,135,163
4, 79,135,163
red-soil_P10mgL_.5ml0
Light Source Color - GREEN	 , 31/03/2024,12:38:22
5, 79,135,163
5, 506,1376,339
5, 506,1376,339
5, 506,1377,340
5, 506,1377,340
5, 506,1377,340
5, 506,1377,340
5, 506,1376,340
5, 506,1376,340
5, 506,1376,340
5, 506,1376,340
red-soil_P10mgL_.5ml0
Light Source Color - OFF	 , 31/03/2024,12:38:34
6, 506,1377,340
6, 79,135,163
6, 79,135,163
6, 79,135,163
6, 79,135,163
6, 79,135,163
6, 79,135,163
6, 79,135,163
6, 79,135,163
6, 79,135,163
6, 79,135,163
red-soil_P10mgL_.5ml0
Light Source Color - BLUE	 , 31/03/2024,12:38:47
7, 79,135,163
7, 1494,594,180
7, 1494,594,180
7, 1495,595,181
7, 1495,595,181
7, 1495,595,181
7, 1495,595,181
7, 1494,594,181
7, 1494,595,181
7, 1494,594,180
7, 1495,595,181
red-soil_P10mgL_.5ml0
Light Source Color - OFF	 , 31/03/2024,12:38:59
8, 1495,595,181
8, 79,135,163
8, 79,135,163
8, 79,135,163
8, 79,135,163
8, 78,135,163
8, 79,135,163
8, 79,135,163
8, 79,135,163
8, 79,135,163
8, 79,135,163
red-soil_P10mgL_.5ml0
Light Source Color - WHITE	 , 31/03/2024,12:39:11
9, 79,135,163
9, 1664,1628,1807
9, 1657,1623,1800
9, 1656,1622,1792
9, 1660,1626,1787
9, 1657,1624,1782
9, 1657,1624,1778
9, 1653,1621,1775
9, 1649,1618,1771
9, 1650,1619,1770
9, 1610,1591,1764
red-soil_P10mgL_.5ml0
Light Source Color - OFF	 , 31/03/2024,12:39:23
10, 1605,1587,1761
10, 78,135,162
10, 78,135,162
10, 78,135,162
10, 78,135,162
10, 78,135,162
10, 78,135,162
10, 78,135,162
10, 78,135,162
10, 78,135,162
10, 78,135,162
red-soil_P10mgL_.5ml0
Light Source Color - RED	 , 31/03/2024,12:39:35
11, 78,135,162
11, 236,209,1645
11, 236,209,1643
11, 235,208,1639
11, 235,208,1637
11, 235,208,1636
11, 235,208,1635
11, 235,208,1634
11, 235,208,1633
11, 235,208,1633
11, 235,208,1632
red-soil_P10mgL_.5ml0
Light Source Color - OFF	 , 31/03/2024,12:39:48
12, 235,208,1631
12, 78,135,162
12, 78,135,162
12, 78,135,162
12, 78,135,162
12, 79,135,163
12, 79,135,163
12, 79,135,163
12, 79,135,163
12, 79,135,163
12, 79,135,163
red-soil_P10mgL_.5ml0
Light Source Color - GREEN	 , 31/03/2024,12:40:00
13, 80,138,163
13, 506,1376,339
13, 506,1376,340
13, 505,1376,340
13, 505,1375,340
13, 505,1375,340
13, 505,1375,339
13, 505,1374,339
13, 505,1375,340
13, 505,1375,340
13, 505,1375,340
red-soil_P10mgL_.5ml0
Light Source Color - OFF	 , 31/03/2024,12:40:12
14, 505,1375,340
14, 78,135,162
14, 78,135,162
14, 79,135,163
14, 79,135,163
14, 79,135,163
14, 79,135,163
14, 79,135,163
14, 79,135,163
14, 79,135,163
14, 79,135,163
red-soil_P10mgL_.5ml0
Light Source Color - BLUE	 , 31/03/2024,12:40:24
15, 84,137,163
15, 1491,593,181
15, 1490,594,181
15, 1491,594,181
15, 1490,594,181
15, 1489,593,181
15, 1489,593,180
15, 1489,593,180
15, 1490,594,181
15, 1490,594,181
15, 1489,594,181
red-soil_P10mgL_.5ml0
Light Source Color - OFF	 , 31/03/2024,12:40:36
