red-soil_N10mgL 0ml0  :  red_soil N10mgL 0mL. npk_detector_TSCRGB2024
Light Source Color - OFF
N,P,K
0, 79,135,163
0, 79,135,163
0, 79,135,163
0, 79,135,163
0, 79,135,163
0, 79,135,163
0, 79,135,163
0, 79,135,163
0, 79,135,163
0, 79,135,163
red-soil_N10mgL 0ml0
Light Source Color - WHITE	 , 31/03/2024,12:47:26
1, 79,135,163
1, 1940,1823,1893
1, 1938,1823,1879
1, 1937,1822,1871
1, 1935,1821,1864
1, 1936,1822,1862
1, 1935,1822,1857
1, 1934,1821,1852
1, 1933,1820,1848
1, 1932,1820,1844
1, 1930,1819,1840
red-soil_N10mgL 0ml0
Light Source Color - OFF	 , 31/03/2024,12:47:38
2, 1929,1818,1836
2, 168,217,244
2, 79,135,163
2, 79,135,163
2, 79,135,163
2, 79,135,163
2, 79,135,163
2, 79,135,163
2, 79,135,163
2, 79,135,163
2, 79,135,163
red-soil_N10mgL 0ml0
Light Source Color - RED	 , 31/03/2024,12:47:50
3, 79,135,163
3, 241,212,1701
3, 241,211,1695
3, 241,211,1692
3, 241,211,1691
3, 241,211,1690
3, 240,211,1688
3, 240,211,1686
3, 240,211,1685
3, 240,211,1684
3, 240,211,1683
red-soil_N10mgL 0ml0
Light Source Color - OFF	 , 31/03/2024,12:48:02
4, 240,211,1683
4, 79,135,163
4, 79,135,163
4, 79,135,163
4, 79,135,163
4, 79,135,163
4, 79,135,163
4, 79,135,163
4, 79,135,163
4, 79,135,163
4, 79,135,163
red-soil_N10mgL 0ml0
Light Source Color - GREEN	 , 31/03/2024,12:48:14
5, 79,135,163
5, 529,1430,346
5, 529,1429,346
5, 529,1430,347
5, 529,1429,347
5, 529,1429,347
5, 528,1429,347
5, 528,1428,347
5, 528,1428,346
5, 528,1428,346
5, 528,1429,347
red-soil_N10mgL 0ml0
Light Source Color - OFF	 , 31/03/2024,12:48:26
6, 528,1429,347
6, 79,135,163
6, 79,135,163
6, 79,135,163
6, 79,135,164
6, 79,135,164
6, 79,135,164
6, 79,135,164
6, 79,135,164
6, 79,135,164
6, 79,135,164
red-soil_N10mgL 0ml0
Light Source Color - BLUE	 , 31/03/2024,12:48:39
7, 79,135,164
7, 1583,621,183
7, 1582,621,182
7, 1584,622,183
7, 1583,622,183
7, 1582,622,183
7, 1582,622,182
7, 1581,622,182
7, 1581,621,182
7, 1582,622,182
7, 1582,622,182
red-soil_N10mgL 0ml0
Light Source Color - OFF	 , 31/03/2024,12:48:51
8, 1582,622,182
8, 79,135,163
8, 79,135,163
8, 79,135,163
8, 79,135,163
8, 79,135,163
8, 79,135,163
8, 79,135,163
8, 79,135,163
8, 79,135,163
8, 79,135,163
red-soil_N10mgL 0ml0
Light Source Color - WHITE	 , 31/03/2024,12:49:03
9, 79,135,163
9, 1924,1814,1859
9, 1926,1815,1852
9, 1925,1815,1843
9, 1924,1814,1836
9, 1922,1814,1831
9, 1921,1813,1826
9, 1920,1812,1822
9, 1919,1812,1818
9, 1920,1813,1817
9, 1919,1812,1813
red-soil_N10mgL 0ml0
Light Source Color - OFF	 , 31/03/2024,12:49:15
10, 1918,1811,1810
10, 79,135,163
10, 79,135,163
10, 79,135,163
10, 79,135,163
10, 79,135,163
10, 79,135,163
10, 79,135,163
10, 79,135,163
10, 79,135,163
10, 79,135,163
red-soil_N10mgL 0ml0
Light Source Color - RED	 , 31/03/2024,12:49:27
11, 79,135,163
11, 239,210,1676
11, 239,211,1674
11, 239,210,1670
11, 239,210,1668
11, 239,210,1667
11, 238,210,1665
11, 238,210,1664
11, 238,210,1664
11, 238,210,1663
11, 238,210,1662
red-soil_N10mgL 0ml0
Light Source Color - OFF	 , 31/03/2024,12:49:40
12, 238,210,1662
12, 79,135,163
12, 79,135,163
12, 79,135,163
12, 79,135,163
12, 79,135,163
12, 79,135,163
12, 79,135,163
12, 79,135,163
12, 79,135,163
12, 79,135,163
red-soil_N10mgL 0ml0
Light Source Color - GREEN	 , 31/03/2024,12:49:52
13, 79,135,163
13, 529,1429,347
13, 528,1428,347
13, 528,1427,347
13, 527,1427,347
13, 527,1426,347
13, 527,1426,346
13, 527,1426,346
13, 527,1426,347
13, 527,1426,347
13, 527,1426,347
red-soil_N10mgL 0ml0
Light Source Color - OFF	 , 31/03/2024,12:50:04
14, 527,1426,347
14, 79,135,163
14, 79,135,163
14, 79,135,163
14, 79,135,163
14, 79,135,163
14, 79,135,163
14, 79,135,163
14, 79,135,163
14, 79,135,163
14, 79,135,163
red-soil_N10mgL 0ml0
Light Source Color - BLUE	 , 31/03/2024,12:50:16
15, 79,135,163
15, 1581,621,182
15, 1580,621,182
15, 1579,621,182
15, 1579,621,182
15, 1578,621,182
15, 1577,621,182
15, 1579,621,182
15, 1579,621,182
15, 1579,621,182
15, 1579,621,182
red-soil_N10mgL 0ml0
Light Source Color - OFF	 , 31/03/2024,12:50:28
