red-soil_N10mgL_1.0ml_0  :  red_soil N10mgL 1.0mLnpk_detector_TSCRGB2024
Light Source Color - OFF
N,P,K
0, 79,135,164
0, 79,135,164
0, 79,135,164
0, 79,135,164
0, 79,135,164
0, 79,135,164
0, 79,135,164
0, 79,135,164
0, 79,135,164
0, 79,135,164
red-soil_N10mgL_1.0ml_0
Light Source Color - WHITE	 , 31/03/2024,12:55:03
1, 79,135,164
1, 1926,1818,1881
1, 1935,1825,1868
1, 1934,1825,1859
1, 1935,1825,1853
1, 1937,1828,1850
1, 1936,1827,1845
1, 2010,1879,1847
1, 1919,1816,1835
1, 1924,1819,1832
1, 2025,1890,1835
red-soil_N10mgL_1.0ml_0
Light Source Color - OFF	 , 31/03/2024,12:55:15
2, 1698,1659,1806
2, 79,135,163
2, 79,135,163
2, 79,135,164
2, 79,135,163
2, 79,135,164
2, 79,135,163
2, 79,135,163
2, 79,135,163
2, 79,135,163
2, 79,135,163
red-soil_N10mgL_1.0ml_0
Light Source Color - RED	 , 31/03/2024,12:55:27
3, 79,135,163
3, 239,211,1685
3, 238,211,1679
3, 238,211,1676
3, 238,211,1674
3, 237,210,1672
3, 237,211,1672
3, 237,210,1670
3, 237,210,1669
3, 237,210,1668
3, 237,210,1667
red-soil_N10mgL_1.0ml_0
Light Source Color - OFF	 , 31/03/2024,12:55:39
4, 237,210,1665
4, 79,135,163
4, 79,135,163
4, 79,135,163
4, 79,135,163
4, 79,135,163
4, 79,135,164
4, 79,135,164
4, 79,135,164
4, 79,135,164
4, 79,135,164
red-soil_N10mgL_1.0ml_0
Light Source Color - GREEN	 , 31/03/2024,12:55:51
5, 79,135,164
5, 518,1406,343
5, 518,1406,343
5, 518,1405,343
5, 517,1405,343
5, 517,1405,343
5, 518,1406,344
5, 517,1406,344
5, 517,1405,344
5, 517,1405,343
5, 517,1405,343
red-soil_N10mgL_1.0ml_0
Light Source Color - OFF	 , 31/03/2024,12:56:04
6, 517,1404,343
6, 79,135,163
6, 79,135,163
6, 79,135,163
6, 79,135,163
6, 79,135,163
6, 79,135,163
6, 79,135,163
6, 79,135,163
6, 79,135,163
6, 79,135,163
red-soil_N10mgL_1.0ml_0
Light Source Color - BLUE	 , 31/03/2024,12:56:16
7, 79,135,163
7, 1527,604,182
7, 1527,604,182
7, 1526,604,182
7, 1526,604,182
7, 1525,604,181
7, 1527,604,182
7, 1527,604,182
7, 1526,604,182
7, 1526,604,181
7, 1525,604,181
red-soil_N10mgL_1.0ml_0
Light Source Color - OFF	 , 31/03/2024,12:56:28
8, 1557,613,182
8, 79,135,163
8, 79,135,163
8, 79,135,163
8, 79,135,163
8, 79,135,163
8, 79,135,163
8, 79,135,163
8, 79,135,163
8, 79,135,163
8, 79,135,163
red-soil_N10mgL_1.0ml_0
Light Source Color - WHITE	 , 31/03/2024,12:56:40
9, 79,135,163
9, 1913,1810,1845
9, 1909,1808,1830
9, 1908,1808,1822
9, 1907,1807,1815
9, 1907,1807,1810
9, 1908,1808,1809
9, 1907,1808,1804
9, 1906,1808,1800
9, 1906,1807,1797
9, 1906,1807,1793
red-soil_N10mgL_1.0ml_0
Light Source Color - OFF	 , 31/03/2024,12:56:53
10, 1906,1807,1790
10, 79,135,163
10, 79,135,163
10, 79,135,163
10, 79,135,163
10, 79,135,163
10, 79,135,163
10, 79,135,163
10, 79,135,163
10, 79,135,163
10, 79,135,163
red-soil_N10mgL_1.0ml_0
Light Source Color - RED	 , 31/03/2024,12:57:05
11, 79,135,163
11, 237,210,1659
11, 236,209,1652
11, 236,209,1649
11, 236,209,1647
11, 235,209,1646
11, 235,209,1645
11, 235,209,1644
11, 235,209,1643
11, 235,209,1642
11, 235,209,1641
red-soil_N10mgL_1.0ml_0
Light Source Color - OFF	 , 31/03/2024,12:57:17
12, 235,209,1640
12, 79,135,163
12, 79,135,163
12, 79,135,163
12, 79,135,163
12, 79,135,163
12, 79,135,163
12, 79,135,163
12, 79,135,163
12, 79,135,163
12, 79,135,163
red-soil_N10mgL_1.0ml_0
Light Source Color - GREEN	 , 31/03/2024,12:57:29
13, 79,135,163
13, 531,1435,346
13, 530,1434,346
13, 530,1433,346
13, 529,1433,346
13, 529,1433,346
13, 529,1432,346
13, 529,1433,346
13, 529,1432,346
13, 529,1432,346
13, 529,1432,346
red-soil_N10mgL_1.0ml_0
Light Source Color - OFF	 , 31/03/2024,12:57:41
14, 529,1431,346
14, 78,135,162
14, 78,135,162
14, 78,135,162
14, 78,135,162
14, 78,135,162
14, 78,135,162
14, 78,135,162
14, 78,135,162
14, 78,135,162
14, 78,135,162
red-soil_N10mgL_1.0ml_0
Light Source Color - BLUE	 , 31/03/2024,12:57:54
15, 79,135,162
15, 1581,621,181
15, 1579,620,181
15, 1579,620,181
15, 1578,620,181
15, 1578,620,181
15, 1577,620,181
15, 1579,621,181
15, 1579,621,181
15, 1579,621,181
15, 1578,621,181
red-soil_N10mgL_1.0ml_0
Light Source Color - OFF	 , 31/03/2024,12:58:06
