red-soil_P10mgL_.5ml1  :  red_soil P10mgL-0.5mL. npk_detector_TSCRGB2024
Light Source Color - OFF
N,P,K
0, 79,135,164
0, 79,135,164
0, 79,135,164
0, 79,135,164
0, 79,135,164
0, 79,135,164
0, 79,135,164
0, 79,135,164
0, 79,135,164
0, 79,135,164
red-soil_P10mgL_.5ml1
Light Source Color - WHITE	 , 31/03/2024,12:37:34
1, 79,135,164
1, 1772,1700,1756
1, 1774,1702,1743
1, 1770,1700,1735
1, 1787,1712,1731
1, 1798,1720,1730
1, 1792,1715,1725
1, 1800,1722,1721
1, 1784,1711,1716
1, 1787,1713,1713
1, 1794,1718,1711
red-soil_P10mgL_.5ml1
Light Source Color - OFF	 , 31/03/2024,12:37:46
2, 1802,1723,1708
2, 79,135,163
2, 79,135,163
2, 79,135,163
2, 79,135,163
2, 79,135,163
2, 79,135,163
2, 79,135,163
2, 79,135,163
2, 79,135,164
2, 79,135,163
red-soil_P10mgL_.5ml1
Light Source Color - RED	 , 31/03/2024,12:37:58
3, 79,135,163
3, 228,206,1579
3, 227,206,1573
3, 227,205,1571
3, 227,206,1570
3, 227,205,1568
3, 227,205,1566
3, 227,205,1565
3, 227,205,1564
3, 226,205,1563
3, 226,205,1562
red-soil_P10mgL_.5ml1
Light Source Color - OFF	 , 31/03/2024,12:38:10
4, 218,201,1480
4, 79,135,163
4, 79,135,163
4, 79,135,163
4, 79,135,163
4, 79,135,163
4, 79,135,163
4, 79,135,164
4, 79,135,164
4, 79,135,164
4, 79,135,164
red-soil_P10mgL_.5ml1
Light Source Color - GREEN	 , 31/03/2024,12:38:22
5, 79,135,163
5, 516,1394,341
5, 515,1393,341
5, 516,1394,341
5, 515,1394,341
5, 515,1394,341
5, 515,1393,341
5, 515,1393,341
5, 515,1393,341
5, 515,1393,341
5, 515,1392,341
red-soil_P10mgL_.5ml1
Light Source Color - OFF	 , 31/03/2024,12:38:34
6, 515,1393,341
6, 79,135,164
6, 79,135,164
6, 79,135,164
6, 79,135,164
6, 79,135,164
6, 79,135,163
6, 79,135,164
6, 79,135,164
6, 79,135,164
6, 79,135,164
red-soil_P10mgL_.5ml1
Light Source Color - BLUE	 , 31/03/2024,12:38:47
7, 79,135,163
7, 1534,606,182
7, 1534,606,182
7, 1535,607,182
7, 1535,607,182
7, 1534,607,182
7, 1534,606,182
7, 1533,606,182
7, 1532,606,182
7, 1532,606,182
7, 1534,607,182
red-soil_P10mgL_.5ml1
Light Source Color - OFF	 , 31/03/2024,12:38:59
8, 1533,606,182
8, 79,135,163
8, 79,135,163
8, 79,135,163
8, 79,135,163
8, 79,135,163
8, 79,135,163
8, 79,135,163
8, 79,135,163
8, 79,135,163
8, 79,135,163
red-soil_P10mgL_.5ml1
Light Source Color - WHITE	 , 31/03/2024,12:39:11
9, 79,135,163
9, 1799,1720,1729
9, 1805,1725,1724
9, 1806,1726,1715
9, 1806,1726,1710
9, 1803,1724,1705
9, 1803,1724,1701
9, 1804,1725,1697
9, 1802,1723,1693
9, 1800,1723,1692
9, 1792,1717,1688
red-soil_P10mgL_.5ml1
Light Source Color - OFF	 , 31/03/2024,12:39:23
10, 1790,1716,1685
10, 79,135,163
10, 79,135,163
10, 79,135,163
10, 79,135,163
10, 79,135,163
10, 79,135,163
10, 79,135,163
10, 79,135,163
10, 79,135,164
10, 79,135,163
red-soil_P10mgL_.5ml1
Light Source Color - RED	 , 31/03/2024,12:39:35
11, 79,135,163
11, 226,205,1558
11, 226,205,1556
11, 226,205,1553
11, 226,204,1551
11, 225,204,1549
11, 225,204,1548
11, 225,204,1547
11, 225,204,1547
11, 225,204,1546
11, 225,204,1545
red-soil_P10mgL_.5ml1
Light Source Color - OFF	 , 31/03/2024,12:39:48
12, 225,204,1545
12, 79,135,163
12, 79,135,163
12, 79,135,163
12, 79,135,163
12, 79,135,163
12, 79,135,163
12, 79,135,163
12, 79,135,163
12, 79,135,163
12, 79,135,163
red-soil_P10mgL_.5ml1
Light Source Color - GREEN	 , 31/03/2024,12:40:00
13, 79,135,164
13, 516,1394,341
13, 515,1393,341
13, 515,1393,341
13, 515,1393,341
13, 515,1392,341
13, 514,1392,341
13, 514,1392,341
13, 515,1393,341
13, 515,1393,341
13, 515,1393,341
red-soil_P10mgL_.5ml1
Light Source Color - OFF	 , 31/03/2024,12:40:12
14, 514,1392,341
14, 79,135,163
14, 79,135,164
14, 79,135,163
14, 79,135,164
14, 79,135,163
14, 79,135,163
14, 79,135,163
14, 79,135,163
14, 79,135,163
14, 79,135,163
red-soil_P10mgL_.5ml1
Light Source Color - BLUE	 , 31/03/2024,12:40:24
15, 79,135,163
15, 1537,607,182
15, 1536,607,182
15, 1536,607,182
15, 1535,607,182
15, 1535,607,182
15, 1535,607,182
15, 1536,608,182
15, 1536,608,182
15, 1535,608,182
15, 1535,607,182
red-soil_P10mgL_.5ml1
Light Source Color - OFF	 , 31/03/2024,12:40:36
