red-soil_N10mgL_1.0ml_1  :  red_soil N10mgL 1.0mLnpk_detector_TSCRGB2024
Light Source Color - OFF
N,P,K
0, 78,135,162
0, 78,135,162
0, 78,135,162
0, 78,135,162
0, 78,135,162
0, 78,134,162
0, 78,135,162
0, 78,135,162
0, 78,135,162
0, 78,135,162
red-soil_N10mgL_1.0ml_1
Light Source Color - WHITE	 , 31/03/2024,12:55:03
1, 78,135,162
1, 2044,1902,1841
1, 2043,1902,1826
1, 2042,1901,1818
1, 2041,1901,1811
1, 2042,1902,1809
1, 2041,1902,1803
1, 2034,1897,1799
1, 2033,1897,1794
1, 2033,1897,1790
1, 2035,1898,1787
red-soil_N10mgL_1.0ml_1
Light Source Color - OFF	 , 31/03/2024,12:55:15
2, 2036,1899,1783
2, 78,134,162
2, 78,135,162
2, 78,135,162
2, 78,135,162
2, 78,135,162
2, 78,134,162
2, 78,135,162
2, 78,135,162
2, 78,135,162
2, 78,134,162
red-soil_N10mgL_1.0ml_1
Light Source Color - RED	 , 31/03/2024,12:55:27
3, 78,134,162
3, 235,209,1646
3, 235,208,1640
3, 235,208,1637
3, 234,208,1635
3, 234,208,1634
3, 234,208,1633
3, 234,208,1632
3, 234,208,1631
3, 234,208,1631
3, 234,208,1630
red-soil_N10mgL_1.0ml_1
Light Source Color - OFF	 , 31/03/2024,12:55:39
4, 234,208,1629
4, 78,135,163
4, 78,135,163
4, 78,135,163
4, 78,135,163
4, 78,135,163
4, 78,135,163
4, 79,135,163
4, 79,135,163
4, 79,135,163
4, 79,135,163
red-soil_N10mgL_1.0ml_1
Light Source Color - GREEN	 , 31/03/2024,12:55:51
5, 79,135,163
5, 536,1448,349
5, 536,1447,349
5, 535,1446,349
5, 535,1446,349
5, 535,1446,349
5, 535,1446,349
5, 535,1446,349
5, 535,1445,349
5, 535,1445,349
5, 534,1445,349
red-soil_N10mgL_1.0ml_1
Light Source Color - OFF	 , 31/03/2024,12:56:04
6, 534,1444,349
6, 79,135,163
6, 79,135,163
6, 79,135,163
6, 79,135,163
6, 79,135,163
6, 78,135,163
6, 79,135,163
6, 78,135,163
6, 78,135,163
6, 79,135,163
red-soil_N10mgL_1.0ml_1
Light Source Color - BLUE	 , 31/03/2024,12:56:16
7, 79,135,163
7, 1617,632,182
7, 1616,632,182
7, 1615,632,182
7, 1615,632,182
7, 1614,632,182
7, 1616,633,182
7, 1616,632,182
7, 1615,632,182
7, 1615,632,182
7, 1614,632,182
red-soil_N10mgL_1.0ml_1
Light Source Color - OFF	 , 31/03/2024,12:56:28
8, 1614,632,182
8, 78,135,162
8, 78,135,162
8, 78,135,162
8, 78,135,162
8, 78,135,162
8, 78,135,162
8, 78,135,162
8, 78,135,162
8, 78,135,162
8, 78,135,162
red-soil_N10mgL_1.0ml_1
Light Source Color - WHITE	 , 31/03/2024,12:56:40
9, 78,135,162
9, 2061,1915,1829
9, 2057,1912,1812
9, 2054,1911,1803
9, 2052,1910,1797
9, 2051,1909,1791
9, 2052,1910,1789
9, 2051,1910,1785
9, 2050,1909,1780
9, 2048,1908,1776
9, 2047,1908,1773
red-soil_N10mgL_1.0ml_1
Light Source Color - OFF	 , 31/03/2024,12:56:53
10, 2048,1908,1770
10, 78,134,161
10, 78,134,161
10, 78,134,162
10, 78,134,162
10, 78,135,162
10, 78,134,162
10, 78,135,162
10, 78,135,162
10, 78,135,162
10, 78,135,162
red-soil_N10mgL_1.0ml_1
Light Source Color - RED	 , 31/03/2024,12:57:05
11, 78,135,162
11, 235,208,1636
11, 234,208,1630
11, 234,208,1627
11, 234,208,1626
11, 234,208,1624
11, 234,208,1623
11, 234,208,1623
11, 234,208,1621
11, 233,207,1620
11, 233,207,1620
red-soil_N10mgL_1.0ml_1
Light Source Color - OFF	 , 31/03/2024,12:57:17
12, 233,207,1620
12, 78,135,163
12, 78,135,163
12, 78,135,163
12, 78,135,163
12, 78,135,162
12, 78,135,163
12, 79,135,163
12, 79,135,163
12, 79,135,163
12, 79,135,163
red-soil_N10mgL_1.0ml_1
Light Source Color - GREEN	 , 31/03/2024,12:57:29
13, 79,135,163
13, 538,1452,350
13, 537,1451,350
13, 537,1450,350
13, 537,1450,350
13, 537,1450,350
13, 536,1450,350
13, 537,1450,350
13, 536,1449,350
13, 536,1449,350
13, 536,1449,350
red-soil_N10mgL_1.0ml_1
Light Source Color - OFF	 , 31/03/2024,12:57:41
14, 536,1449,350
14, 79,135,163
14, 79,135,163
14, 79,135,163
14, 79,135,163
14, 79,135,163
14, 79,135,163
14, 79,135,163
14, 79,135,163
14, 79,135,163
14, 79,135,163
red-soil_N10mgL_1.0ml_1
Light Source Color - BLUE	 , 31/03/2024,12:57:54
15, 79,135,163
15, 1624,635,183
15, 1623,635,183
15, 1623,635,182
15, 1623,635,183
15, 1622,635,182
15, 1621,635,182
15, 1623,635,183
15, 1622,635,183
15, 1621,635,183
15, 1621,635,183
red-soil_N10mgL_1.0ml_1
Light Source Color - OFF	 , 31/03/2024,12:58:06
