red-soil_0  :  red_soil npk_detector_TSCRGB2024
Light Source Color - OFF
N,P,K
0, 79,135,163
0, 79,135,163
0, 79,135,163
0, 79,135,163
0, 79,135,163
0, 79,135,163
0, 79,135,163
0, 79,135,163
0, 79,135,163
0, 79,135,163
red-soil_0
Light Source Color - WHITE	 , 31/03/2024,12:29:25
1, 79,135,163
1, 1992,1859,1898
1, 1988,1857,1884
1, 1986,1856,1875
1, 1987,1857,1872
1, 1985,1856,1866
1, 1984,1855,1861
1, 1983,1855,1856
1, 1981,1854,1852
1, 1980,1853,1848
1, 1981,1854,1846
red-soil_0
Light Source Color - OFF	 , 31/03/2024,12:29:38
2, 1979,1853,1842
2, 79,135,163
2, 79,135,163
2, 79,135,163
2, 79,135,163
2, 79,135,163
2, 79,135,163
2, 79,135,163
2, 79,135,163
2, 79,135,163
2, 79,135,163
red-soil_0
Light Source Color - RED	 , 31/03/2024,12:29:50
3, 79,135,163
3, 241,212,1701
3, 241,212,1698
3, 241,212,1694
3, 241,211,1692
3, 240,211,1690
3, 240,211,1689
3, 240,211,1687
3, 240,211,1687
3, 240,211,1686
3, 240,211,1684
red-soil_0
Light Source Color - OFF	 , 31/03/2024,12:30:02
4, 240,211,1683
4, 78,135,163
4, 79,135,163
4, 79,135,163
4, 79,135,163
4, 79,135,163
4, 79,135,163
4, 79,135,163
4, 79,135,163
4, 78,135,163
4, 79,135,163
red-soil_0
Light Source Color - GREEN	 , 31/03/2024,12:30:14
5, 79,135,163
5, 532,1436,347
5, 531,1435,347
5, 531,1434,346
5, 530,1434,346
5, 530,1433,346
5, 531,1434,347
5, 530,1434,347
5, 530,1433,347
5, 530,1433,347
5, 530,1433,346
red-soil_0
Light Source Color - OFF	 , 31/03/2024,12:30:26
6, 530,1432,346
6, 78,135,163
6, 78,135,163
6, 79,135,163
6, 79,135,163
6, 79,135,163
6, 79,135,163
6, 79,135,163
6, 79,135,163
6, 79,135,163
6, 79,135,163
red-soil_0
Light Source Color - BLUE	 , 31/03/2024,12:30:38
7, 79,135,163
7, 1593,624,182
7, 1593,624,182
7, 1592,624,182
7, 1594,625,182
7, 1593,625,182
7, 1593,625,182
7, 1592,624,182
7, 1592,624,182
7, 1592,624,182
7, 1593,625,182
red-soil_0
Light Source Color - OFF	 , 31/03/2024,12:30:50
8, 1594,625,182
8, 79,135,163
8, 79,135,163
8, 79,135,163
8, 79,135,163
8, 79,135,163
8, 79,135,163
8, 79,135,163
8, 79,135,163
8, 79,135,163
8, 79,135,163
red-soil_0
Light Source Color - WHITE	 , 31/03/2024,12:31:02
9, 79,135,163
9, 1892,1773,1796
9, 1974,1848,1853
9, 1972,1847,1844
9, 1970,1847,1837
9, 1969,1845,1832
9, 1967,1845,1827
9, 1966,1844,1823
9, 1967,1845,1821
9, 1966,1844,1817
9, 1966,1844,1813
red-soil_0
Light Source Color - OFF	 , 31/03/2024,12:31:14
10, 1964,1843,1810
10, 78,135,163
10, 78,135,163
10, 78,135,163
10, 78,135,163
10, 78,135,163
10, 78,135,163
10, 78,135,163
10, 78,135,163
10, 78,135,163
10, 78,135,163
red-soil_0
Light Source Color - RED	 , 31/03/2024,12:31:27
11, 78,135,163
11, 239,210,1677
11, 239,210,1670
11, 239,210,1667
11, 238,210,1665
11, 238,210,1664
11, 238,210,1663
11, 238,210,1662
11, 238,210,1661
11, 238,209,1660
11, 238,209,1659
red-soil_0
Light Source Color - OFF	 , 31/03/2024,12:31:39
12, 238,209,1659
12, 90,140,276
12, 78,135,163
12, 78,135,163
12, 78,135,163
12, 78,135,163
12, 78,135,163
12, 78,135,163
12, 78,135,163
12, 78,135,163
12, 78,135,163
red-soil_0
Light Source Color - GREEN	 , 31/03/2024,12:31:51
13, 78,135,163
13, 529,1430,346
13, 528,1429,346
13, 529,1430,346
13, 528,1429,346
13, 528,1429,346
13, 528,1429,346
13, 528,1429,346
13, 528,1428,346
13, 528,1428,346
13, 528,1429,346
red-soil_0
Light Source Color - OFF	 , 31/03/2024,12:32:03
14, 528,1428,346
14, 78,135,163
14, 78,135,163
14, 78,135,163
14, 78,135,163
14, 78,135,163
14, 78,135,163
14, 78,135,163
14, 78,135,163
14, 78,135,163
14, 78,135,162
red-soil_0
Light Source Color - BLUE	 , 31/03/2024,12:32:15
15, 78,135,162
15, 1586,623,182
15, 1587,623,182
15, 1587,623,182
15, 1586,623,182
15, 1586,623,181
15, 1586,623,181
15, 1585,623,181
15, 1586,623,181
15, 1586,623,181
15, 1585,623,181
red-soil_0
Light Source Color - OFF	 , 31/03/2024,12:32:27
