Vermicom_N10mgL_1  :  soil มูลใส้เดือน N10mgL  npk_detector_TSCRGB2024
Light Source Color - OFF
N,P,K
0, 84,140,168
0, 84,140,168
0, 84,140,168
0, 84,140,168
0, 84,140,168
0, 84,140,168
0, 84,140,168
0, 84,140,168
0, 83,140,168
0, 83,139,168
Vermicom_N10mgL_1
Light Source Color - WHITE	 , 31/03/2024,11:59:56
1, 83,139,168
1, 1954,1850,1592
1, 1952,1849,1581
1, 1953,1850,1578
1, 1952,1850,1573
1, 1951,1849,1568
1, 1950,1849,1564
1, 1950,1848,1561
1, 1949,1848,1558
1, 1948,1848,1555
1, 1950,1849,1554
Vermicom_N10mgL_1
Light Source Color - OFF	 , 31/03/2024,12:00:09
2, 1949,1848,1551
2, 84,140,168
2, 84,140,168
2, 83,140,168
2, 83,140,168
2, 83,140,168
2, 83,140,168
2, 83,140,168
2, 83,140,168
2, 83,140,168
2, 84,140,169
Vermicom_N10mgL_1
Light Source Color - RED	 , 31/03/2024,12:00:21
3, 84,140,169
3, 211,202,1396
3, 213,202,1406
3, 212,202,1403
3, 212,202,1401
3, 212,202,1400
3, 212,202,1399
3, 212,202,1399
3, 212,202,1398
3, 212,202,1397
3, 212,202,1396
Vermicom_N10mgL_1
Light Source Color - OFF	 , 31/03/2024,12:00:33
4, 211,201,1395
4, 83,139,168
4, 85,141,170
4, 85,141,170
4, 85,141,170
4, 85,141,170
4, 85,141,170
4, 85,141,170
4, 85,141,170
4, 85,141,170
4, 85,141,170
Vermicom_N10mgL_1
Light Source Color - GREEN	 , 31/03/2024,12:00:45
5, 85,141,170
5, 542,1453,353
5, 541,1452,353
5, 541,1452,353
5, 541,1452,353
5, 541,1452,353
5, 541,1452,353
5, 541,1452,353
5, 540,1451,353
5, 540,1451,353
5, 540,1451,353
Vermicom_N10mgL_1
Light Source Color - OFF	 , 31/03/2024,12:00:57
6, 541,1452,353
6, 85,141,170
6, 85,141,170
6, 85,141,170
6, 85,141,170
6, 85,141,170
6, 85,141,170
6, 84,140,169
6, 81,138,166
6, 84,141,169
6, 85,141,170
Vermicom_N10mgL_1
Light Source Color - BLUE	 , 31/03/2024,12:01:09
7, 85,141,170
7, 1610,634,189
7, 1611,635,189
7, 1611,635,189
7, 1610,635,189
7, 1609,635,189
7, 1609,635,189
7, 1608,634,189
7, 1609,635,189
7, 1610,635,189
7, 1609,635,189
Vermicom_N10mgL_1
Light Source Color - OFF	 , 31/03/2024,12:01:21
8, 1609,635,189
8, 85,141,170
8, 85,141,170
8, 85,141,170
8, 85,141,170
8, 85,141,170
8, 85,141,170
8, 85,141,170
8, 85,141,170
8, 85,141,170
8, 85,141,170
Vermicom_N10mgL_1
Light Source Color - WHITE	 , 31/03/2024,12:01:33
9, 85,141,170
9, 1961,1856,1590
9, 1958,1854,1577
9, 1956,1853,1570
9, 1954,1852,1565
9, 1955,1853,1563
9, 1954,1853,1559
9, 1953,1852,1556
9, 1952,1851,1553
9, 1951,1851,1550
9, 1950,1850,1547
Vermicom_N10mgL_1
Light Source Color - OFF	 , 31/03/2024,12:01:45
10, 1914,1817,1518
10, 85,141,169
10, 85,141,170
10, 85,141,170
10, 85,141,170
10, 85,141,170
10, 85,141,170
10, 85,141,170
10, 85,141,170
10, 85,141,170
10, 85,141,170
Vermicom_N10mgL_1
Light Source Color - RED	 , 31/03/2024,12:01:57
11, 85,141,170
11, 213,203,1403
11, 213,203,1401
11, 213,203,1398
11, 213,202,1397
11, 212,202,1395
11, 212,202,1394
11, 212,202,1393
11, 212,202,1393
11, 212,202,1392
11, 212,202,1392
Vermicom_N10mgL_1
Light Source Color - OFF	 , 31/03/2024,12:02:09
12, 212,202,1391
12, 85,141,170
12, 85,141,170
12, 85,141,170
12, 85,141,170
12, 85,141,170
12, 85,141,170
12, 85,141,169
12, 85,141,169
12, 85,141,170
12, 85,141,170
Vermicom_N10mgL_1
Light Source Color - GREEN	 , 31/03/2024,12:02:21
13, 85,141,170
13, 542,1454,353
13, 541,1453,353
13, 541,1452,353
13, 540,1452,353
13, 541,1452,353
13, 541,1452,353
13, 541,1452,353
13, 540,1451,353
13, 540,1451,353
13, 540,1451,353
Vermicom_N10mgL_1
Light Source Color - OFF	 , 31/03/2024,12:02:33
14, 540,1451,353
14, 119,238,183
14, 85,141,170
14, 85,141,170
14, 85,141,170
14, 85,141,170
14, 85,141,170
14, 85,141,170
14, 85,141,170
14, 85,141,170
14, 85,141,170
Vermicom_N10mgL_1
Light Source Color - BLUE	 , 31/03/2024,12:02:46
15, 85,141,170
15, 1611,635,189
15, 1610,635,189
15, 1612,636,189
15, 1611,635,189
15, 1610,635,189
15, 1610,635,189
15, 1610,635,189
15, 1609,635,189
15, 1610,635,189
15, 1610,635,189
Vermicom_N10mgL_1
Light Source Color - OFF	 , 31/03/2024,12:02:58
