Vermicom_N10mgL_1.0ml_1  :  soil มูลใส้เดือน N10mgL 1.0ml  npk_detector_TSCRGB2024
Light Source Color - OFF
N,P,K
0, 78,135,162
0, 78,135,162
0, 78,135,162
0, 78,135,162
0, 78,135,162
0, 78,135,162
0, 78,135,162
0, 78,135,162
0, 78,135,162
0, 78,135,162
Vermicom_N10mgL_1.0ml_1
Light Source Color - WHITE	 , 31/03/2024,12:20:10
1, 78,135,162
1, 1904,1827,1746
1, 1900,1825,1733
1, 1909,1831,1727
1, 1914,1835,1725
1, 1917,1838,1720
1, 1919,1839,1716
1, 1919,1840,1712
1, 1920,1840,1709
1, 1919,1840,1705
1, 1919,1839,1702
Vermicom_N10mgL_1.0ml_1
Light Source Color - OFF	 , 31/03/2024,12:20:22
2, 1921,1841,1701
2, 78,134,161
2, 78,134,161
2, 78,134,161
2, 78,134,161
2, 78,134,161
2, 78,135,161
2, 78,135,161
2, 78,135,161
2, 78,135,161
2, 78,135,161
Vermicom_N10mgL_1.0ml_1
Light Source Color - RED	 , 31/03/2024,12:20:34
3, 78,134,161
3, 225,204,1556
3, 225,204,1553
3, 224,204,1550
3, 224,204,1548
3, 224,204,1546
3, 224,204,1545
3, 224,204,1544
3, 224,204,1544
3, 224,204,1543
3, 224,204,1542
Vermicom_N10mgL_1.0ml_1
Light Source Color - OFF	 , 31/03/2024,12:20:46
4, 224,204,1541
4, 78,134,161
4, 78,134,161
4, 78,134,161
4, 78,134,161
4, 78,135,161
4, 78,134,161
4, 78,135,161
4, 78,134,161
4, 78,134,161
4, 78,135,161
Vermicom_N10mgL_1.0ml_1
Light Source Color - GREEN	 , 31/03/2024,12:20:58
5, 78,135,161
5, 544,1479,351
5, 544,1477,351
5, 544,1477,351
5, 543,1477,351
5, 543,1476,351
5, 544,1477,351
5, 544,1477,351
5, 543,1477,351
5, 543,1477,351
5, 543,1476,351
Vermicom_N10mgL_1.0ml_1
Light Source Color - OFF	 , 31/03/2024,12:21:10
6, 543,1476,351
6, 78,134,161
6, 78,134,161
6, 78,134,161
6, 78,134,161
6, 78,134,161
6, 78,134,161
6, 78,134,161
6, 78,134,161
6, 78,135,161
6, 78,135,161
Vermicom_N10mgL_1.0ml_1
Light Source Color - BLUE	 , 31/03/2024,12:21:22
7, 78,134,161
7, 1619,635,181
7, 1619,635,181
7, 1618,635,181
7, 1620,635,181
7, 1620,635,181
7, 1619,635,181
7, 1619,635,181
7, 1619,635,181
7, 1618,635,181
7, 1619,635,181
Vermicom_N10mgL_1.0ml_1
Light Source Color - OFF	 , 31/03/2024,12:21:34
8, 1619,635,181
8, 78,134,161
8, 78,134,161
8, 78,134,161
8, 78,134,161
8, 78,134,161
8, 78,135,161
8, 78,134,161
8, 78,134,161
8, 78,134,161
8, 78,134,161
Vermicom_N10mgL_1.0ml_1
Light Source Color - WHITE	 , 31/03/2024,12:21:46
9, 78,134,161
9, 1923,1841,1724
9, 1925,1843,1718
9, 1924,1843,1710
9, 1927,1845,1705
9, 1928,1846,1700
9, 1928,1846,1696
9, 1928,1846,1692
9, 1929,1847,1691
9, 1929,1847,1687
9, 1929,1847,1684
Vermicom_N10mgL_1.0ml_1
Light Source Color - OFF	 , 31/03/2024,12:21:59
10, 1928,1847,1681
10, 78,134,161
10, 78,134,161
10, 78,134,161
10, 78,134,161
10, 78,134,161
10, 78,134,161
10, 78,134,161
10, 78,134,161
10, 78,134,161
10, 78,134,161
Vermicom_N10mgL_1.0ml_1
Light Source Color - RED	 , 31/03/2024,12:22:11
11, 78,134,161
11, 224,204,1542
11, 223,203,1536
11, 223,203,1533
11, 223,203,1531
11, 223,203,1530
11, 223,203,1529
11, 223,203,1528
11, 223,203,1527
11, 223,203,1526
11, 222,203,1526
Vermicom_N10mgL_1.0ml_1
Light Source Color - OFF	 , 31/03/2024,12:22:23
12, 222,203,1525
12, 78,134,161
12, 78,134,161
12, 78,134,161
12, 78,134,161
12, 78,134,161
12, 78,134,161
12, 78,134,161
12, 78,134,161
12, 78,134,161
12, 78,134,161
Vermicom_N10mgL_1.0ml_1
Light Source Color - GREEN	 , 31/03/2024,12:22:35
13, 78,134,161
13, 546,1483,351
13, 546,1482,351
13, 545,1481,351
13, 546,1482,352
13, 545,1482,352
13, 545,1481,352
13, 545,1481,351
13, 545,1480,351
13, 545,1480,351
13, 545,1480,351
Vermicom_N10mgL_1.0ml_1
Light Source Color - OFF	 , 31/03/2024,12:22:47
14, 545,1481,352
14, 78,134,161
14, 78,134,161
14, 78,134,161
14, 78,134,161
14, 78,134,161
14, 78,134,161
14, 78,134,161
14, 78,134,161
14, 78,134,161
14, 78,134,161
Vermicom_N10mgL_1.0ml_1
Light Source Color - BLUE	 , 31/03/2024,12:22:59
15, 78,134,161
15, 1628,638,181
15, 1629,639,181
15, 1629,639,181
15, 1629,639,181
15, 1628,638,181
15, 1628,638,181
15, 1627,638,181
15, 1628,639,181
15, 1629,639,181
15, 1628,638,181
Vermicom_N10mgL_1.0ml_1
Light Source Color - OFF	 , 31/03/2024,12:23:11
