Vermicom_N10mgL_0  :  soil มูลใส้เดือน N10mgL  npk_detector_TSCRGB2024
Light Source Color - OFF
N,P,K
0, 83,139,167
0, 83,139,167
0, 83,139,167
0, 83,139,167
0, 83,139,167
0, 83,139,167
0, 83,139,167
0, 83,139,167
0, 83,139,167
0, 83,139,167
Vermicom_N10mgL_0
Light Source Color - WHITE	 , 31/03/2024,11:59:56
1, 83,139,167
1, 1952,1847,1616
1, 1949,1845,1604
1, 1950,1846,1601
1, 1948,1846,1595
1, 1947,1845,1590
1, 1945,1844,1586
1, 1944,1843,1582
1, 1943,1842,1579
1, 1941,1842,1575
1, 1943,1843,1574
Vermicom_N10mgL_0
Light Source Color - OFF	 , 31/03/2024,12:00:09
2, 1942,1842,1571
2, 83,139,167
2, 83,139,167
2, 83,139,167
2, 83,139,167
2, 83,139,167
2, 83,139,167
2, 82,139,167
2, 82,138,167
2, 82,138,166
2, 81,138,166
Vermicom_N10mgL_0
Light Source Color - RED	 , 31/03/2024,12:00:21
3, 82,138,167
3, 212,201,1426
3, 211,201,1420
3, 211,201,1417
3, 211,201,1416
3, 211,201,1414
3, 212,201,1413
3, 212,201,1413
3, 212,201,1412
3, 212,201,1411
3, 212,201,1410
Vermicom_N10mgL_0
Light Source Color - OFF	 , 31/03/2024,12:00:33
4, 212,201,1410
4, 83,139,167
4, 83,139,167
4, 83,139,167
4, 83,139,167
4, 83,139,167
4, 83,139,167
4, 83,139,167
4, 83,139,167
4, 83,139,167
4, 83,139,167
Vermicom_N10mgL_0
Light Source Color - GREEN	 , 31/03/2024,12:00:45
5, 83,139,167
5, 540,1452,350
5, 540,1451,350
5, 539,1450,350
5, 540,1451,351
5, 539,1451,351
5, 539,1451,351
5, 539,1450,350
5, 539,1450,350
5, 539,1450,350
5, 539,1450,350
Vermicom_N10mgL_0
Light Source Color - OFF	 , 31/03/2024,12:00:57
6, 539,1450,351
6, 83,139,167
6, 83,139,167
6, 83,139,168
6, 83,139,168
6, 83,139,168
6, 83,139,168
6, 83,139,168
6, 83,139,168
6, 83,139,168
6, 83,139,168
Vermicom_N10mgL_0
Light Source Color - BLUE	 , 31/03/2024,12:01:09
7, 83,139,168
7, 1607,631,187
7, 1608,632,187
7, 1608,632,187
7, 1607,632,187
7, 1607,632,187
7, 1606,632,187
7, 1606,632,187
7, 1607,632,187
7, 1607,632,187
7, 1607,632,187
Vermicom_N10mgL_0
Light Source Color - OFF	 , 31/03/2024,12:01:21
8, 1606,632,187
8, 83,139,167
8, 83,139,167
8, 83,139,168
8, 83,139,168
8, 83,139,168
8, 83,139,168
8, 83,139,167
8, 83,139,167
8, 83,139,168
8, 83,139,168
Vermicom_N10mgL_0
Light Source Color - WHITE	 , 31/03/2024,12:01:33
9, 83,139,168
9, 1949,1846,1596
9, 1946,1845,1584
9, 1943,1843,1577
9, 1942,1842,1571
9, 1943,1843,1570
9, 1941,1842,1565
9, 1940,1841,1562
9, 1938,1841,1559
9, 1938,1840,1556
9, 1936,1839,1552
Vermicom_N10mgL_0
Light Source Color - OFF	 , 31/03/2024,12:01:45
10, 1935,1839,1550
10, 84,140,168
10, 83,139,167
10, 83,139,167
10, 83,139,167
10, 83,139,167
10, 83,139,167
10, 83,139,167
10, 83,139,167
10, 83,139,167
10, 83,139,167
Vermicom_N10mgL_0
Light Source Color - RED	 , 31/03/2024,12:01:57
11, 83,139,167
11, 212,201,1409
11, 212,201,1407
11, 211,201,1404
11, 211,201,1402
11, 211,201,1401
11, 211,201,1400
11, 211,201,1399
11, 211,201,1398
11, 211,201,1398
11, 211,201,1397
Vermicom_N10mgL_0
Light Source Color - OFF	 , 31/03/2024,12:02:09
12, 211,201,1397
12, 83,139,168
12, 83,139,168
12, 83,139,167
12, 83,139,168
12, 83,139,168
12, 83,139,168
12, 83,139,168
12, 83,139,168
12, 83,139,168
12, 83,139,168
Vermicom_N10mgL_0
Light Source Color - GREEN	 , 31/03/2024,12:02:21
13, 83,139,168
13, 539,1451,351
13, 539,1449,351
13, 538,1449,351
13, 538,1449,351
13, 538,1448,350
13, 538,1449,351
13, 538,1449,351
13, 538,1448,351
13, 538,1448,351
13, 538,1448,351
Vermicom_N10mgL_0
Light Source Color - OFF	 , 31/03/2024,12:02:33
14, 538,1447,350
14, 83,139,167
14, 83,139,168
14, 83,139,168
14, 83,139,168
14, 83,139,167
14, 83,139,167
14, 83,139,167
14, 83,139,168
14, 83,139,168
14, 83,139,168
Vermicom_N10mgL_0
Light Source Color - BLUE	 , 31/03/2024,12:02:46
15, 83,139,168
15, 1605,631,187
15, 1604,632,187
15, 1605,632,187
15, 1605,632,187
15, 1605,632,187
15, 1605,632,187
15, 1604,632,187
15, 1604,632,187
15, 1605,632,187
15, 1605,632,187
Vermicom_N10mgL_0
Light Source Color - OFF	 , 31/03/2024,12:02:58
