Vermicom_P10mgL_1.0ml_1  :  soil มูลใส้เดือน P10mgL 1.0ml  npk_detector_TSCRGB2024
Light Source Color - OFF
N,P,K
0, 80,136,165
0, 80,136,165
0, 80,136,165
0, 80,136,165
0, 80,136,164
0, 80,136,164
0, 80,136,164
0, 80,136,165
0, 80,136,165
0, 80,136,165
Vermicom_P10mgL_1.0ml_1
Light Source Color - WHITE	 , 31/03/2024,11:51:44
1, 80,136,164
1, 2029,1923,1816
1, 2025,1921,1803
1, 2026,1922,1799
1, 2029,1924,1793
1, 2029,1924,1787
1, 2027,1923,1783
1, 2026,1922,1779
1, 2025,1922,1775
1, 2025,1922,1772
1, 2027,1924,1770
Vermicom_P10mgL_1.0ml_1
Light Source Color - OFF	 , 31/03/2024,11:51:57
2, 2026,1923,1767
2, 80,136,164
2, 80,136,164
2, 80,136,164
2, 80,136,164
2, 80,136,164
2, 80,136,164
2, 80,136,164
2, 80,136,164
2, 80,136,164
2, 80,136,164
Vermicom_P10mgL_1.0ml_1
Light Source Color - RED	 , 31/03/2024,11:52:09
3, 81,137,177
3, 234,210,1624
3, 233,209,1617
3, 233,209,1614
3, 233,209,1612
3, 233,209,1611
3, 232,209,1609
3, 232,209,1609
3, 232,209,1608
3, 232,209,1607
3, 232,209,1607
Vermicom_P10mgL_1.0ml_1
Light Source Color - OFF	 , 31/03/2024,11:52:21
4, 232,209,1606
4, 80,136,164
4, 80,136,164
4, 80,136,164
4, 80,136,164
4, 80,136,164
4, 80,136,164
4, 80,136,164
4, 80,136,164
4, 80,136,164
4, 80,136,164
Vermicom_P10mgL_1.0ml_1
Light Source Color - GREEN	 , 31/03/2024,11:52:33
5, 80,136,164
5, 558,1512,359
5, 558,1512,359
5, 558,1511,359
5, 558,1512,360
5, 558,1511,360
5, 557,1511,360
5, 557,1511,360
5, 557,1510,359
5, 557,1510,359
5, 557,1510,359
Vermicom_P10mgL_1.0ml_1
Light Source Color - OFF	 , 31/03/2024,11:52:45
6, 557,1511,360
6, 80,136,164
6, 80,136,164
6, 80,136,164
6, 80,136,164
6, 80,136,164
6, 80,136,164
6, 80,136,164
6, 80,136,164
6, 80,136,164
6, 80,136,164
Vermicom_P10mgL_1.0ml_1
Light Source Color - BLUE	 , 31/03/2024,11:52:57
7, 80,136,164
7, 1663,650,184
7, 1665,651,185
7, 1664,651,185
7, 1663,650,184
7, 1663,651,184
7, 1663,650,184
7, 1662,650,184
7, 1664,651,185
7, 1663,651,185
7, 1663,651,184
Vermicom_P10mgL_1.0ml_1
Light Source Color - OFF	 , 31/03/2024,11:53:09
8, 1663,651,184
8, 80,136,164
8, 80,136,164
8, 80,136,164
8, 80,136,164
8, 80,136,164
8, 80,136,164
8, 80,136,164
8, 80,136,164
8, 80,136,164
8, 80,136,164
Vermicom_P10mgL_1.0ml_1
Light Source Color - WHITE	 , 31/03/2024,11:53:21
9, 80,136,164
9, 2036,1928,1811
9, 2032,1925,1797
9, 2029,1924,1788
9, 2027,1923,1782
9, 2028,1924,1780
9, 2026,1923,1776
9, 2025,1922,1771
9, 2023,1921,1768
9, 2022,1920,1764
9, 2020,1919,1761
Vermicom_P10mgL_1.0ml_1
Light Source Color - OFF	 , 31/03/2024,11:53:33
10, 2005,1905,1746
10, 80,136,164
10, 80,136,164
10, 80,136,164
10, 80,136,164
10, 80,136,164
10, 80,136,164
10, 80,136,164
10, 80,136,164
10, 80,136,164
10, 80,136,164
Vermicom_P10mgL_1.0ml_1
Light Source Color - RED	 , 31/03/2024,11:53:45
11, 80,136,164
11, 233,209,1613
11, 233,209,1610
11, 232,209,1607
11, 232,208,1605
11, 232,208,1604
11, 232,208,1603
11, 232,208,1602
11, 232,208,1602
11, 232,208,1601
11, 232,208,1600
Vermicom_P10mgL_1.0ml_1
Light Source Color - OFF	 , 31/03/2024,11:53:57
12, 232,208,1600
12, 80,136,164
12, 80,136,164
12, 80,136,164
12, 80,136,164
12, 80,136,164
12, 80,136,164
12, 80,136,164
12, 80,136,164
12, 80,136,164
12, 80,136,164
Vermicom_P10mgL_1.0ml_1
Light Source Color - GREEN	 , 31/03/2024,11:54:09
13, 80,136,164
13, 558,1512,359
13, 557,1510,359
13, 557,1510,359
13, 557,1509,359
13, 556,1509,359
13, 557,1510,359
13, 557,1509,359
13, 557,1509,359
13, 556,1509,359
13, 556,1508,359
Vermicom_P10mgL_1.0ml_1
Light Source Color - OFF	 , 31/03/2024,11:54:21
14, 556,1508,359
14, 80,136,164
14, 80,136,164
14, 80,136,164
14, 80,136,164
14, 80,136,164
14, 80,136,164
14, 80,136,164
14, 80,136,164
14, 80,136,164
14, 80,136,164
Vermicom_P10mgL_1.0ml_1
Light Source Color - BLUE	 , 31/03/2024,11:54:34
15, 80,136,164
15, 1662,650,184
15, 1661,650,184
15, 1662,650,184
15, 1662,650,184
15, 1662,650,184
15, 1661,650,184
15, 1661,650,184
15, 1660,650,184
15, 1662,651,184
15, 1661,650,184
Vermicom_P10mgL_1.0ml_1
Light Source Color - OFF	 , 31/03/2024,11:54:46
