Vermicom_P10mgL1.0ml_1  :  soil มูลใส้เดือน P10mgL 1.0ml  npk_detector_TSCRGB2024
Light Source Color - OFF
N,P,K
0, 79,136,165
0, 79,136,165
0, 79,136,165
0, 79,136,165
0, 79,136,165
0, 79,136,165
0, 79,136,165
0, 79,136,165
0, 79,136,165
0, 79,136,165
Vermicom_P10mgL1.0ml_1
Light Source Color - WHITE	 , 31/03/2024,11:07:11
1, 79,136,165
1, 2107,1968,1748
1, 2108,1969,1742
1, 2108,1970,1733
1, 2109,1970,1727
1, 2107,1969,1722
1, 2105,1969,1717
1, 2104,1968,1713
1, 2102,1967,1710
1, 2103,1968,1708
1, 2102,1967,1705
Vermicom_P10mgL1.0ml_1
Light Source Color - OFF	 , 31/03/2024,11:07:23
2, 2102,1967,1701
2, 79,136,164
2, 79,136,164
2, 79,136,164
2, 79,136,164
2, 79,136,164
2, 79,136,164
2, 79,136,164
2, 79,136,164
2, 79,136,164
2, 79,136,164
Vermicom_P10mgL1.0ml_1
Light Source Color - RED	 , 31/03/2024,11:07:35
3, 79,136,164
3, 224,206,1551
3, 224,205,1545
3, 224,205,1542
3, 223,205,1540
3, 224,205,1540
3, 223,205,1539
3, 223,205,1538
3, 223,205,1537
3, 223,205,1536
3, 223,205,1536
Vermicom_P10mgL1.0ml_1
Light Source Color - OFF	 , 31/03/2024,11:07:47
4, 223,205,1535
4, 79,136,164
4, 79,136,164
4, 79,136,164
4, 79,136,164
4, 79,136,164
4, 79,136,164
4, 79,136,164
4, 79,136,164
4, 79,136,164
4, 79,136,164
Vermicom_P10mgL1.0ml_1
Light Source Color - GREEN	 , 31/03/2024,11:07:59
5, 79,136,164
5, 566,1528,359
5, 566,1527,359
5, 565,1526,359
5, 565,1526,359
5, 565,1525,359
5, 565,1525,359
5, 565,1526,359
5, 565,1525,359
5, 565,1525,359
5, 564,1525,359
Vermicom_P10mgL1.0ml_1
Light Source Color - OFF	 , 31/03/2024,11:08:11
6, 564,1525,359
6, 79,136,164
6, 79,136,164
6, 79,136,164
6, 79,136,164
6, 79,136,164
6, 79,136,164
6, 79,136,164
6, 79,136,164
6, 79,136,164
6, 79,136,164
Vermicom_P10mgL1.0ml_1
Light Source Color - BLUE	 , 31/03/2024,11:08:23
7, 79,136,164
7, 1724,669,185
7, 1724,669,185
7, 1725,669,185
7, 1725,669,185
7, 1725,669,185
7, 1724,669,185
7, 1724,669,185
7, 1723,669,185
7, 1725,669,185
7, 1724,669,185
Vermicom_P10mgL1.0ml_1
Light Source Color - OFF	 , 31/03/2024,11:08:35
8, 1724,669,185
8, 79,136,164
8, 79,136,164
8, 79,136,164
8, 79,136,164
8, 79,136,164
8, 79,136,164
8, 79,136,164
8, 79,136,164
8, 79,136,164
8, 79,136,164
Vermicom_P10mgL1.0ml_1
Light Source Color - WHITE	 , 31/03/2024,11:08:47
9, 79,136,164
9, 2122,1978,1739
9, 2118,1976,1725
9, 2115,1974,1718
9, 2114,1974,1712
9, 2116,1975,1710
9, 2114,1974,1705
9, 2113,1974,1701
9, 2112,1973,1698
9, 2111,1972,1694
9, 2109,1972,1691
Vermicom_P10mgL1.0ml_1
Light Source Color - OFF	 , 31/03/2024,11:09:00
10, 2111,1973,1690
10, 79,136,164
10, 79,136,164
10, 79,136,164
10, 79,136,164
10, 79,136,164
10, 79,136,164
10, 79,136,164
10, 79,136,164
10, 79,136,164
10, 79,136,164
Vermicom_P10mgL1.0ml_1
Light Source Color - RED	 , 31/03/2024,11:09:11
11, 79,136,164
11, 218,203,1491
11, 223,205,1534
11, 223,205,1532
11, 223,204,1530
11, 222,204,1528
11, 222,204,1527
11, 222,204,1527
11, 222,204,1526
11, 222,204,1525
11, 222,204,1525
Vermicom_P10mgL1.0ml_1
Light Source Color - OFF	 , 31/03/2024,11:09:23
12, 222,204,1524
12, 79,136,164
12, 79,136,164
12, 79,136,164
12, 79,136,164
12, 79,136,164
12, 79,136,164
12, 79,136,164
12, 79,136,164
12, 79,136,164
12, 79,136,164
Vermicom_P10mgL1.0ml_1
Light Source Color - GREEN	 , 31/03/2024,11:09:35
13, 79,136,164
13, 565,1525,359
13, 564,1524,359
13, 565,1524,359
13, 564,1524,359
13, 564,1524,359
13, 564,1523,359
13, 564,1523,359
13, 564,1523,359
13, 564,1524,359
13, 564,1523,359
Vermicom_P10mgL1.0ml_1
Light Source Color - OFF	 , 31/03/2024,11:09:48
14, 564,1524,359
14, 79,136,164
14, 79,136,164
14, 79,136,164
14, 79,136,164
14, 79,136,164
14, 79,136,164
14, 79,136,164
14, 79,136,164
14, 79,136,164
14, 79,136,164
Vermicom_P10mgL1.0ml_1
Light Source Color - BLUE	 , 31/03/2024,11:10:00
15, 79,136,164
15, 1727,670,185
15, 1726,670,185
15, 1725,670,185
15, 1725,670,185
15, 1727,670,185
15, 1726,670,185
15, 1725,669,185
15, 1725,669,185
15, 1724,669,185
15, 1723,669,185
Vermicom_P10mgL1.0ml_1
Light Source Color - OFF	 , 31/03/2024,11:10:11
