Vermicom_P10mgL.5ml_1  :  soil มูลใส้เดือน P10mgL .5ml  npk_detector_TSCRGB2024
Light Source Color - OFF
N,P,K
0, 80,137,165
0, 80,137,165
0, 80,137,165
0, 80,137,165
0, 80,137,165
0, 80,137,165
0, 80,137,165
0, 80,137,165
0, 80,137,165
0, 80,137,165
Vermicom_P10mgL.5ml_1
Light Source Color - WHITE	 , 31/03/2024,10:47:58
1, 80,137,165
1, 1956,1863,1717
1, 1953,1861,1710
1, 1950,1859,1702
1, 1947,1858,1696
1, 1946,1857,1692
1, 1945,1857,1687
1, 1943,1856,1684
1, 1945,1857,1682
1, 1944,1856,1679
1, 1943,1856,1676
Vermicom_P10mgL.5ml_1
Light Source Color - OFF	 , 31/03/2024,10:48:10
2, 1942,1855,1673
2, 80,137,165
2, 80,137,165
2, 80,137,165
2, 80,137,165
2, 80,137,165
2, 80,137,165
2, 80,137,165
2, 80,137,165
2, 80,137,165
2, 80,137,165
2, 80,137,165
Vermicom_P10mgL.5ml_1
Light Source Color - RED	 , 31/03/2024,10:48:23
3, 80,137,165
3, 221,205,1529
3, 220,205,1524
3, 220,205,1523
3, 220,205,1521
3, 220,205,1520
3, 220,205,1519
3, 220,205,1517
3, 220,205,1517
3, 220,205,1516
3, 220,205,1515
3, 220,205,1514
Vermicom_P10mgL.5ml_1
Light Source Color - OFF	 , 31/03/2024,10:48:36
4, 220,205,1514
4, 80,137,165
4, 80,137,165
4, 80,137,165
4, 80,137,165
4, 80,137,165
4, 80,137,165
4, 80,137,165
4, 80,137,165
4, 80,137,165
4, 80,137,165
4, 80,137,165
Vermicom_P10mgL.5ml_1
Light Source Color - GREEN	 , 31/03/2024,10:48:49
5, 80,137,165
5, 505,1358,335
5, 551,1492,354
5, 551,1492,354
5, 551,1491,354
5, 550,1491,354
5, 550,1490,354
5, 550,1491,354
5, 550,1491,354
5, 550,1491,354
5, 550,1490,354
Vermicom_P10mgL.5ml_1
Light Source Color - OFF	 , 31/03/2024,10:49:01
6, 550,1490,354
6, 80,137,165
6, 80,137,165
6, 80,137,165
6, 80,137,165
6, 80,137,165
6, 80,137,165
6, 80,137,165
6, 80,137,165
6, 80,137,165
6, 80,137,165
6, 80,137,165
Vermicom_P10mgL.5ml_1
Light Source Color - BLUE	 , 31/03/2024,10:49:15
7, 80,137,165
7, 1647,643,186
7, 1648,644,186
7, 1647,644,186
7, 1647,644,186
7, 1646,644,186
7, 1646,643,185
7, 1646,643,185
7, 1647,644,185
7, 1646,644,185
7, 1646,643,185
7, 1645,643,185
Vermicom_P10mgL.5ml_1
Light Source Color - OFF	 , 31/03/2024,10:49:28
8, 1644,643,185
8, 250,192,167
8, 80,137,165
8, 80,137,165
8, 80,137,165
8, 80,137,165
8, 80,137,165
8, 80,137,165
8, 80,137,165
8, 80,137,165
8, 80,137,165
8, 80,137,165
Vermicom_P10mgL.5ml_1
Light Source Color - WHITE	 , 31/03/2024,10:49:41
9, 80,137,165
9, 1930,1840,1690
9, 1949,1859,1693
9, 1946,1857,1686
9, 1944,1856,1680
9, 1942,1855,1676
9, 1941,1854,1672
9, 1942,1855,1670
9, 1941,1854,1667
9, 1939,1853,1664
9, 1938,1853,1661
Vermicom_P10mgL.5ml_1
Light Source Color - OFF	 , 31/03/2024,10:49:53
10, 1937,1852,1658
10, 80,137,165
10, 80,137,165
10, 80,137,165
10, 80,137,165
10, 80,137,165
10, 80,137,165
10, 80,137,165
10, 80,137,165
10, 80,137,165
10, 80,137,165
10, 80,137,165
Vermicom_P10mgL.5ml_1
Light Source Color - RED	 , 31/03/2024,10:50:06
11, 80,137,165
11, 203,197,1352
11, 220,205,1512
11, 219,204,1510
11, 219,204,1508
11, 219,204,1506
11, 219,204,1505
11, 219,204,1505
11, 219,204,1504
11, 219,204,1503
11, 219,204,1502
11, 219,204,1501
Vermicom_P10mgL.5ml_1
Light Source Color - OFF	 , 31/03/2024,10:50:19
12, 219,204,1501
12, 83,139,198
12, 80,137,165
12, 80,137,165
12, 80,137,165
12, 80,137,165
12, 80,137,165
12, 80,137,165
12, 80,137,165
12, 80,137,165
12, 80,137,165
12, 80,137,165
Vermicom_P10mgL.5ml_1
Light Source Color - GREEN	 , 31/03/2024,10:50:32
13, 80,137,165
13, 551,1491,354
13, 550,1490,354
13, 550,1489,354
13, 549,1489,354
13, 549,1488,354
13, 549,1489,354
13, 549,1489,354
13, 549,1488,354
13, 549,1488,354
13, 549,1488,354
Vermicom_P10mgL.5ml_1
Light Source Color - OFF	 , 31/03/2024,10:50:44
14, 549,1487,354
14, 80,137,165
14, 80,137,165
14, 80,137,165
14, 80,137,165
14, 80,137,165
14, 80,137,165
14, 80,137,165
14, 80,137,166
14, 80,137,166
14, 80,137,166
Vermicom_P10mgL.5ml_1
Light Source Color - BLUE	 , 31/03/2024,10:50:56
15, 80,137,165
15, 1644,643,185
15, 1644,643,185
15, 1644,643,185
15, 1645,643,185
15, 1645,643,185
15, 1645,643,185
15, 1644,643,185
15, 1643,643,185
15, 1643,643,185
15, 1641,642,184
Vermicom_P10mgL.5ml_1
Light Source Color - OFF	 , 31/03/2024,10:51:09
