Vermicom_P10mgL_0.5ml_0  :  soil มูลใส้เดือน P10mgL 0.5ml  npk_detector_TSCRGB2024
Light Source Color - OFF
N,P,K
0, 82,139,167
0, 82,139,167
0, 82,138,167
0, 82,138,167
0, 82,138,167
0, 82,138,167
0, 82,138,166
0, 82,138,167
0, 82,138,167
0, 82,138,167
Vermicom_P10mgL_0.5ml_0
Light Source Color - WHITE	 , 31/03/2024,11:43:06
1, 82,138,167
1, 2042,1924,1728
1, 2042,1924,1716
1, 2044,1926,1712
1, 2043,1925,1706
1, 2042,1925,1701
1, 2041,1925,1696
1, 2041,1925,1692
1, 2040,1924,1688
1, 2041,1925,1687
1, 2040,1925,1683
Vermicom_P10mgL_0.5ml_0
Light Source Color - OFF	 , 31/03/2024,11:43:19
2, 2039,1924,1680
2, 82,138,166
2, 82,138,166
2, 81,138,166
2, 82,138,167
2, 82,138,167
2, 82,138,167
2, 82,138,167
2, 82,138,167
2, 82,138,167
2, 82,138,167
Vermicom_P10mgL_0.5ml_0
Light Source Color - RED	 , 31/03/2024,11:43:31
3, 82,138,167
3, 225,207,1533
3, 224,207,1526
3, 224,206,1523
3, 224,206,1522
3, 224,206,1520
3, 224,206,1520
3, 224,206,1519
3, 224,206,1518
3, 223,206,1517
3, 223,206,1516
Vermicom_P10mgL_0.5ml_0
Light Source Color - OFF	 , 31/03/2024,11:43:43
4, 223,206,1515
4, 92,143,266
4, 82,138,167
4, 82,138,167
4, 82,138,167
4, 82,138,167
4, 82,138,167
4, 82,138,166
4, 82,138,167
4, 82,138,167
4, 82,138,167
Vermicom_P10mgL_0.5ml_0
Light Source Color - GREEN	 , 31/03/2024,11:43:55
5, 82,138,167
5, 556,1499,358
5, 556,1499,358
5, 556,1499,358
5, 556,1498,358
5, 556,1498,358
5, 555,1497,358
5, 555,1497,358
5, 555,1497,357
5, 555,1497,358
5, 555,1497,358
Vermicom_P10mgL_0.5ml_0
Light Source Color - OFF	 , 31/03/2024,11:44:07
6, 555,1497,358
6, 82,138,166
6, 82,138,166
6, 82,138,166
6, 82,138,167
6, 82,138,167
6, 82,138,167
6, 82,138,167
6, 82,138,167
6, 82,138,167
6, 82,138,167
Vermicom_P10mgL_0.5ml_0
Light Source Color - BLUE	 , 31/03/2024,11:44:19
7, 82,138,167
7, 1665,650,187
7, 1664,651,187
7, 1663,650,187
7, 1662,650,187
7, 1662,650,187
7, 1664,651,187
7, 1663,651,187
7, 1663,651,187
7, 1662,650,187
7, 1662,650,187
Vermicom_P10mgL_0.5ml_0
Light Source Color - OFF	 , 31/03/2024,11:44:31
8, 1662,650,187
8, 107,146,167
8, 82,138,167
8, 82,138,167
8, 82,138,167
8, 82,138,167
8, 82,138,167
8, 82,138,167
8, 82,138,167
8, 82,138,166
8, 82,138,166
Vermicom_P10mgL_0.5ml_0
Light Source Color - WHITE	 , 31/03/2024,11:44:43
9, 82,138,166
9, 2053,1932,1709
9, 2053,1933,1702
9, 2052,1932,1694
9, 2051,1932,1688
9, 2049,1931,1683
9, 2047,1930,1678
9, 2046,1929,1674
9, 2045,1929,1671
9, 2046,1930,1670
9, 2045,1930,1666
Vermicom_P10mgL_0.5ml_0
Light Source Color - OFF	 , 31/03/2024,11:44:55
10, 2045,1929,1663
10, 82,138,166
10, 82,138,167
10, 82,138,167
10, 82,138,167
10, 82,138,167
10, 82,138,167
10, 82,138,167
10, 82,138,167
10, 82,138,167
10, 82,138,167
Vermicom_P10mgL_0.5ml_0
Light Source Color - RED	 , 31/03/2024,11:45:07
11, 82,138,167
11, 224,206,1518
11, 223,206,1512
11, 223,206,1510
11, 223,205,1508
11, 223,206,1507
11, 223,206,1506
11, 223,205,1505
11, 221,204,1503
11, 222,205,1504
11, 222,205,1503
Vermicom_P10mgL_0.5ml_0
Light Source Color - OFF	 , 31/03/2024,11:45:19
12, 218,203,1464
12, 82,138,167
12, 82,138,167
12, 82,138,167
12, 82,138,167
12, 82,138,167
12, 82,138,166
12, 82,138,167
12, 82,138,167
12, 82,138,167
12, 82,138,166
Vermicom_P10mgL_0.5ml_0
Light Source Color - GREEN	 , 31/03/2024,11:45:31
13, 82,138,166
13, 556,1498,358
13, 556,1498,358
13, 555,1498,358
13, 555,1497,358
13, 555,1497,358
13, 555,1496,358
13, 554,1496,358
13, 555,1497,358
13, 555,1496,358
13, 554,1496,358
Vermicom_P10mgL_0.5ml_0
Light Source Color - OFF	 , 31/03/2024,11:45:43
14, 554,1496,358
14, 82,138,166
14, 82,138,166
14, 82,138,166
14, 82,138,166
14, 82,138,166
14, 82,138,166
14, 82,138,166
14, 82,138,166
14, 82,138,166
14, 82,138,166
Vermicom_P10mgL_0.5ml_0
Light Source Color - BLUE	 , 31/03/2024,11:45:55
15, 82,138,166
15, 1665,651,187
15, 1665,651,187
15, 1664,651,187
15, 1664,651,187
15, 1666,652,187
15, 1666,652,187
15, 1665,652,187
15, 1664,652,187
15, 1664,651,187
15, 1663,651,187
Vermicom_P10mgL_0.5ml_0
Light Source Color - OFF	 , 31/03/2024,11:46:07
