Vermicom_P10mgL.5ml_0  :  soil มูลใส้เดือน P10mgL .5ml  npk_detector_TSCRGB2024
Light Source Color - OFF
N,P,K
0, 80,138,166
0, 80,138,166
0, 80,138,166
0, 80,138,166
0, 80,138,166
0, 80,138,166
0, 80,138,166
0, 80,138,166
0, 80,138,166
0, 80,138,166
Vermicom_P10mgL.5ml_0
Light Source Color - WHITE	 , 31/03/2024,10:47:58
1, 80,138,166
1, 2053,1929,1772
1, 2054,1930,1766
1, 2053,1930,1757
1, 2053,1930,1751
1, 2051,1930,1746
1, 2050,1929,1741
1, 2048,1928,1737
1, 2050,1929,1735
1, 2049,1928,1731
1, 2047,1928,1728
Vermicom_P10mgL.5ml_0
Light Source Color - OFF	 , 31/03/2024,10:48:10
2, 2046,1927,1724
2, 80,138,166
2, 80,138,166
2, 80,138,166
2, 80,138,166
2, 80,138,166
2, 80,138,166
2, 80,138,166
2, 80,138,167
2, 80,138,167
2, 80,138,167
2, 80,138,167
Vermicom_P10mgL.5ml_0
Light Source Color - RED	 , 31/03/2024,10:48:24
3, 80,138,167
3, 225,208,1573
3, 224,208,1568
3, 224,208,1567
3, 224,208,1565
3, 224,208,1563
3, 224,207,1561
3, 223,207,1559
3, 223,207,1559
3, 223,207,1557
3, 223,207,1556
3, 223,207,1555
Vermicom_P10mgL.5ml_0
Light Source Color - OFF	 , 31/03/2024,10:48:37
4, 223,207,1554
4, 80,138,166
4, 80,138,166
4, 80,138,166
4, 80,138,166
4, 80,138,166
4, 80,138,166
4, 80,138,166
4, 80,138,166
4, 80,138,166
4, 80,138,166
4, 80,138,166
Vermicom_P10mgL.5ml_0
Light Source Color - GREEN	 , 31/03/2024,10:48:50
5, 80,138,166
5, 508,1360,336
5, 561,1513,358
5, 561,1513,357
5, 560,1512,357
5, 560,1512,357
5, 560,1512,357
5, 560,1512,358
5, 560,1512,358
5, 560,1512,358
5, 560,1512,358
Vermicom_P10mgL.5ml_0
Light Source Color - OFF	 , 31/03/2024,10:49:02
6, 560,1511,358
6, 80,138,167
6, 80,138,167
6, 80,138,167
6, 80,138,167
6, 80,138,166
6, 80,138,166
6, 80,138,166
6, 80,138,166
6, 80,138,166
6, 80,138,166
6, 80,138,166
Vermicom_P10mgL.5ml_0
Light Source Color - BLUE	 , 31/03/2024,10:49:15
7, 80,138,166
7, 1678,651,186
7, 1679,652,186
7, 1679,652,186
7, 1678,652,186
7, 1678,652,186
7, 1677,651,186
7, 1676,651,186
7, 1678,652,186
7, 1677,652,186
7, 1677,651,186
7, 1676,651,186
Vermicom_P10mgL.5ml_0
Light Source Color - OFF	 , 31/03/2024,10:49:28
8, 1676,651,186
8, 253,193,168
8, 80,138,166
8, 80,138,166
8, 80,138,166
8, 80,138,166
8, 80,138,165
8, 80,138,166
8, 80,138,166
8, 80,138,166
8, 80,138,166
8, 80,138,166
Vermicom_P10mgL.5ml_0
Light Source Color - WHITE	 , 31/03/2024,10:49:41
9, 80,138,166
9, 2029,1909,1725
9, 2048,1928,1726
9, 2046,1927,1718
9, 2044,1926,1712
9, 2043,1925,1708
9, 2041,1924,1703
9, 2043,1926,1702
9, 2042,1925,1698
9, 2040,1924,1695
9, 2039,1924,1691
Vermicom_P10mgL.5ml_0
Light Source Color - OFF	 , 31/03/2024,10:49:53
10, 2038,1923,1688
10, 80,137,165
10, 80,138,165
10, 80,138,166
10, 80,138,166
10, 80,138,165
10, 80,138,165
10, 80,138,165
10, 80,138,166
10, 80,138,165
10, 80,138,165
10, 80,138,165
Vermicom_P10mgL.5ml_0
Light Source Color - RED	 , 31/03/2024,10:50:06
11, 80,138,165
11, 204,198,1367
11, 222,206,1536
11, 221,206,1533
11, 221,206,1531
11, 221,206,1530
11, 221,205,1528
11, 221,206,1528
11, 221,206,1527
11, 221,205,1526
11, 221,205,1525
11, 221,205,1524
Vermicom_P10mgL.5ml_0
Light Source Color - OFF	 , 31/03/2024,10:50:19
12, 220,205,1523
12, 83,139,197
12, 80,137,165
12, 80,137,165
12, 80,137,165
12, 80,137,165
12, 80,138,165
12, 80,138,165
12, 80,138,165
12, 80,138,165
12, 80,137,165
12, 80,137,165
Vermicom_P10mgL.5ml_0
Light Source Color - GREEN	 , 31/03/2024,10:50:32
13, 80,138,165
13, 558,1508,356
13, 558,1507,356
13, 557,1506,356
13, 557,1506,356
13, 557,1505,356
13, 557,1506,356
13, 557,1506,356
13, 557,1506,356
13, 557,1505,356
13, 556,1505,356
Vermicom_P10mgL.5ml_0
Light Source Color - OFF	 , 31/03/2024,10:50:44
14, 556,1505,356
14, 139,308,189
14, 80,137,165
14, 80,137,165
14, 80,137,165
14, 80,137,165
14, 80,137,165
14, 80,137,165
14, 80,137,165
14, 80,137,165
14, 80,137,165
14, 80,137,165
Vermicom_P10mgL.5ml_0
Light Source Color - BLUE	 , 31/03/2024,10:50:57
15, 80,137,165
15, 1608,630,185
15, 1674,651,186
15, 1673,651,185
15, 1673,651,185
15, 1672,651,185
15, 1672,651,185
15, 1673,652,186
15, 1673,651,185
15, 1672,651,185
15, 1672,651,185
15, 1671,651,185
Vermicom_P10mgL.5ml_0
Light Source Color - OFF	 , 31/03/2024,10:51:10
