Vermicom_N10mgL_1.0ml_0  :  soil มูลใส้เดือน N10mgL 1.0ml  npk_detector_TSCRGB2024
Light Source Color - OFF
N,P,K
0, 79,136,164
0, 79,136,164
0, 79,136,164
0, 79,136,164
0, 79,136,164
0, 79,136,164
0, 79,136,164
0, 79,136,164
0, 79,136,164
0, 79,136,164
Vermicom_N10mgL_1.0ml_0
Light Source Color - WHITE	 , 31/03/2024,12:20:09
1, 79,136,164
1, 1783,1740,1785
1, 1795,1749,1775
1, 1802,1755,1768
1, 1806,1758,1766
1, 1807,1759,1761
1, 1807,1759,1757
1, 1808,1760,1753
1, 1808,1760,1749
1, 1808,1760,1746
1, 1809,1760,1742
Vermicom_N10mgL_1.0ml_0
Light Source Color - OFF	 , 31/03/2024,12:20:22
2, 1811,1762,1741
2, 79,135,163
2, 79,135,163
2, 79,135,163
2, 79,135,163
2, 79,135,163
2, 79,135,163
2, 79,135,163
2, 79,135,163
2, 79,135,163
2, 79,135,163
Vermicom_N10mgL_1.0ml_0
Light Source Color - RED	 , 31/03/2024,12:20:34
3, 79,135,163
3, 228,208,1599
3, 228,208,1597
3, 228,207,1594
3, 228,207,1592
3, 228,207,1590
3, 228,207,1587
3, 227,207,1586
3, 227,207,1585
3, 227,207,1584
3, 227,207,1583
Vermicom_N10mgL_1.0ml_0
Light Source Color - OFF	 , 31/03/2024,12:20:46
4, 227,207,1581
4, 79,135,163
4, 79,135,163
4, 79,135,163
4, 79,135,163
4, 79,135,163
4, 79,135,163
4, 79,135,163
4, 79,135,163
4, 79,135,163
4, 79,135,163
Vermicom_N10mgL_1.0ml_0
Light Source Color - GREEN	 , 31/03/2024,12:20:58
5, 79,135,163
5, 540,1467,351
5, 540,1466,351
5, 539,1466,351
5, 539,1466,351
5, 539,1466,350
5, 539,1466,351
5, 539,1467,351
5, 539,1466,351
5, 539,1466,351
5, 539,1466,351
Vermicom_N10mgL_1.0ml_0
Light Source Color - OFF	 , 31/03/2024,12:21:10
6, 539,1465,350
6, 79,135,163
6, 79,135,163
6, 79,135,163
6, 79,135,163
6, 79,135,163
6, 79,135,163
6, 79,135,163
6, 79,135,163
6, 79,135,163
6, 79,135,163
Vermicom_N10mgL_1.0ml_0
Light Source Color - BLUE	 , 31/03/2024,12:21:22
7, 79,135,163
7, 1593,625,182
7, 1593,625,182
7, 1592,625,182
7, 1592,625,182
7, 1593,626,182
7, 1593,626,181
7, 1592,626,181
7, 1592,626,181
7, 1592,625,181
7, 1591,625,181
Vermicom_N10mgL_1.0ml_0
Light Source Color - OFF	 , 31/03/2024,12:21:34
8, 1593,626,182
8, 78,135,162
8, 78,135,162
8, 78,135,162
8, 78,135,162
8, 78,135,162
8, 78,135,162
8, 78,135,162
8, 78,135,162
8, 78,135,162
8, 78,135,162
Vermicom_N10mgL_1.0ml_0
Light Source Color - WHITE	 , 31/03/2024,12:21:46
9, 78,135,162
9, 1780,1738,1742
9, 1789,1745,1737
9, 1814,1764,1732
9, 1818,1767,1726
9, 1821,1769,1722
9, 1813,1763,1717
9, 1827,1774,1715
9, 1833,1778,1712
9, 1837,1781,1711
9, 1838,1782,1708
Vermicom_N10mgL_1.0ml_0
Light Source Color - OFF	 , 31/03/2024,12:21:59
10, 1813,1764,1703
10, 78,135,162
10, 78,135,162
10, 78,135,162
10, 78,135,162
10, 78,135,162
10, 78,135,162
10, 78,135,162
10, 78,135,162
10, 78,135,162
10, 78,135,162
Vermicom_N10mgL_1.0ml_0
Light Source Color - RED	 , 31/03/2024,12:22:11
11, 82,137,201
11, 226,206,1569
11, 225,205,1562
11, 225,205,1559
11, 225,205,1557
11, 225,205,1556
11, 225,205,1554
11, 225,205,1554
11, 225,205,1553
11, 225,205,1552
11, 225,205,1551
Vermicom_N10mgL_1.0ml_0
Light Source Color - OFF	 , 31/03/2024,12:22:23
12, 224,204,1550
12, 78,135,162
12, 78,135,162
12, 78,135,162
12, 78,135,162
12, 78,135,162
12, 78,135,162
12, 78,135,162
12, 78,135,162
12, 78,135,162
12, 78,135,162
Vermicom_N10mgL_1.0ml_0
Light Source Color - GREEN	 , 31/03/2024,12:22:35
13, 78,135,162
13, 536,1460,349
13, 536,1460,349
13, 536,1459,349
13, 536,1459,349
13, 536,1460,349
13, 536,1460,349
13, 536,1460,349
13, 536,1460,349
13, 536,1460,349
13, 536,1460,349
Vermicom_N10mgL_1.0ml_0
Light Source Color - OFF	 , 31/03/2024,12:22:47
14, 534,1455,349
14, 93,176,168
14, 78,135,162
14, 78,135,162
14, 78,135,162
14, 78,135,162
14, 78,135,162
14, 78,135,162
14, 78,135,162
14, 78,135,162
14, 78,135,162
Vermicom_N10mgL_1.0ml_0
Light Source Color - BLUE	 , 31/03/2024,12:22:59
15, 78,135,162
15, 1579,622,181
15, 1579,622,181
15, 1580,623,181
15, 1581,623,181
15, 1581,623,181
15, 1581,623,181
15, 1581,623,181
15, 1581,623,181
15, 1582,624,181
15, 1583,624,181
Vermicom_N10mgL_1.0ml_0
Light Source Color - OFF	 , 31/03/2024,12:23:11
