Vermicom_P10mgL_0  :  soil มูลใส้เดือน P10mgL .5ml  npk_detector_TSCRGB2024
Light Source Color - OFF
N,P,K
0, 79,137,165
0, 79,137,165
0, 79,137,165
0, 79,137,165
0, 79,137,165
0, 79,137,165
0, 79,137,165
0, 79,137,165
0, 79,137,165
0, 79,137,165
Vermicom_P10mgL_0
Light Source Color - WHITE	 , 31/03/2024,10:58:25
1, 79,137,165
1, 2120,1973,1766
1, 2119,1973,1760
1, 2118,1973,1750
1, 2115,1971,1743
1, 2113,1970,1738
1, 2112,1970,1733
1, 2110,1969,1728
1, 2109,1968,1724
1, 2111,1969,1723
1, 2109,1969,1719
Vermicom_P10mgL_0
Light Source Color - OFF	 , 31/03/2024,10:58:37
2, 2107,1968,1715
2, 79,136,165
2, 79,136,165
2, 79,136,165
2, 79,136,165
2, 79,136,165
2, 79,136,165
2, 79,136,165
2, 79,136,165
2, 79,136,165
2, 79,136,165
Vermicom_P10mgL_0
Light Source Color - RED	 , 31/03/2024,10:58:49
3, 79,136,165
3, 223,206,1561
3, 223,206,1555
3, 222,206,1552
3, 222,205,1550
3, 222,206,1550
3, 222,206,1548
3, 222,205,1547
3, 222,205,1546
3, 222,205,1544
3, 222,205,1544
Vermicom_P10mgL_0
Light Source Color - OFF	 , 31/03/2024,10:59:01
4, 222,205,1543
4, 79,136,165
4, 79,136,165
4, 79,136,165
4, 79,136,165
4, 79,136,165
4, 79,136,165
4, 79,136,165
4, 79,136,165
4, 79,136,165
4, 79,136,165
Vermicom_P10mgL_0
Light Source Color - GREEN	 , 31/03/2024,10:59:13
5, 79,136,165
5, 557,1502,355
5, 556,1500,355
5, 555,1499,355
5, 555,1499,355
5, 555,1498,355
5, 555,1499,355
5, 555,1499,355
5, 555,1498,355
5, 554,1498,355
5, 554,1497,355
Vermicom_P10mgL_0
Light Source Color - OFF	 , 31/03/2024,10:59:25
6, 554,1497,354
6, 79,136,165
6, 79,136,165
6, 79,136,165
6, 79,136,164
6, 79,136,164
6, 79,136,164
6, 79,136,164
6, 79,136,164
6, 79,136,164
6, 79,136,164
Vermicom_P10mgL_0
Light Source Color - BLUE	 , 31/03/2024,10:59:37
7, 79,136,164
7, 1669,648,185
7, 1669,648,185
7, 1670,649,185
7, 1669,648,185
7, 1669,648,185
7, 1669,648,185
7, 1668,648,185
7, 1669,649,185
7, 1669,649,185
7, 1669,649,185
Vermicom_P10mgL_0
Light Source Color - OFF	 , 31/03/2024,10:59:49
8, 1668,648,185
8, 79,136,164
8, 79,136,164
8, 79,136,164
8, 79,136,165
8, 79,136,165
8, 79,136,165
8, 79,136,165
8, 79,136,165
8, 79,136,165
8, 79,136,165
Vermicom_P10mgL_0
Light Source Color - WHITE	 , 31/03/2024,11:00:01
9, 79,136,165
9, 2112,1969,1735
9, 2108,1967,1721
9, 2106,1966,1713
9, 2107,1967,1710
9, 2105,1966,1705
9, 2103,1965,1700
9, 2102,1964,1696
9, 2101,1964,1692
9, 2100,1963,1689
9, 2101,1964,1687
Vermicom_P10mgL_0
Light Source Color - OFF	 , 31/03/2024,11:00:13
10, 2099,1963,1684
10, 79,136,165
10, 79,136,165
10, 79,136,165
10, 79,136,165
10, 79,136,165
10, 79,136,165
10, 79,136,165
10, 79,136,165
10, 79,136,165
10, 79,136,165
Vermicom_P10mgL_0
Light Source Color - RED	 , 31/03/2024,11:00:25
11, 83,138,201
11, 221,205,1536
11, 221,205,1529
11, 221,204,1527
11, 220,204,1525
11, 220,204,1524
11, 220,204,1523
11, 220,204,1522
11, 220,204,1521
11, 220,204,1520
11, 220,204,1520
Vermicom_P10mgL_0
Light Source Color - OFF	 , 31/03/2024,11:00:37
12, 220,204,1519
12, 93,143,299
12, 79,136,165
12, 79,136,165
12, 79,136,165
12, 79,136,165
12, 79,136,165
12, 79,136,165
12, 79,136,165
12, 79,136,165
12, 79,136,165
Vermicom_P10mgL_0
Light Source Color - GREEN	 , 31/03/2024,11:00:49
13, 79,136,165
13, 554,1498,355
13, 554,1498,355
13, 554,1497,355
13, 554,1496,355
13, 553,1496,355
13, 553,1495,355
13, 553,1495,355
13, 553,1496,355
13, 553,1495,355
13, 553,1495,355
Vermicom_P10mgL_0
Light Source Color - OFF	 , 31/03/2024,11:01:01
14, 553,1495,355
14, 79,136,165
14, 79,136,165
14, 79,136,164
14, 79,136,165
14, 79,136,165
14, 79,136,164
14, 79,136,164
14, 79,136,164
14, 79,136,164
14, 79,136,164
Vermicom_P10mgL_0
Light Source Color - BLUE	 , 31/03/2024,11:01:13
15, 79,136,164
15, 1672,650,184
15, 1671,650,184
15, 1671,650,184
15, 1672,650,184
15, 1672,650,184
15, 1671,650,184
15, 1671,650,184
15, 1671,650,184
15, 1670,650,184
15, 1671,650,184
Vermicom_P10mgL_0
Light Source Color - OFF	 , 31/03/2024,11:01:25
