Vermicom_P10mgL_1.0ml_0  :  soil มูลใส้เดือน P10mgL 1.0ml  npk_detector_TSCRGB2024
Light Source Color - OFF
N,P,K
0, 80,137,165
0, 80,137,165
0, 80,137,165
0, 80,137,165
0, 80,137,165
0, 80,136,165
0, 80,137,165
0, 80,137,165
0, 80,137,165
0, 80,137,165
Vermicom_P10mgL_1.0ml_0
Light Source Color - WHITE	 , 31/03/2024,11:51:44
1, 80,137,165
1, 2192,2035,1867
1, 2188,2033,1853
1, 2188,2034,1849
1, 2186,2033,1842
1, 2184,2032,1836
1, 2183,2031,1830
1, 2181,2030,1825
1, 2180,2029,1821
1, 2181,2030,1819
1, 2179,2029,1815
Vermicom_P10mgL_1.0ml_0
Light Source Color - OFF	 , 31/03/2024,11:51:57
2, 2178,2029,1811
2, 80,136,165
2, 80,136,165
2, 80,136,165
2, 80,136,165
2, 80,136,165
2, 80,136,165
2, 80,136,165
2, 80,136,165
2, 80,136,165
2, 80,136,165
Vermicom_P10mgL_1.0ml_0
Light Source Color - RED	 , 31/03/2024,11:52:09
3, 80,136,165
3, 236,211,1654
3, 235,211,1648
3, 235,211,1645
3, 235,210,1643
3, 235,210,1641
3, 235,210,1641
3, 235,210,1639
3, 235,210,1638
3, 235,210,1637
3, 235,210,1636
Vermicom_P10mgL_1.0ml_0
Light Source Color - OFF	 , 31/03/2024,11:52:21
4, 234,210,1629
4, 80,136,164
4, 80,136,165
4, 80,136,165
4, 80,136,165
4, 80,136,165
4, 80,136,165
4, 80,136,165
4, 80,136,165
4, 80,136,165
4, 80,136,165
Vermicom_P10mgL_1.0ml_0
Light Source Color - GREEN	 , 31/03/2024,11:52:33
5, 80,136,165
5, 567,1532,362
5, 567,1532,362
5, 567,1531,362
5, 566,1530,362
5, 566,1530,362
5, 566,1529,362
5, 566,1529,362
5, 566,1529,362
5, 566,1529,362
5, 565,1529,362
Vermicom_P10mgL_1.0ml_0
Light Source Color - OFF	 , 31/03/2024,11:52:45
6, 565,1528,362
6, 80,136,164
6, 80,136,165
6, 80,136,165
6, 80,136,165
6, 80,136,165
6, 80,136,165
6, 80,136,165
6, 80,136,165
6, 80,136,165
6, 80,136,165
Vermicom_P10mgL_1.0ml_0
Light Source Color - BLUE	 , 31/03/2024,11:52:57
7, 80,136,165
7, 1707,662,185
7, 1706,662,185
7, 1705,662,185
7, 1704,662,185
7, 1706,663,185
7, 1706,663,185
7, 1706,663,185
7, 1705,662,185
7, 1704,662,185
7, 1704,662,185
Vermicom_P10mgL_1.0ml_0
Light Source Color - OFF	 , 31/03/2024,11:53:09
8, 1706,663,186
8, 80,136,165
8, 80,136,165
8, 80,136,165
8, 80,136,165
8, 80,136,165
8, 80,136,165
8, 80,136,165
8, 80,136,165
8, 80,136,165
8, 80,136,165
Vermicom_P10mgL_1.0ml_0
Light Source Color - WHITE	 , 31/03/2024,11:53:21
9, 80,136,165
9, 2077,1934,1759
9, 2181,2030,1827
9, 2179,2029,1818
9, 2176,2028,1811
9, 2174,2026,1805
9, 2173,2025,1800
9, 2171,2025,1796
9, 2172,2025,1794
9, 2171,2025,1790
9, 2169,2024,1786
Vermicom_P10mgL_1.0ml_0
Light Source Color - OFF	 , 31/03/2024,11:53:33
10, 2168,2023,1782
10, 80,136,164
10, 80,136,164
10, 80,136,165
10, 80,136,165
10, 80,136,165
10, 80,136,165
10, 80,136,165
10, 80,136,165
10, 80,136,165
10, 80,136,165
Vermicom_P10mgL_1.0ml_0
Light Source Color - RED	 , 31/03/2024,11:53:45
11, 80,136,165
11, 234,210,1630
11, 234,209,1624
11, 233,209,1622
11, 233,209,1621
11, 233,209,1619
11, 233,209,1618
11, 233,209,1617
11, 233,209,1616
11, 233,209,1615
11, 233,209,1615
Vermicom_P10mgL_1.0ml_0
Light Source Color - OFF	 , 31/03/2024,11:53:57
12, 233,209,1614
12, 80,136,164
12, 80,136,164
12, 80,136,164
12, 80,136,164
12, 80,136,165
12, 80,136,164
12, 80,136,164
12, 80,136,164
12, 80,136,164
12, 80,136,164
Vermicom_P10mgL_1.0ml_0
Light Source Color - GREEN	 , 31/03/2024,11:54:09
13, 103,136,165
13, 566,1529,362
13, 565,1527,361
13, 564,1526,361
13, 564,1526,361
13, 564,1525,361
13, 564,1525,361
13, 564,1525,362
13, 564,1525,362
13, 563,1525,361
13, 563,1525,361
Vermicom_P10mgL_1.0ml_0
Light Source Color - OFF	 , 31/03/2024,11:54:21
14, 563,1524,361
14, 80,136,164
14, 80,136,164
14, 80,136,164
14, 80,136,164
14, 80,136,164
14, 80,136,164
14, 80,136,164
14, 80,136,164
14, 80,136,164
14, 80,136,164
Vermicom_P10mgL_1.0ml_0
Light Source Color - BLUE	 , 31/03/2024,11:54:33
15, 80,136,164
15, 1703,662,185
15, 1702,662,185
15, 1702,662,185
15, 1703,663,185
15, 1703,663,185
15, 1702,662,185
15, 1702,662,185
15, 1701,662,185
15, 1703,663,185
15, 1703,663,185
Vermicom_P10mgL_1.0ml_0
Light Source Color - OFF	 , 31/03/2024,11:54:45
