Vermicom_P10mgL1.0ml_0  :  soil มูลใส้เดือน P10mgL 1.0ml  npk_detector_TSCRGB2024
Light Source Color - OFF
N,P,K
0, 79,137,165
0, 79,137,165
0, 79,137,165
0, 79,137,165
0, 79,137,165
0, 79,137,165
0, 79,137,165
0, 79,137,165
0, 79,137,165
0, 79,136,165
Vermicom_P10mgL1.0ml_0
Light Source Color - WHITE	 , 31/03/2024,11:07:11
1, 79,136,165
1, 2157,2001,1793
1, 2158,2003,1786
1, 2158,2003,1777
1, 2156,2003,1770
1, 2155,2002,1764
1, 2154,2001,1760
1, 2153,2001,1755
1, 2152,2001,1751
1, 2154,2002,1749
1, 2152,2001,1745
Vermicom_P10mgL1.0ml_0
Light Source Color - OFF	 , 31/03/2024,11:07:23
2, 2151,2000,1742
2, 79,136,165
2, 79,136,165
2, 79,136,165
2, 79,136,165
2, 79,136,165
2, 79,136,165
2, 79,136,165
2, 79,136,165
2, 79,136,165
2, 79,136,165
Vermicom_P10mgL1.0ml_0
Light Source Color - RED	 , 31/03/2024,11:07:35
3, 79,136,165
3, 227,208,1585
3, 227,207,1579
3, 226,207,1576
3, 226,207,1574
3, 226,207,1574
3, 226,207,1572
3, 226,207,1571
3, 226,207,1570
3, 226,207,1569
3, 226,207,1568
Vermicom_P10mgL1.0ml_0
Light Source Color - OFF	 , 31/03/2024,11:07:47
4, 226,207,1567
4, 79,136,165
4, 79,136,165
4, 79,136,165
4, 79,136,165
4, 79,136,165
4, 79,136,165
4, 79,136,165
4, 79,136,165
4, 79,136,165
4, 79,136,165
Vermicom_P10mgL1.0ml_0
Light Source Color - GREEN	 , 31/03/2024,11:07:59
5, 79,136,165
5, 571,1539,361
5, 570,1537,361
5, 570,1536,361
5, 570,1536,361
5, 569,1536,361
5, 570,1536,361
5, 569,1536,361
5, 569,1535,361
5, 569,1535,361
5, 569,1535,360
Vermicom_P10mgL1.0ml_0
Light Source Color - OFF	 , 31/03/2024,11:08:11
6, 569,1535,360
6, 79,136,165
6, 79,136,165
6, 79,136,165
6, 79,136,165
6, 79,136,165
6, 79,136,165
6, 79,136,164
6, 79,136,165
6, 79,136,165
6, 79,136,165
Vermicom_P10mgL1.0ml_0
Light Source Color - BLUE	 , 31/03/2024,11:08:23
7, 79,136,165
7, 1739,672,186
7, 1738,672,186
7, 1740,673,186
7, 1739,673,186
7, 1739,672,186
7, 1738,672,186
7, 1738,672,186
7, 1739,673,186
7, 1739,673,186
7, 1739,673,186
Vermicom_P10mgL1.0ml_0
Light Source Color - OFF	 , 31/03/2024,11:08:35
8, 1738,672,186
8, 79,136,164
8, 79,136,164
8, 79,136,165
8, 79,136,165
8, 79,136,165
8, 79,136,164
8, 79,136,164
8, 79,136,164
8, 79,136,165
8, 79,136,165
Vermicom_P10mgL1.0ml_0
Light Source Color - WHITE	 , 31/03/2024,11:08:47
9, 79,136,164
9, 2158,2003,1763
9, 2153,2001,1749
9, 2151,1999,1741
9, 2152,2000,1738
9, 2150,2000,1733
9, 2149,1999,1728
9, 2148,1998,1724
9, 2146,1997,1720
9, 2145,1996,1716
9, 2145,1997,1715
Vermicom_P10mgL1.0ml_0
Light Source Color - OFF	 , 31/03/2024,11:08:59
10, 2145,1997,1712
10, 79,136,164
10, 79,136,164
10, 79,136,164
10, 79,136,164
10, 79,136,164
10, 79,136,164
10, 79,136,164
10, 79,136,164
10, 79,136,164
10, 79,136,164
Vermicom_P10mgL1.0ml_0
Light Source Color - RED	 , 31/03/2024,11:09:11
11, 82,137,188
11, 225,206,1560
11, 224,206,1553
11, 224,206,1550
11, 224,205,1548
11, 224,205,1547
11, 224,205,1546
11, 224,205,1545
11, 224,205,1544
11, 224,205,1543
11, 224,205,1543
Vermicom_P10mgL1.0ml_0
Light Source Color - OFF	 , 31/03/2024,11:09:23
12, 224,205,1542
12, 95,144,317
12, 79,136,164
12, 79,136,164
12, 79,136,164
12, 79,136,164
12, 79,136,164
12, 79,136,164
12, 79,136,164
12, 79,136,164
12, 79,136,164
Vermicom_P10mgL1.0ml_0
Light Source Color - GREEN	 , 31/03/2024,11:09:35
13, 79,136,164
13, 568,1533,359
13, 568,1533,360
13, 568,1533,360
13, 568,1532,360
13, 567,1532,360
13, 567,1531,360
13, 567,1531,360
13, 567,1531,360
13, 567,1531,360
13, 567,1531,360
Vermicom_P10mgL1.0ml_0
Light Source Color - OFF	 , 31/03/2024,11:09:47
14, 567,1531,360
14, 79,136,164
14, 79,136,164
14, 79,136,164
14, 79,136,164
14, 79,136,164
14, 79,136,164
14, 79,136,164
14, 79,136,164
14, 79,136,164
14, 79,136,164
Vermicom_P10mgL1.0ml_0
Light Source Color - BLUE	 , 31/03/2024,11:09:59
15, 79,136,164
15, 1737,672,185
15, 1737,672,186
15, 1736,672,186
15, 1735,672,185
15, 1737,673,186
15, 1737,673,186
15, 1737,673,186
15, 1736,673,186
15, 1736,673,186
15, 1737,673,186
Vermicom_P10mgL1.0ml_0
Light Source Color - OFF	 , 31/03/2024,11:10:11
