Vermicom_N10mgL_0.5ml_0  :  soil มูลใส้เดือน N10mgL 0.5ml  npk_detector_TSCRGB2024
Light Source Color - OFF
N,P,K
0, 83,140,169
0, 83,140,169
0, 83,140,169
0, 83,140,169
0, 83,140,168
0, 83,139,168
0, 83,139,168
0, 83,140,169
0, 83,140,169
0, 83,140,169
Vermicom_N10mgL_0.5ml_0
Light Source Color - WHITE	 , 31/03/2024,12:07:49
1, 83,140,169
1, 1943,1844,1642
1, 1942,1844,1631
1, 1944,1846,1628
1, 1944,1846,1622
1, 1943,1846,1617
1, 1943,1846,1613
1, 1942,1845,1610
1, 1941,1845,1606
1, 1940,1844,1603
1, 1942,1846,1602
Vermicom_N10mgL_0.5ml_0
Light Source Color - OFF	 , 31/03/2024,12:08:02
2, 1941,1846,1599
2, 83,139,168
2, 83,140,168
2, 83,139,168
2, 83,140,168
2, 83,140,169
2, 83,140,169
2, 83,140,169
2, 83,140,169
2, 83,140,169
2, 83,140,169
Vermicom_N10mgL_0.5ml_0
Light Source Color - RED	 , 31/03/2024,12:08:14
3, 84,140,178
3, 216,204,1457
3, 216,204,1450
3, 216,204,1447
3, 215,204,1446
3, 215,203,1444
3, 215,203,1443
3, 215,203,1442
3, 215,203,1441
3, 215,203,1440
3, 215,203,1439
Vermicom_N10mgL_0.5ml_0
Light Source Color - OFF	 , 31/03/2024,12:08:26
4, 215,203,1438
4, 83,140,168
4, 83,140,169
4, 83,140,169
4, 83,140,169
4, 83,140,169
4, 83,140,168
4, 83,140,168
4, 83,140,169
4, 83,140,169
4, 83,140,169
Vermicom_N10mgL_0.5ml_0
Light Source Color - GREEN	 , 31/03/2024,12:08:38
5, 83,140,169
5, 547,1471,354
5, 546,1470,354
5, 546,1470,354
5, 546,1470,355
5, 546,1470,355
5, 546,1470,355
5, 546,1469,354
5, 546,1469,354
5, 546,1469,354
5, 545,1468,354
Vermicom_N10mgL_0.5ml_0
Light Source Color - OFF	 , 31/03/2024,12:08:50
6, 546,1469,355
6, 83,140,168
6, 83,140,168
6, 83,139,168
6, 83,139,168
6, 83,139,168
6, 83,140,168
6, 83,139,168
6, 83,139,168
6, 83,139,168
6, 83,139,168
Vermicom_N10mgL_0.5ml_0
Light Source Color - BLUE	 , 31/03/2024,12:09:02
7, 83,139,168
7, 1634,641,188
7, 1635,642,188
7, 1635,642,188
7, 1634,641,188
7, 1634,641,188
7, 1633,641,188
7, 1633,641,188
7, 1634,642,188
7, 1634,642,188
7, 1634,642,188
Vermicom_N10mgL_0.5ml_0
Light Source Color - OFF	 , 31/03/2024,12:09:14
8, 1634,642,188
8, 83,139,168
8, 83,139,168
8, 83,139,168
8, 83,139,168
8, 83,139,168
8, 83,139,168
8, 83,139,168
8, 83,139,168
8, 83,140,168
8, 83,140,169
Vermicom_N10mgL_0.5ml_0
Light Source Color - WHITE	 , 31/03/2024,12:09:26
9, 83,140,169
9, 1949,1849,1624
9, 1945,1847,1611
9, 1943,1846,1604
9, 1941,1845,1599
9, 1942,1846,1597
9, 1941,1845,1593
9, 1940,1845,1589
9, 1939,1844,1586
9, 1937,1843,1583
9, 1936,1843,1580
Vermicom_N10mgL_0.5ml_0
Light Source Color - OFF	 , 31/03/2024,12:09:38
10, 1929,1837,1573
10, 83,139,168
10, 83,140,169
10, 83,140,169
10, 83,140,169
10, 83,140,168
10, 83,140,168
10, 83,140,169
10, 83,140,169
10, 83,140,169
10, 83,140,169
Vermicom_N10mgL_0.5ml_0
Light Source Color - RED	 , 31/03/2024,12:09:50
11, 83,140,168
11, 215,203,1435
11, 214,203,1433
11, 214,203,1430
11, 214,203,1428
11, 214,203,1426
11, 214,202,1425
11, 214,202,1424
11, 214,202,1423
11, 214,202,1423
11, 214,202,1423
Vermicom_N10mgL_0.5ml_0
Light Source Color - OFF	 , 31/03/2024,12:10:02
12, 214,202,1422
12, 83,139,168
12, 83,140,168
12, 83,140,169
12, 83,140,169
12, 83,140,169
12, 83,140,169
12, 83,140,169
12, 83,140,169
12, 83,140,169
12, 83,140,169
Vermicom_N10mgL_0.5ml_0
Light Source Color - GREEN	 , 31/03/2024,12:10:14
13, 83,140,169
13, 546,1469,354
13, 546,1468,354
13, 545,1468,354
13, 545,1467,354
13, 545,1467,354
13, 545,1468,355
13, 545,1468,355
13, 545,1468,355
13, 545,1467,355
13, 545,1467,354
Vermicom_N10mgL_0.5ml_0
Light Source Color - OFF	 , 31/03/2024,12:10:26
14, 545,1467,354
14, 83,139,168
14, 83,140,169
14, 83,140,169
14, 83,140,168
14, 83,139,168
14, 83,139,168
14, 83,139,168
14, 83,140,169
14, 83,140,169
14, 83,140,168
Vermicom_N10mgL_0.5ml_0
Light Source Color - BLUE	 , 31/03/2024,12:10:39
15, 83,139,168
15, 1633,641,188
15, 1632,641,188
15, 1633,642,188
15, 1633,642,188
15, 1632,642,188
15, 1632,641,188
15, 1632,641,188
15, 1631,641,188
15, 1633,642,188
15, 1633,642,188
Vermicom_N10mgL_0.5ml_0
Light Source Color - OFF	 , 31/03/2024,12:10:51
