Vermicom_P10mgL_0.5ml_1  :  soil มูลใส้เดือน P10mgL 0.5ml  npk_detector_TSCRGB2024
Light Source Color - OFF
N,P,K
0, 82,138,167
0, 82,138,166
0, 82,138,166
0, 82,138,166
0, 82,138,166
0, 82,138,166
0, 82,138,166
0, 82,138,166
0, 82,138,166
0, 82,138,166
Vermicom_P10mgL_0.5ml_1
Light Source Color - WHITE	 , 31/03/2024,11:43:06
1, 82,138,166
1, 2057,1935,1706
1, 2054,1934,1694
1, 2055,1935,1690
1, 2053,1934,1684
1, 2051,1933,1679
1, 2050,1932,1674
1, 2049,1931,1670
1, 2047,1931,1667
1, 2049,1932,1665
1, 2048,1931,1662
Vermicom_P10mgL_0.5ml_1
Light Source Color - OFF	 , 31/03/2024,11:43:19
2, 2046,1930,1659
2, 82,138,166
2, 81,138,166
2, 82,138,166
2, 82,138,166
2, 82,138,166
2, 82,138,166
2, 82,138,166
2, 82,138,166
2, 82,138,166
2, 82,138,166
Vermicom_P10mgL_0.5ml_1
Light Source Color - RED	 , 31/03/2024,11:43:31
3, 82,138,166
3, 223,206,1513
3, 222,205,1507
3, 222,205,1504
3, 222,205,1503
3, 222,205,1501
3, 222,205,1501
3, 222,205,1500
3, 222,205,1499
3, 222,205,1498
3, 222,205,1498
Vermicom_P10mgL_0.5ml_1
Light Source Color - OFF	 , 31/03/2024,11:43:43
4, 222,205,1497
4, 91,142,257
4, 82,138,166
4, 82,138,166
4, 82,138,166
4, 81,138,166
4, 81,138,166
4, 82,138,166
4, 81,138,166
4, 81,138,166
4, 81,138,166
Vermicom_P10mgL_0.5ml_1
Light Source Color - GREEN	 , 31/03/2024,11:43:55
5, 81,138,166
5, 555,1498,357
5, 555,1498,358
5, 555,1498,358
5, 555,1497,358
5, 555,1497,358
5, 554,1496,358
5, 554,1496,358
5, 554,1495,358
5, 554,1496,358
5, 554,1496,358
Vermicom_P10mgL_0.5ml_1
Light Source Color - OFF	 , 31/03/2024,11:44:07
6, 554,1496,358
6, 82,138,166
6, 82,138,166
6, 82,138,166
6, 82,138,166
6, 82,138,167
6, 82,138,166
6, 82,138,166
6, 80,137,166
6, 81,137,166
6, 81,138,166
Vermicom_P10mgL_0.5ml_1
Light Source Color - BLUE	 , 31/03/2024,11:44:19
7, 81,138,166
7, 1669,652,187
7, 1668,653,187
7, 1667,652,187
7, 1667,652,187
7, 1666,652,187
7, 1668,653,187
7, 1668,653,187
7, 1668,653,187
7, 1667,653,187
7, 1667,653,187
Vermicom_P10mgL_0.5ml_1
Light Source Color - OFF	 , 31/03/2024,11:44:31
8, 1666,652,187
8, 118,150,167
8, 82,138,167
8, 82,138,167
8, 82,138,167
8, 82,138,167
8, 82,138,167
8, 82,138,167
8, 82,138,167
8, 82,138,167
8, 82,138,167
Vermicom_P10mgL_0.5ml_1
Light Source Color - WHITE	 , 31/03/2024,11:44:43
9, 82,138,167
9, 2063,1940,1700
9, 2062,1940,1694
9, 2059,1938,1685
9, 2057,1937,1679
9, 2056,1936,1674
9, 2055,1936,1670
9, 2054,1935,1666
9, 2055,1936,1665
9, 2054,1935,1661
9, 2053,1935,1658
Vermicom_P10mgL_0.5ml_1
Light Source Color - OFF	 , 31/03/2024,11:44:55
10, 2051,1934,1655
10, 82,138,166
10, 82,138,166
10, 82,138,166
10, 82,138,167
10, 82,138,167
10, 82,138,167
10, 82,138,166
10, 82,138,167
10, 82,138,166
10, 82,138,167
Vermicom_P10mgL_0.5ml_1
Light Source Color - RED	 , 31/03/2024,11:45:07
11, 82,138,167
11, 223,206,1509
11, 222,205,1503
11, 222,205,1501
11, 222,205,1499
11, 222,205,1499
11, 222,205,1497
11, 222,205,1497
11, 222,205,1496
11, 222,205,1495
11, 221,205,1494
Vermicom_P10mgL_0.5ml_1
Light Source Color - OFF	 , 31/03/2024,11:45:19
12, 222,205,1494
12, 82,138,167
12, 82,138,167
12, 82,138,167
12, 82,138,167
12, 82,138,167
12, 82,138,167
12, 82,138,167
12, 82,138,167
12, 82,138,167
12, 82,138,167
Vermicom_P10mgL_0.5ml_1
Light Source Color - GREEN	 , 31/03/2024,11:45:31
13, 82,138,167
13, 528,1418,347
13, 556,1499,358
13, 555,1498,358
13, 555,1497,358
13, 555,1497,358
13, 555,1497,358
13, 554,1496,358
13, 555,1497,358
13, 554,1496,358
13, 554,1496,358
Vermicom_P10mgL_0.5ml_1
Light Source Color - OFF	 , 31/03/2024,11:45:43
14, 554,1496,358
14, 82,138,166
14, 82,138,166
14, 82,138,166
14, 82,138,166
14, 82,138,167
14, 82,138,166
14, 82,138,166
14, 82,138,166
14, 82,138,166
14, 82,138,166
Vermicom_P10mgL_0.5ml_1
Light Source Color - BLUE	 , 31/03/2024,11:45:55
15, 82,138,166
15, 1666,652,187
15, 1665,652,186
15, 1665,652,186
15, 1666,652,187
15, 1666,652,187
15, 1665,652,186
15, 1665,652,186
15, 1664,652,186
15, 1664,652,186
15, 1665,652,187
Vermicom_P10mgL_0.5ml_1
Light Source Color - OFF	 , 31/03/2024,11:46:07
