Vermicom_0  :  soil มูลใส้เดือน npk_detector_TSCRGB2024
Light Source Color - OFF
N,P,K
0, 79,138,168
0, 79,138,168
0, 80,139,168
0, 80,139,169
0, 79,138,167
0, 79,138,167
0, 79,138,167
0, 80,138,167
0, 79,138,167
0, 79,138,167
Vermicom_0
Light Source Color - WHITE	 , 31/03/2024,10:34:23
1, 79,138,167
1, 2136,1992,1852
1, 2133,1991,1838
1, 2131,1990,1829
1, 2132,1991,1826
1, 2131,1991,1820
1, 2130,1990,1815
1, 2128,1989,1810
1, 2126,1988,1806
1, 2125,1988,1802
1, 2123,1987,1797
Vermicom_0
Light Source Color - OFF	 , 31/03/2024,10:34:36
2, 2087,1954,1766
2, 79,138,166
2, 79,138,166
2, 79,138,166
2, 79,138,166
2, 79,138,166
2, 79,138,166
2, 79,138,166
2, 79,138,166
2, 79,138,166
2, 79,138,166
Vermicom_0
Light Source Color - RED	 , 31/03/2024,10:34:48
3, 79,138,166
3, 229,211,1634
3, 229,210,1629
3, 229,211,1627
3, 229,210,1625
3, 228,210,1623
3, 228,210,1621
3, 228,210,1620
3, 228,210,1618
3, 228,210,1617
3, 228,210,1617
Vermicom_0
Light Source Color - OFF	 , 31/03/2024,10:35:00
4, 228,210,1615
4, 79,138,166
4, 79,138,166
4, 79,138,166
4, 79,137,166
4, 79,137,166
4, 79,138,166
4, 79,138,166
4, 79,138,166
4, 79,138,166
4, 79,138,166
Vermicom_0
Light Source Color - GREEN	 , 31/03/2024,10:35:12
5, 79,138,166
5, 564,1524,340
5, 564,1525,358
5, 564,1524,358
5, 564,1524,358
5, 563,1523,358
5, 563,1523,358
5, 563,1522,358
5, 563,1522,358
5, 563,1523,358
5, 563,1522,358
Vermicom_0
Light Source Color - OFF	 , 31/03/2024,10:35:24
6, 563,1522,358
6, 79,137,166
6, 79,137,166
6, 79,137,166
6, 79,137,166
6, 79,138,166
6, 79,138,166
6, 79,138,166
6, 79,138,166
6, 79,138,166
6, 79,137,166
Vermicom_0
Light Source Color - BLUE	 , 31/03/2024,10:35:36
7, 137,156,167
7, 1682,651,186
7, 1682,651,186
7, 1681,651,186
7, 1681,651,186
7, 1681,651,186
7, 1680,651,186
7, 1682,651,186
7, 1682,651,186
7, 1681,651,186
7, 1680,651,186
Vermicom_0
Light Source Color - OFF	 , 31/03/2024,10:35:48
8, 1680,651,186
8, 79,137,166
8, 79,137,165
8, 79,137,165
8, 79,137,166
8, 79,137,166
8, 79,137,166
8, 79,137,166
8, 79,137,166
8, 79,137,166
8, 79,137,166
Vermicom_0
Light Source Color - WHITE	 , 31/03/2024,10:36:01
9, 79,138,166
9, 2111,1977,1799
9, 2107,1975,1784
9, 2105,1974,1776
9, 2103,1973,1770
9, 2102,1972,1765
9, 2103,1973,1763
9, 2102,1973,1759
9, 2101,1972,1755
9, 2099,1971,1751
9, 2098,1971,1748
Vermicom_0
Light Source Color - OFF	 , 31/03/2024,10:36:13
10, 2096,1970,1745
10, 79,137,165
10, 79,137,165
10, 79,137,165
10, 79,137,165
10, 79,137,165
10, 79,137,165
10, 79,137,165
10, 85,143,172
10, 81,140,168
10, 81,140,168
Vermicom_0
Light Source Color - RED	 , 31/03/2024,10:36:25
11, 82,140,169
11, 222,207,1544
11, 223,208,1555
11, 223,208,1552
11, 226,211,1551
11, 226,211,1550
11, 226,211,1549
11, 226,211,1548
11, 226,210,1547
11, 225,210,1546
11, 225,210,1545
Vermicom_0
Light Source Color - OFF	 , 31/03/2024,10:36:37
12, 218,207,1471
12, 84,142,170
12, 84,142,171
12, 84,142,171
12, 84,142,171
12, 84,142,171
12, 84,142,170
12, 84,142,171
12, 84,142,171
12, 84,142,171
12, 84,142,171
Vermicom_0
Light Source Color - GREEN	 , 31/03/2024,10:36:49
13, 84,142,171
13, 562,1511,360
13, 561,1511,360
13, 562,1511,360
13, 561,1511,360
13, 561,1510,360
13, 561,1510,360
13, 561,1509,360
13, 561,1509,360
13, 560,1509,360
13, 561,1509,360
Vermicom_0
Light Source Color - OFF	 , 31/03/2024,10:37:01
14, 561,1509,360
14, 84,142,170
14, 84,142,170
14, 84,142,170
14, 84,142,171
14, 84,142,171
14, 84,142,171
14, 84,142,171
14, 84,142,171
14, 84,142,171
14, 84,142,171
Vermicom_0
Light Source Color - BLUE	 , 31/03/2024,10:37:13
15, 84,142,171
15, 1673,652,191
15, 1674,653,191
15, 1674,653,191
15, 1673,653,191
15, 1672,653,191
15, 1672,652,191
15, 1672,652,191
15, 1672,652,191
15, 1673,653,191
15, 1673,653,191
Vermicom_0
Light Source Color - OFF	 , 31/03/2024,10:37:26
