Vermicom_P10mgL_1  :  soil มูลใส้เดือน P10mgL .5ml  npk_detector_TSCRGB2024
Light Source Color - OFF
N,P,K
0, 79,136,164
0, 79,136,164
0, 79,136,164
0, 79,136,164
0, 79,136,164
0, 79,136,164
0, 79,136,164
0, 79,136,164
0, 79,136,164
0, 79,136,164
Vermicom_P10mgL_1
Light Source Color - WHITE	 , 31/03/2024,10:58:25
1, 79,136,164
1, 2112,1969,1726
1, 2112,1970,1719
1, 2110,1969,1710
1, 2108,1968,1703
1, 2106,1967,1698
1, 2105,1966,1693
1, 2103,1965,1689
1, 2102,1965,1685
1, 2103,1965,1684
1, 2102,1965,1680
Vermicom_P10mgL_1
Light Source Color - OFF	 , 31/03/2024,10:58:37
2, 2100,1964,1677
2, 79,136,163
2, 79,136,163
2, 79,136,163
2, 79,136,163
2, 79,136,163
2, 79,136,163
2, 79,136,163
2, 79,136,163
2, 79,136,163
2, 79,136,164
Vermicom_P10mgL_1
Light Source Color - RED	 , 31/03/2024,10:58:49
3, 79,136,164
3, 220,204,1526
3, 220,204,1521
3, 220,203,1518
3, 220,203,1517
3, 220,203,1516
3, 219,203,1515
3, 219,203,1514
3, 219,203,1513
3, 219,203,1512
3, 219,203,1512
Vermicom_P10mgL_1
Light Source Color - OFF	 , 31/03/2024,10:59:01
4, 219,203,1511
4, 79,136,164
4, 79,136,164
4, 79,136,164
4, 79,136,163
4, 79,136,164
4, 79,136,164
4, 79,136,164
4, 79,136,164
4, 79,136,164
4, 79,136,164
Vermicom_P10mgL_1
Light Source Color - GREEN	 , 31/03/2024,10:59:13
5, 79,136,165
5, 554,1497,355
5, 553,1495,355
5, 552,1494,354
5, 552,1493,354
5, 552,1492,354
5, 552,1493,354
5, 552,1492,354
5, 551,1492,354
5, 551,1492,354
5, 551,1491,354
Vermicom_P10mgL_1
Light Source Color - OFF	 , 31/03/2024,10:59:25
6, 551,1491,353
6, 79,136,164
6, 79,136,164
6, 79,136,164
6, 79,136,164
6, 79,136,164
6, 79,136,164
6, 79,136,164
6, 79,136,164
6, 79,136,164
6, 79,136,164
Vermicom_P10mgL_1
Light Source Color - BLUE	 , 31/03/2024,10:59:37
7, 79,136,164
7, 1666,648,184
7, 1665,648,184
7, 1666,649,184
7, 1666,649,184
7, 1666,648,184
7, 1665,648,184
7, 1665,648,184
7, 1666,649,184
7, 1665,649,184
7, 1665,648,184
Vermicom_P10mgL_1
Light Source Color - OFF	 , 31/03/2024,10:59:49
8, 1665,648,184
8, 79,136,164
8, 79,136,163
8, 79,136,164
8, 79,136,164
8, 79,136,164
8, 79,136,164
8, 79,136,164
8, 79,136,164
8, 79,136,164
8, 79,136,164
Vermicom_P10mgL_1
Light Source Color - WHITE	 , 31/03/2024,11:00:01
9, 79,136,164
9, 2111,1969,1714
9, 2107,1967,1700
9, 2104,1966,1692
9, 2105,1967,1689
9, 2104,1966,1684
9, 2102,1965,1680
9, 2101,1964,1676
9, 2099,1963,1672
9, 2098,1962,1668
9, 2096,1962,1665
Vermicom_P10mgL_1
Light Source Color - OFF	 , 31/03/2024,11:00:13
10, 2098,1963,1663
10, 79,136,164
10, 79,136,164
10, 79,136,164
10, 79,136,164
10, 79,136,163
10, 79,136,164
10, 79,136,164
10, 79,136,164
10, 79,136,164
10, 79,136,163
Vermicom_P10mgL_1
Light Source Color - RED	 , 31/03/2024,11:00:25
11, 79,136,172
11, 220,203,1515
11, 219,203,1509
11, 219,203,1506
11, 219,203,1504
11, 219,203,1503
11, 219,203,1503
11, 218,203,1502
11, 218,203,1501
11, 218,203,1500
11, 218,202,1500
Vermicom_P10mgL_1
Light Source Color - OFF	 , 31/03/2024,11:00:37
12, 218,202,1499
12, 95,144,321
12, 79,136,164
12, 79,136,164
12, 79,136,163
12, 79,136,163
12, 79,136,163
12, 79,136,163
12, 79,136,164
12, 79,136,163
12, 79,136,163
Vermicom_P10mgL_1
Light Source Color - GREEN	 , 31/03/2024,11:00:49
13, 79,136,163
13, 551,1491,353
13, 551,1491,353
13, 551,1490,353
13, 550,1489,353
13, 550,1489,353
13, 550,1489,353
13, 550,1488,353
13, 550,1489,353
13, 550,1489,353
13, 550,1489,354
Vermicom_P10mgL_1
Light Source Color - OFF	 , 31/03/2024,11:01:01
14, 550,1489,354
14, 79,136,164
14, 79,136,164
14, 79,136,164
14, 79,136,164
14, 79,136,164
14, 79,136,164
14, 79,136,164
14, 79,136,163
14, 79,136,164
14, 79,136,164
Vermicom_P10mgL_1
Light Source Color - BLUE	 , 31/03/2024,11:01:13
15, 79,136,164
15, 1665,648,184
15, 1664,648,184
15, 1663,648,183
15, 1662,648,183
15, 1664,648,184
15, 1663,648,184
15, 1663,648,184
15, 1662,648,183
15, 1662,648,183
15, 1663,648,184
Vermicom_P10mgL_1
Light Source Color - OFF	 , 31/03/2024,11:01:25
