Vermicom_N10mgL_0.5ml_1  :  soil มูลใส้เดือน N10mgL 0.5ml  npk_detector_TSCRGB2024
Light Source Color - OFF
N,P,K
0, 83,139,168
0, 83,139,168
0, 83,139,168
0, 83,139,168
0, 83,139,168
0, 83,139,168
0, 82,139,168
0, 83,139,168
0, 83,139,168
0, 83,139,168
Vermicom_N10mgL_0.5ml_1
Light Source Color - WHITE	 , 31/03/2024,12:07:49
1, 83,139,168
1, 1875,1798,1612
1, 1875,1798,1601
1, 1878,1800,1598
1, 1879,1801,1592
1, 1879,1802,1588
1, 1879,1802,1584
1, 1879,1801,1581
1, 1878,1801,1578
1, 1877,1801,1575
1, 1879,1802,1574
Vermicom_N10mgL_0.5ml_1
Light Source Color - OFF	 , 31/03/2024,12:08:02
2, 1878,1802,1571
2, 82,139,168
2, 82,139,168
2, 82,139,168
2, 82,139,168
2, 82,139,168
2, 82,139,168
2, 82,139,168
2, 82,139,168
2, 82,139,168
2, 82,139,168
Vermicom_N10mgL_0.5ml_1
Light Source Color - RED	 , 31/03/2024,12:08:14
3, 82,139,168
3, 213,202,1425
3, 214,202,1429
3, 214,202,1426
3, 213,202,1424
3, 213,202,1423
3, 213,202,1422
3, 213,202,1421
3, 213,202,1420
3, 213,202,1420
3, 213,202,1419
Vermicom_N10mgL_0.5ml_1
Light Source Color - OFF	 , 31/03/2024,12:08:26
4, 213,201,1418
4, 82,139,167
4, 82,139,168
4, 82,139,168
4, 82,139,168
4, 82,139,168
4, 82,139,168
4, 82,139,168
4, 82,139,168
4, 82,139,168
4, 82,139,168
Vermicom_N10mgL_0.5ml_1
Light Source Color - GREEN	 , 31/03/2024,12:08:38
5, 82,139,168
5, 542,1461,353
5, 542,1460,353
5, 541,1460,353
5, 542,1461,353
5, 541,1460,353
5, 541,1460,353
5, 541,1460,353
5, 541,1459,353
5, 541,1459,353
5, 541,1458,353
Vermicom_N10mgL_0.5ml_1
Light Source Color - OFF	 , 31/03/2024,12:08:50
6, 541,1459,353
6, 82,139,168
6, 82,139,168
6, 82,139,168
6, 82,139,168
6, 82,139,168
6, 82,139,168
6, 82,139,168
6, 82,139,168
6, 82,139,168
6, 82,139,168
Vermicom_N10mgL_0.5ml_1
Light Source Color - BLUE	 , 31/03/2024,12:09:02
7, 82,139,168
7, 1617,636,187
7, 1619,637,187
7, 1618,637,187
7, 1618,637,187
7, 1617,637,187
7, 1617,637,187
7, 1616,637,187
7, 1618,637,187
7, 1617,637,187
7, 1617,637,187
Vermicom_N10mgL_0.5ml_1
Light Source Color - OFF	 , 31/03/2024,12:09:14
8, 1617,637,187
8, 82,139,168
8, 82,139,168
8, 82,139,168
8, 82,139,168
8, 82,139,168
8, 82,139,168
8, 82,139,168
8, 82,139,168
8, 82,139,168
8, 82,139,168
Vermicom_N10mgL_0.5ml_1
Light Source Color - WHITE	 , 31/03/2024,12:09:26
9, 82,139,168
9, 1898,1814,1607
9, 1895,1812,1595
9, 1893,1811,1588
9, 1891,1810,1583
9, 1893,1811,1581
9, 1892,1811,1578
9, 1890,1810,1574
9, 1889,1809,1571
9, 1887,1807,1568
9, 1885,1806,1565
Vermicom_N10mgL_0.5ml_1
Light Source Color - OFF	 , 31/03/2024,12:09:38
10, 1885,1806,1562
10, 138,190,210
10, 82,139,168
10, 82,139,168
10, 82,139,168
10, 82,139,168
10, 82,139,168
10, 82,139,168
10, 82,139,168
10, 82,139,168
10, 82,139,168
Vermicom_N10mgL_0.5ml_1
Light Source Color - RED	 , 31/03/2024,12:09:50
11, 82,139,168
11, 213,202,1424
11, 213,202,1419
11, 213,202,1418
11, 213,202,1417
11, 213,202,1415
11, 213,201,1414
11, 212,201,1413
11, 212,201,1413
11, 212,201,1413
11, 212,201,1412
Vermicom_N10mgL_0.5ml_1
Light Source Color - OFF	 , 31/03/2024,12:10:02
12, 212,201,1412
12, 82,139,168
12, 82,139,168
12, 82,139,168
12, 82,139,168
12, 82,139,168
12, 82,139,168
12, 82,139,168
12, 82,139,168
12, 82,139,168
12, 82,139,168
Vermicom_N10mgL_0.5ml_1
Light Source Color - GREEN	 , 31/03/2024,12:10:14
13, 82,139,168
13, 542,1460,353
13, 541,1459,353
13, 541,1458,353
13, 541,1458,353
13, 540,1458,353
13, 541,1458,353
13, 541,1458,353
13, 540,1458,353
13, 540,1458,353
13, 540,1457,353
Vermicom_N10mgL_0.5ml_1
Light Source Color - OFF	 , 31/03/2024,12:10:27
14, 540,1457,353
14, 82,139,168
14, 82,139,168
14, 80,137,165
14, 80,137,165
14, 81,138,167
14, 82,139,167
14, 82,139,167
14, 81,138,167
14, 82,139,167
14, 82,139,167
Vermicom_N10mgL_0.5ml_1
Light Source Color - BLUE	 , 31/03/2024,12:10:39
15, 82,139,167
15, 1620,637,187
15, 1619,637,187
15, 1619,637,187
15, 1620,638,187
15, 1620,638,187
15, 1619,637,187
15, 1619,637,187
15, 1619,637,187
15, 1619,637,187
15, 1620,638,187
Vermicom_N10mgL_0.5ml_1
Light Source Color - OFF	 , 31/03/2024,12:10:51
