Vermicom_1  :  soil มูลใส้เดือน npk_detector_TSCRGB2024
Light Source Color - OFF
N,P,K
0, 84,142,171
0, 84,142,171
0, 84,142,171
0, 84,142,171
0, 84,142,171
0, 84,142,171
0, 84,142,171
0, 84,142,171
0, 84,142,171
0, 84,142,171
Vermicom_1
Light Source Color - WHITE	 , 31/03/2024,10:34:24
1, 84,142,171
1, 2104,1969,1761
1, 2101,1967,1748
1, 2099,1966,1740
1, 2093,1962,1737
1, 2084,1956,1731
1, 2084,1956,1726
1, 2083,1956,1722
1, 2082,1956,1718
1, 2081,1955,1714
1, 2088,1960,1711
Vermicom_1
Light Source Color - OFF	 , 31/03/2024,10:34:36
2, 2067,1941,1692
2, 84,142,171
2, 84,142,171
2, 84,142,171
2, 84,142,171
2, 86,144,173
2, 88,146,175
2, 88,146,175
2, 88,146,175
2, 89,147,177
2, 87,145,175
Vermicom_1
Light Source Color - RED	 , 31/03/2024,10:34:48
3, 87,145,174
3, 223,208,1552
3, 223,208,1546
3, 224,209,1545
3, 217,206,1485
3, 223,208,1539
3, 223,208,1538
3, 223,208,1538
3, 223,208,1537
3, 223,208,1536
3, 223,208,1536
Vermicom_1
Light Source Color - OFF	 , 31/03/2024,10:35:00
4, 223,208,1535
4, 82,140,168
4, 82,140,168
4, 82,140,168
4, 82,140,168
4, 81,139,168
4, 81,140,168
4, 81,139,168
4, 82,140,168
4, 82,140,168
4, 82,140,168
Vermicom_1
Light Source Color - GREEN	 , 31/03/2024,10:35:12
5, 82,140,168
5, 546,1478,354
5, 546,1479,354
5, 546,1479,354
5, 546,1479,354
5, 546,1479,354
5, 545,1478,353
5, 546,1479,354
5, 546,1478,354
5, 546,1479,354
5, 546,1479,354
Vermicom_1
Light Source Color - OFF	 , 31/03/2024,10:35:24
6, 546,1479,354
6, 81,139,167
6, 81,139,167
6, 81,139,167
6, 80,138,167
6, 81,139,167
6, 81,139,167
6, 81,139,167
6, 81,140,168
6, 82,140,168
6, 82,140,168
Vermicom_1
Light Source Color - BLUE	 , 31/03/2024,10:35:37
7, 82,140,168
7, 1589,625,187
7, 1619,635,188
7, 1618,635,188
7, 1618,635,188
7, 1618,635,187
7, 1618,635,187
7, 1617,635,187
7, 1619,635,188
7, 1618,635,188
7, 1618,635,188
Vermicom_1
Light Source Color - OFF	 , 31/03/2024,10:35:49
8, 1617,635,187
8, 82,140,168
8, 82,140,168
8, 82,140,168
8, 82,140,168
8, 82,140,168
8, 82,140,168
8, 82,140,168
8, 82,140,168
8, 82,140,168
8, 82,140,168
Vermicom_1
Light Source Color - WHITE	 , 31/03/2024,10:36:01
9, 82,140,168
9, 1990,1889,1726
9, 1986,1887,1712
9, 1984,1885,1704
9, 1982,1885,1699
9, 1981,1884,1694
9, 1982,1885,1692
9, 1981,1885,1688
9, 1980,1884,1685
9, 1979,1884,1682
9, 1978,1883,1679
Vermicom_1
Light Source Color - OFF	 , 31/03/2024,10:36:13
10, 1977,1882,1676
10, 82,140,168
10, 82,140,168
10, 82,140,168
10, 82,140,168
10, 82,140,168
10, 82,140,168
10, 82,140,168
10, 82,140,168
10, 82,140,168
10, 82,140,168
Vermicom_1
Light Source Color - RED	 , 31/03/2024,10:36:25
11, 82,140,168
11, 223,208,1533
11, 222,208,1527
11, 222,208,1525
11, 222,207,1523
11, 222,208,1523
11, 222,207,1522
11, 222,207,1521
11, 222,207,1520
11, 222,207,1519
11, 222,207,1518
Vermicom_1
Light Source Color - OFF	 , 31/03/2024,10:36:37
12, 222,207,1517
12, 92,145,265
12, 82,140,168
12, 82,140,168
12, 82,140,168
12, 82,140,168
12, 82,140,168
12, 82,140,168
12, 82,140,168
12, 82,140,168
12, 82,140,168
Vermicom_1
Light Source Color - GREEN	 , 31/03/2024,10:36:49
13, 82,140,168
13, 552,1491,356
13, 551,1490,356
13, 551,1490,356
13, 551,1491,356
13, 551,1490,356
13, 551,1490,356
13, 551,1490,356
13, 551,1490,356
13, 551,1489,356
13, 551,1489,356
Vermicom_1
Light Source Color - OFF	 , 31/03/2024,10:37:02
14, 536,1447,350
14, 82,140,168
14, 82,140,168
14, 82,140,168
14, 82,140,168
14, 82,140,168
14, 82,140,168
14, 82,140,168
14, 82,140,168
14, 82,140,168
14, 82,139,168
Vermicom_1
Light Source Color - BLUE	 , 31/03/2024,10:37:14
15, 82,139,168
15, 1637,641,188
15, 1636,641,187
15, 1638,641,188
15, 1638,641,188
15, 1638,641,188
15, 1637,641,188
15, 1637,641,187
15, 1637,641,187
15, 1636,641,187
15, 1638,642,188
Vermicom_1
Light Source Color - OFF	 , 31/03/2024,10:37:26
