water_0  :  
Light Source Color - OFF
N,P,K
0, 79,136,164
0, 79,136,164
0, 79,136,164
0, 79,136,164
0, 79,136,164
0, 79,136,164
0, 79,136,164
0, 79,136,164
0, 79,136,164
0, 79,136,164
0, 79,136,164
water_0
Light Source Color - WHITE	 , 31/03/2024,11:34:46
1, 103,157,179
1, 2396,2150,1538
1, 2390,2147,1523
1, 2388,2146,1515
1, 2386,2145,1511
1, 2384,2144,1506
1, 2384,2144,1505
1, 2384,2145,1501
1, 2381,2143,1497
1, 2380,2143,1495
1, 2379,2141,1491
water_0
Light Source Color - OFF	 , 31/03/2024,11:34:58
2, 2377,2141,1489
2, 79,136,164
2, 79,136,164
2, 79,136,164
2, 79,136,164
2, 79,136,164
2, 79,136,164
2, 79,136,164
2, 79,136,164
2, 79,136,164
2, 79,136,164
2, 79,136,164
water_0
Light Source Color - RED	 , 31/03/2024,11:35:11
3, 81,137,186
3, 198,194,1319
3, 198,194,1311
3, 198,194,1311
3, 198,194,1310
3, 198,193,1308
3, 198,194,1308
3, 198,193,1307
3, 197,193,1305
3, 197,193,1304
3, 197,193,1304
3, 197,193,1306
water_0
Light Source Color - OFF	 , 31/03/2024,11:35:24
4, 196,193,1296
4, 79,136,164
4, 79,136,164
4, 79,136,164
4, 79,136,164
4, 79,136,164
4, 79,136,164
4, 79,136,164
4, 79,136,164
4, 79,136,164
4, 79,136,164
4, 79,136,164
water_0
Light Source Color - GREEN	 , 31/03/2024,11:35:37
5, 79,136,164
5, 603,1604,365
5, 602,1603,365
5, 602,1602,365
5, 602,1602,365
5, 602,1602,365
5, 601,1602,365
5, 601,1601,365
5, 601,1601,365
5, 601,1601,365
5, 601,1601,365
5, 601,1601,365
water_0
Light Source Color - OFF	 , 31/03/2024,11:35:50
6, 601,1601,365
6, 79,136,164
6, 79,136,164
6, 79,136,164
6, 79,136,164
6, 79,136,164
6, 79,136,164
6, 79,136,164
6, 79,136,164
6, 79,136,164
6, 79,136,164
6, 79,136,164
water_0
Light Source Color - BLUE	 , 31/03/2024,11:36:03
7, 79,136,163
7, 1950,740,187
7, 1951,741,187
7, 1950,741,187
7, 1950,741,187
7, 1950,741,187
7, 1949,741,187
7, 1948,740,187
7, 1950,741,187
7, 1950,741,187
7, 1949,741,187
7, 1949,741,187
water_0
Light Source Color - OFF	 , 31/03/2024,11:36:16
8, 1948,741,187
8, 79,136,163
8, 79,136,164
8, 79,136,163
8, 79,136,163
8, 79,136,163
8, 79,136,163
8, 79,136,164
8, 79,136,164
8, 79,136,164
8, 79,136,163
8, 79,136,164
water_0
Light Source Color - WHITE	 , 31/03/2024,11:36:29
9, 79,136,164
9, 2394,2149,1525
9, 2391,2149,1512
9, 2389,2147,1505
9, 2387,2146,1500
9, 2385,2145,1496
9, 2383,2144,1492
9, 2385,2146,1490
9, 2383,2145,1487
9, 2382,2144,1484
9, 2381,2143,1481
water_0
Light Source Color - OFF	 , 31/03/2024,11:36:41
10, 2379,2142,1479
10, 79,135,163
10, 79,136,164
10, 79,136,164
10, 79,136,164
10, 79,136,164
10, 79,136,163
10, 79,136,164
10, 79,136,164
10, 79,136,163
10, 79,136,164
10, 79,136,164
water_0
Light Source Color - RED	 , 31/03/2024,11:36:54
11, 79,136,164
11, 197,193,1302
11, 198,193,1308
11, 198,193,1306
11, 198,193,1306
11, 198,193,1306
11, 198,193,1307
11, 198,193,1306
11, 198,193,1305
11, 198,193,1304
11, 198,193,1304
11, 198,193,1303
water_0
Light Source Color - OFF	 , 31/03/2024,11:37:07
12, 198,193,1303
12, 79,136,164
12, 79,136,164
12, 79,136,164
12, 79,136,164
12, 79,136,164
12, 79,136,164
12, 79,136,164
12, 79,136,164
12, 79,136,164
12, 79,136,164
12, 79,136,164
water_0
Light Source Color - GREEN	 , 31/03/2024,11:37:20
13, 79,136,164
13, 604,1608,366
13, 603,1606,366
13, 603,1605,366
13, 603,1606,366
13, 603,1605,366
13, 602,1605,366
13, 602,1604,366
13, 612,1630,369
13, 602,1605,366
13, 603,1607,366
13, 602,1604,366
water_0
Light Source Color - OFF	 , 31/03/2024,11:37:33
14, 602,1604,366
14, 79,136,163
14, 79,136,163
14, 79,136,163
14, 79,136,164
14, 79,136,163
14, 79,136,163
14, 79,136,163
14, 79,136,163
14, 79,136,164
14, 79,136,163
14, 79,136,163
water_0
Light Source Color - BLUE	 , 31/03/2024,11:37:46
15, 79,136,163
15, 1958,744,187
15, 1957,744,187
15, 1959,744,187
15, 1958,744,187
15, 1957,744,187
15, 1957,744,187
15, 1957,744,187
15, 1958,744,187
15, 1958,744,187
15, 1958,744,187
15, 1957,744,187
water_0
Light Source Color - OFF	 , 31/03/2024,11:37:59
