water_1  :  
Light Source Color - OFF
N,P,K
0, 79,136,163
0, 79,136,163
0, 79,135,163
0, 79,136,163
0, 79,135,163
0, 79,135,163
0, 79,136,163
0, 79,136,163
0, 79,135,163
0, 79,135,163
0, 79,135,163
water_1
Light Source Color - WHITE	 , 31/03/2024,11:34:46
1, 79,135,163
1, 2314,2077,1479
1, 2406,2157,1520
1, 2404,2157,1513
1, 2401,2155,1508
1, 2399,2154,1503
1, 2399,2154,1500
1, 2400,2155,1498
1, 2399,2154,1495
1, 2397,2153,1492
1, 2396,2152,1489
water_1
Light Source Color - OFF	 , 31/03/2024,11:34:58
2, 2394,2152,1486
2, 79,135,163
2, 79,135,163
2, 79,135,163
2, 79,135,163
2, 79,135,163
2, 79,135,163
2, 79,135,163
2, 79,135,163
2, 79,135,163
2, 79,135,163
2, 79,135,163
water_1
Light Source Color - RED	 , 31/03/2024,11:35:11
3, 79,135,163
3, 198,193,1313
3, 198,193,1310
3, 198,193,1309
3, 198,193,1305
3, 198,193,1305
3, 198,193,1305
3, 198,193,1305
3, 198,193,1304
3, 198,193,1303
3, 198,193,1303
3, 197,193,1302
water_1
Light Source Color - OFF	 , 31/03/2024,11:35:25
4, 197,193,1301
4, 87,140,247
4, 79,135,163
4, 79,135,163
4, 79,135,163
4, 79,135,163
4, 79,135,163
4, 79,135,163
4, 79,135,163
4, 79,135,163
4, 79,135,163
4, 79,135,163
water_1
Light Source Color - GREEN	 , 31/03/2024,11:35:38
5, 91,170,168
5, 604,1607,365
5, 603,1605,365
5, 602,1604,365
5, 602,1604,365
5, 602,1603,365
5, 602,1604,365
5, 602,1604,365
5, 602,1603,365
5, 601,1603,365
5, 601,1602,365
5, 601,1602,365
water_1
Light Source Color - OFF	 , 31/03/2024,11:35:51
6, 601,1603,365
6, 79,135,163
6, 79,135,163
6, 79,135,163
6, 79,135,163
6, 79,135,163
6, 79,135,163
6, 79,135,163
6, 79,135,163
6, 79,135,163
6, 79,135,163
6, 79,135,163
water_1
Light Source Color - BLUE	 , 31/03/2024,11:36:04
7, 79,135,163
7, 1961,744,187
7, 1960,745,187
7, 1960,745,187
7, 1959,744,187
7, 1960,745,187
7, 1960,745,187
7, 1959,745,187
7, 1959,745,187
7, 1958,744,187
7, 1958,744,187
7, 1960,745,187
water_1
Light Source Color - OFF	 , 31/03/2024,11:36:17
8, 1959,745,187
8, 79,135,163
8, 79,135,163
8, 79,135,163
8, 79,135,163
8, 79,135,163
8, 79,135,163
8, 79,135,163
8, 79,135,163
8, 79,135,163
8, 79,135,163
8, 79,135,163
water_1
Light Source Color - WHITE	 , 31/03/2024,11:36:30
9, 79,135,163
9, 2411,2160,1523
9, 2406,2158,1511
9, 2404,2157,1504
9, 2404,2157,1502
9, 2402,2156,1498
9, 2400,2155,1493
9, 2399,2154,1490
9, 2398,2154,1487
9, 2396,2153,1484
9, 2397,2154,1483
water_1
Light Source Color - OFF	 , 31/03/2024,11:36:42
10, 2397,2154,1480
10, 79,135,163
10, 79,135,163
10, 79,135,163
10, 79,135,163
10, 79,135,163
10, 79,135,163
10, 79,135,163
10, 79,135,163
10, 79,135,163
10, 79,135,163
10, 79,135,163
water_1
Light Source Color - RED	 , 31/03/2024,11:36:55
11, 79,135,163
11, 198,193,1309
11, 198,193,1304
11, 198,193,1302
11, 197,193,1301
11, 197,193,1300
11, 197,193,1299
11, 197,193,1299
11, 197,193,1298
11, 197,193,1298
11, 197,193,1297
11, 197,193,1297
water_1
Light Source Color - OFF	 , 31/03/2024,11:37:08
12, 197,193,1297
12, 79,135,163
12, 79,135,163
12, 79,135,163
12, 79,135,163
12, 79,135,163
12, 79,135,163
12, 79,135,163
12, 79,135,163
12, 79,135,163
12, 79,135,163
12, 79,135,163
water_1
Light Source Color - GREEN	 , 31/03/2024,11:37:21
13, 79,135,163
13, 603,1606,365
13, 602,1604,365
13, 602,1603,365
13, 602,1604,366
13, 602,1603,365
13, 602,1603,366
13, 601,1601,365
13, 601,1602,365
13, 602,1603,366
13, 601,1603,366
13, 601,1603,366
water_1
Light Source Color - OFF	 , 31/03/2024,11:37:34
14, 601,1602,365
14, 79,135,163
14, 79,135,163
14, 79,135,163
14, 79,135,163
14, 79,135,163
14, 79,135,163
14, 79,135,163
14, 79,135,163
14, 79,135,163
14, 79,135,163
14, 79,135,163
water_1
Light Source Color - BLUE	 , 31/03/2024,11:37:47
15, 79,135,163
15, 1959,744,187
15, 1958,744,187
15, 1960,745,187
15, 1960,745,187
15, 1959,745,187
15, 1959,745,187
15, 1958,745,187
15, 1960,745,187
15, 1959,745,187
15, 1957,745,187
15, 1956,744,187
water_1
Light Source Color - OFF	 , 31/03/2024,11:38:00
