Phosphorus_concentrate 10 mg/L  1,8000 rows
1,1,White,4
2,2,White,461
3,3,White,458
4,4,White,459
5,5,White,453
6,6,White,456
7,7,White,458
8,8,White,456
9,9,White,457
10,10,White,453
11,11,White,451
12,12,White,452
13,13,White,457
14,14,White,450
15,1,Red,453
16,2,Red,186
17,3,Red,187
18,4,Red,192
19,5,Red,188
20,6,Red,188
21,7,Red,189
22,8,Red,191
23,9,Red,187
24,10,Red,190
25,11,Red,189
26,12,Red,186
27,13,Red,186
28,14,Red,186
29,15,Red,187
30,1,Green,189
31,2,Green,143
32,3,Green,143
33,4,Green,137
34,5,Green,143
35,6,Green,135
36,7,Green,134
37,8,Green,136
38,9,Green,138
39,10,Green,140
40,11,Green,135
41,12,Green,135
42,13,Green,134
43,14,Green,139
44,1,Blue,135
45,2,Blue,140
46,3,Blue,139
47,4,Blue,138
48,5,Blue,139
49,6,Blue,136
50,7,Blue,136
51,8,Blue,140
52,9,Blue,139
53,10,Blue,135
54,11,Blue,135
55,12,Blue,136
56,13,Blue,137
57,14,Blue,138
58,15,Blue,134
59,1,Black,137
60,2,Black,5
61,3,Black,4
62,4,Black,5
63,5,Black,3
64,6,Black,5
65,7,Black,4
66,8,Black,4
67,9,Black,5
68,10,Black,6
69,11,Black,4
70,12,Black,5
71,13,Black,5
72,14,Black,4
73,15,Black,4
74,0,Black,5
75,0,Black,5
76,0,Black,5
77,0,Black,4
78,0,Black,5
79,0,Black,5
80,0,Black,5
81,0,Black,4
82,0,Black,4
83,0,Black,5
84,0,Black,5
85,0,Black,5
86,0,Black,4
87,0,Black,5
88,1,White,4
89,2,White,434
90,3,White,433
91,4,White,438
92,5,White,437
93,6,White,434
94,7,White,434
95,8,White,434
96,9,White,429
97,10,White,436
98,11,White,439
99,12,White,437
100,13,White,428
101,14,White,438
102,15,White,432
103,1,Red,435
104,2,Red,186
105,3,Red,181
106,4,Red,179
107,5,Red,181
108,6,Red,186
109,7,Red,183
110,8,Red,179
111,9,Red,182
112,10,Red,180
113,11,Red,179
114,12,Red,183
115,13,Red,180
116,14,Red,178
117,1,Green,179
118,2,Green,135
119,3,Green,135
120,4,Green,133
121,5,Green,136
122,6,Green,134
123,7,Green,138
124,8,Green,131
125,9,Green,133
126,10,Green,133
127,11,Green,138
128,12,Green,136
129,13,Green,136
130,14,Green,135
131,15,Green,137
132,1,Blue,132
133,2,Blue,132
134,3,Blue,135
135,4,Blue,130
136,5,Blue,129
137,6,Blue,133
138,7,Blue,132
139,8,Blue,133
140,9,Blue,132
141,10,Blue,130
142,11,Blue,132
143,12,Blue,135
144,13,Blue,129
145,14,Blue,130
146,15,Blue,134
147,1,Black,130
148,2,Black,4
149,3,Black,5
150,4,Black,6
151,5,Black,5
152,6,Black,4
153,7,Black,5
154,8,Black,6
155,9,Black,5
156,10,Black,5
157,11,Black,5
158,12,Black,4
159,13,Black,4
160,14,Black,4
161,0,Black,5
162,0,Black,6
163,0,Black,5
164,0,Black,4
165,0,Black,4
166,0,Black,6
167,0,Black,5
168,0,Black,5
169,0,Black,5
170,0,Black,4
171,0,Black,4
172,0,Black,4
173,0,Black,5
174,0,Black,5
175,0,Black,5
176,1,White,4
177,2,White,431
178,3,White,418
179,4,White,421
180,5,White,425
181,6,White,428
182,7,White,420
183,8,White,426
184,9,White,422
185,10,White,423
186,11,White,422
187,12,White,424
188,13,White,426
189,14,White,424
190,1,Red,421
191,2,Red,183
192,3,Red,181
193,4,Red,178
194,5,Red,176
195,6,Red,181
196,7,Red,180
197,8,Red,176
198,9,Red,180
199,10,Red,173
200,11,Red,182
201,12,Red,178
202,13,Red,177
203,14,Red,179
204,15,Red,177
205,1,Green,180
206,2,Green,131
207,3,Green,134
208,4,Green,134
209,5,Green,136
210,6,Green,132
211,7,Green,134
212,8,Green,129
213,9,Green,135
214,10,Green,132
215,11,Green,129
216,12,Green,134
217,13,Green,131
218,14,Green,130
219,15,Green,131
220,1,Blue,127
221,2,Blue,126
222,3,Blue,127
223,4,Blue,127
224,5,Blue,131
225,6,Blue,124
226,7,Blue,125
227,8,Blue,128
228,9,Blue,126
229,10,Blue,125
230,11,Blue,125
231,12,Blue,129
232,13,Blue,125
233,14,Blue,125
234,1,Black,126
235,2,Black,4
236,3,Black,4
237,4,Black,4
238,5,Black,4
239,6,Black,5
240,7,Black,6
241,8,Black,5
242,9,Black,4
243,10,Black,5
244,11,Black,5
245,12,Black,6
246,13,Black,5
247,14,Black,4
248,15,Black,5
249,0,Black,4
250,0,Black,4
251,0,Black,4
252,0,Black,4
253,0,Black,4
254,0,Black,4
255,0,Black,4
256,0,Black,3
257,0,Black,5
258,0,Black,5
259,0,Black,4
260,0,Black,4
261,0,Black,5
262,0,Black,5
263,0,Black,4
264,1,White,4
265,2,White,418
266,3,White,421
267,4,White,417
268,5,White,422
269,6,White,420
270,7,White,416
271,8,White,415
272,9,White,422
273,10,White,415
274,11,White,417
275,12,White,414
276,13,White,416
277,14,White,413
278,1,Red,413
279,2,Red,176
280,3,Red,170
281,4,Red,173
282,5,Red,173
283,6,Red,176
284,7,Red,177
285,8,Red,179
286,9,Red,177
287,10,Red,175
288,11,Red,175
289,12,Red,173
290,13,Red,176
291,14,Red,175
292,15,Red,171
293,1,Green,178
294,2,Green,133
295,3,Green,131
296,4,Green,132
297,5,Green,131
298,6,Green,133
299,7,Green,128
300,8,Green,128
301,9,Green,127
302,10,Green,133
303,11,Green,130
304,12,Green,134
305,13,Green,130
306,14,Green,130
307,1,Blue,134
308,2,Blue,128
309,3,Blue,124
310,4,Blue,121
311,5,Blue,119
312,6,Blue,128
313,7,Blue,121
314,8,Blue,122
315,9,Blue,121
316,10,Blue,126
317,11,Blue,122
318,12,Blue,121
319,13,Blue,123
320,14,Blue,125
321,15,Blue,122
322,1,Black,126
323,2,Black,4
324,3,Black,5
325,4,Black,5
326,5,Black,5
327,6,Black,4
328,7,Black,5
329,8,Black,4
330,9,Black,4
331,10,Black,4
332,11,Black,4
333,12,Black,4
334,13,Black,4
335,14,Black,5
336,15,Black,4
337,0,Black,5
338,0,Black,5
339,0,Black,5
340,0,Black,4
341,0,Black,4
342,0,Black,5
343,0,Black,4
344,0,Black,4
345,0,Black,4
346,0,Black,4
347,0,Black,4
348,0,Black,3
349,0,Black,4
350,0,Black,4
351,1,White,6
352,2,White,415
353,3,White,412
354,4,White,410
355,5,White,415
356,6,White,404
357,7,White,410
358,8,White,409
359,9,White,416
360,10,White,410
361,11,White,405
362,12,White,412
363,13,White,409
364,14,White,407
365,15,White,407
366,1,Red,407
367,2,Red,177
368,3,Red,173
369,4,Red,177
370,5,Red,176
371,6,Red,173
372,7,Red,171
373,8,Red,175
374,9,Red,171
375,10,Red,171
376,11,Red,174
377,12,Red,174
378,13,Red,173
379,14,Red,173
380,1,Green,169
381,2,Green,129
382,3,Green,127
383,4,Green,129
384,5,Green,131
385,6,Green,130
386,7,Green,133
387,8,Green,135
388,9,Green,135
389,10,Green,128
390,11,Green,130
391,12,Green,133
392,13,Green,134
393,14,Green,129
394,15,Green,129
395,1,Blue,131
396,2,Blue,120
397,3,Blue,117
398,4,Blue,120
399,5,Blue,118
400,6,Blue,121
401,7,Blue,125
402,8,Blue,118
403,9,Blue,118
404,10,Blue,122
405,11,Blue,120
406,12,Blue,120
407,13,Blue,123
408,14,Blue,125
409,15,Blue,121
410,1,Black,124
411,2,Black,5
412,3,Black,4
413,4,Black,5
414,5,Black,5
415,6,Black,5
416,7,Black,5
417,8,Black,4
418,9,Black,5
419,10,Black,4
420,11,Black,4
421,12,Black,4
422,13,Black,4
423,14,Black,6
424,0,Black,4
425,0,Black,4
426,0,Black,4
427,0,Black,5
428,0,Black,5
429,0,Black,5
430,0,Black,4
431,0,Black,5
432,0,Black,5
433,0,Black,4
434,0,Black,5
435,0,Black,5
436,0,Black,5
437,0,Black,4
438,0,Black,4
439,1,White,4
440,2,White,408
441,3,White,407
442,4,White,404
443,5,White,409
444,6,White,410
445,7,White,410
446,8,White,411
447,9,White,411
448,10,White,405
449,11,White,405
450,12,White,404
451,13,White,401
452,14,White,406
453,15,White,406
454,1,Red,404
455,2,Red,171
456,3,Red,174
457,4,Red,169
458,5,Red,170
459,6,Red,172
460,7,Red,174
461,8,Red,171
462,9,Red,172
463,10,Red,169
464,11,Red,171
465,12,Red,171
466,13,Red,171
467,14,Red,169
468,1,Green,167
469,2,Green,125
470,3,Green,132
471,4,Green,129
472,5,Green,130
473,6,Green,128
474,7,Green,124
475,8,Green,128
476,9,Green,133
477,10,Green,128
478,11,Green,129
479,12,Green,128
480,13,Green,127
481,14,Green,126
482,15,Green,128
483,1,Blue,129
484,2,Blue,120
485,3,Blue,119
486,4,Blue,120
487,5,Blue,118
488,6,Blue,116
489,7,Blue,124
490,8,Blue,118
491,9,Blue,118
492,10,Blue,117
493,11,Blue,119
494,12,Blue,122
495,13,Blue,119
496,14,Blue,120
497,1,Black,121
498,2,Black,4
499,3,Black,5
500,4,Black,5
501,5,Black,4
502,6,Black,4
503,7,Black,4
504,8,Black,5
505,9,Black,6
506,10,Black,6
507,11,Black,4
508,12,Black,4
509,13,Black,4
510,14,Black,5
511,15,Black,5
512,0,Black,4
513,0,Black,4
514,0,Black,4
515,0,Black,5
516,0,Black,5
517,0,Black,4
518,0,Black,4
519,0,Black,4
520,0,Black,5
521,0,Black,5
522,0,Black,5
523,0,Black,4
524,0,Black,4
525,0,Black,5
526,0,Black,5
527,1,White,4
528,2,White,408
529,3,White,402
530,4,White,408
531,5,White,406
532,6,White,400
533,7,White,403
534,8,White,404
535,9,White,401
536,10,White,402
537,11,White,405
538,12,White,402
539,13,White,404
540,14,White,403
541,1,Red,402
542,2,Red,171
543,3,Red,169
544,4,Red,170
545,5,Red,170
546,6,Red,170
547,7,Red,166
548,8,Red,174
549,9,Red,167
550,10,Red,171
551,11,Red,170
552,12,Red,168
553,13,Red,172
554,14,Red,172
555,15,Red,172
556,1,Green,169
557,2,Green,132
558,3,Green,129
559,4,Green,131
560,5,Green,130
561,6,Green,131
562,7,Green,133
563,8,Green,132
564,9,Green,130
565,10,Green,130
566,11,Green,129
567,12,Green,130
568,13,Green,126
569,14,Green,128
570,15,Green,129
571,1,Blue,125
572,2,Blue,121
573,3,Blue,116
574,4,Blue,118
575,5,Blue,119
576,6,Blue,119
577,7,Blue,116
578,8,Blue,117
579,9,Blue,115
580,10,Blue,119
581,11,Blue,118
582,12,Blue,116
583,13,Blue,119
584,14,Blue,121
585,1,Black,118
586,2,Black,5
587,3,Black,4
588,4,Black,3
589,5,Black,4
590,6,Black,4
591,7,Black,5
592,8,Black,4
593,9,Black,5
594,10,Black,5
595,11,Black,4
596,12,Black,4
597,13,Black,6
598,14,Black,6
599,15,Black,6
600,0,Black,6
601,0,Black,3
602,0,Black,5
603,0,Black,6
604,0,Black,6
605,0,Black,5
606,0,Black,5
607,0,Black,5
608,0,Black,4
609,0,Black,5
610,0,Black,4
611,0,Black,6
612,0,Black,5
613,0,Black,4
614,1,White,5
615,2,White,403
616,3,White,399
617,4,White,400
618,5,White,402
619,6,White,395
620,7,White,395
621,8,White,401
622,9,White,396
623,10,White,401
624,11,White,404
625,12,White,399
626,13,White,398
627,14,White,405
628,15,White,401
629,1,Red,398
630,2,Red,166
631,3,Red,170
632,4,Red,170
633,5,Red,167
634,6,Red,169
635,7,Red,167
636,8,Red,167
637,9,Red,170
638,10,Red,172
639,11,Red,172
640,12,Red,171
641,13,Red,166
642,14,Red,170
643,15,Red,169
644,1,Green,173
645,2,Green,132
646,3,Green,132
647,4,Green,124
648,5,Green,129
649,6,Green,131
650,7,Green,128
651,8,Green,126
652,9,Green,131
653,10,Green,131
654,11,Green,130
655,12,Green,126
656,13,Green,133
657,14,Green,131
658,1,Blue,129
659,2,Blue,115
660,3,Blue,113
661,4,Blue,115
662,5,Blue,116
663,6,Blue,118
664,7,Blue,114
665,8,Blue,120
666,9,Blue,118
667,10,Blue,120
668,11,Blue,114
669,12,Blue,121
670,13,Blue,118
671,14,Blue,116
672,15,Blue,116
673,1,Black,113
674,2,Black,4
675,3,Black,6
676,4,Black,6
677,5,Black,4
678,6,Black,3
679,7,Black,4
680,8,Black,4
681,9,Black,4
682,10,Black,5
683,11,Black,5
684,12,Black,4
685,13,Black,4
686,14,Black,4
687,0,Black,4
688,0,Black,5
689,0,Black,5
690,0,Black,4
691,0,Black,5
692,0,Black,4
693,0,Black,5
694,0,Black,4
695,0,Black,5
696,0,Black,3
697,0,Black,4
698,0,Black,3
699,0,Black,4
700,0,Black,5
701,0,Black,4
702,1,White,4
703,2,White,390
704,3,White,395
705,4,White,399
706,5,White,398
707,6,White,389
708,7,White,399
709,8,White,395
710,9,White,396
711,10,White,397
712,11,White,392
713,12,White,395
714,13,White,396
715,14,White,396
716,15,White,398
717,1,Red,398
718,2,Red,169
719,3,Red,166
720,4,Red,166
721,5,Red,168
722,6,Red,167
723,7,Red,170
724,8,Red,171
725,9,Red,168
726,10,Red,165
727,11,Red,172
728,12,Red,165
729,13,Red,165
730,14,Red,171
731,1,Green,169
732,2,Green,128
733,3,Green,130
734,4,Green,126
735,5,Green,129
736,6,Green,126
737,7,Green,125
738,8,Green,127
739,9,Green,124
740,10,Green,126
741,11,Green,125
742,12,Green,125
743,13,Green,127
744,14,Green,131
745,15,Green,124
746,1,Blue,125
747,2,Blue,113
748,3,Blue,119
749,4,Blue,120
750,5,Blue,113
751,6,Blue,115
752,7,Blue,115
753,8,Blue,113
754,9,Blue,112
755,10,Blue,111
756,11,Blue,113
757,12,Blue,113
758,13,Blue,113
759,14,Blue,112
760,15,Blue,115
761,1,Black,117
762,2,Black,4
763,3,Black,5
764,4,Black,5
765,5,Black,4
766,6,Black,5
767,7,Black,5
768,8,Black,4
769,9,Black,4
770,10,Black,5
771,11,Black,5
772,12,Black,4
773,13,Black,5
774,14,Black,4
775,0,Black,5
776,0,Black,4
777,0,Black,4
778,0,Black,4
779,0,Black,4
780,0,Black,4
781,0,Black,5
782,0,Black,4
783,0,Black,5
784,0,Black,4
785,0,Black,4
786,0,Black,5
787,0,Black,5
788,0,Black,4
789,0,Black,4
790,1,White,4
791,2,White,395
792,3,White,396
793,4,White,391
794,5,White,390
795,6,White,398
796,7,White,392
797,8,White,395
798,9,White,395
799,10,White,391
800,11,White,391
801,12,White,389
802,13,White,391
803,14,White,393
804,1,Red,389
805,2,Red,170
806,3,Red,168
807,4,Red,167
808,5,Red,165
809,6,Red,164
810,7,Red,166
811,8,Red,164
812,9,Red,165
813,10,Red,164
814,11,Red,168
815,12,Red,164
816,13,Red,167
817,14,Red,165
818,15,Red,167
819,1,Green,163
820,2,Green,125
821,3,Green,126
822,4,Green,129
823,5,Green,128
824,6,Green,125
825,7,Green,123
826,8,Green,123
827,9,Green,123
828,10,Green,126
829,11,Green,126
830,12,Green,129
831,13,Green,123
832,14,Green,128
833,15,Green,129
834,1,Blue,130
835,2,Blue,118
836,3,Blue,112
837,4,Blue,112
838,5,Blue,115
839,6,Blue,114
840,7,Blue,117
841,8,Blue,112
842,9,Blue,119
843,10,Blue,116
844,11,Blue,115
845,12,Blue,116
846,13,Blue,114
847,14,Blue,114
848,1,Black,117
849,2,Black,4
850,3,Black,5
851,4,Black,4
852,5,Black,4
853,6,Black,5
854,7,Black,4
855,8,Black,6
856,9,Black,5
857,10,Black,5
858,11,Black,5
859,12,Black,4
860,13,Black,4
861,14,Black,4
862,15,Black,4
863,0,Black,3
864,0,Black,3
865,0,Black,5
866,0,Black,5
867,0,Black,4
868,0,Black,4
869,0,Black,6
870,0,Black,5
871,0,Black,4
872,0,Black,4
873,0,Black,5
874,0,Black,5
875,0,Black,4
876,0,Black,4
877,1,White,4
878,2,White,394
879,3,White,391
880,4,White,391
881,5,White,393
882,6,White,387
883,7,White,385
884,8,White,393
885,9,White,391
886,10,White,386
887,11,White,389
888,12,White,388
889,13,White,391
890,14,White,391
891,15,White,396
892,1,Red,395
893,2,Red,167
894,3,Red,162
895,4,Red,169
896,5,Red,165
897,6,Red,162
898,7,Red,167
899,8,Red,163
900,9,Red,166
901,10,Red,163
902,11,Red,166
903,12,Red,168
904,13,Red,165
905,14,Red,167
906,15,Red,165
907,1,Green,163
908,2,Green,125
909,3,Green,128
910,4,Green,124
911,5,Green,124
912,6,Green,125
913,7,Green,126
914,8,Green,125
915,9,Green,126
916,10,Green,130
917,11,Green,127
918,12,Green,130
919,13,Green,126
920,14,Green,125
921,1,Blue,128
922,2,Blue,114
923,3,Blue,116
924,4,Blue,114
925,5,Blue,113
926,6,Blue,114
927,7,Blue,114
928,8,Blue,112
929,9,Blue,111
930,10,Blue,112
931,11,Blue,115
932,12,Blue,110
933,13,Blue,112
934,14,Blue,110
935,15,Blue,112
936,1,Black,112
937,2,Black,4
938,3,Black,4
939,4,Black,4
940,5,Black,5
941,6,Black,5
942,7,Black,4
943,8,Black,5
944,9,Black,3
945,10,Black,5
946,11,Black,4
947,12,Black,4
948,13,Black,5
949,14,Black,4
950,15,Black,3
951,0,Black,5
952,0,Black,5
953,0,Black,4
954,0,Black,3
955,0,Black,4
956,0,Black,5
957,0,Black,4
958,0,Black,5
959,0,Black,4
960,0,Black,4
961,0,Black,4
962,0,Black,5
963,0,Black,4
964,0,Black,6
965,1,White,4
966,2,White,386
967,3,White,392
968,4,White,392
969,5,White,393
970,6,White,390
971,7,White,387
972,8,White,394
973,9,White,388
974,10,White,391
975,11,White,391
976,12,White,390
977,13,White,393
978,14,White,390
979,15,White,379
980,1,Red,388
981,2,Red,159
982,3,Red,163
983,4,Red,168
984,5,Red,169
985,6,Red,163
986,7,Red,162
987,8,Red,166
988,9,Red,165
989,10,Red,165
990,11,Red,162
991,12,Red,162
992,13,Red,169
993,14,Red,166
994,1,Green,166
995,2,Green,130
996,3,Green,129
997,4,Green,125
998,5,Green,129
999,6,Green,129
1000,7,Green,124
1001,8,Green,124
1002,9,Green,129
1003,10,Green,123
1004,11,Green,123
1005,12,Green,126
1006,13,Green,127
1007,14,Green,123
1008,15,Green,124
1009,1,Blue,126
1010,2,Blue,111
1011,3,Blue,112
1012,4,Blue,113
1013,5,Blue,112
1014,6,Blue,112
1015,7,Blue,112
1016,8,Blue,116
1017,9,Blue,115
1018,10,Blue,110
1019,11,Blue,113
1020,12,Blue,110
1021,13,Blue,113
1022,14,Blue,109
1023,15,Blue,109
1024,1,Black,110
1025,2,Black,4
1026,3,Black,4
1027,4,Black,4
1028,5,Black,4
1029,6,Black,4
1030,7,Black,4
1031,8,Black,4
1032,9,Black,4
1033,10,Black,5
1034,11,Black,4
1035,12,Black,4
1036,13,Black,4
1037,14,Black,4
1038,0,Black,3
1039,0,Black,5
1040,0,Black,6
1041,0,Black,4
1042,0,Black,5
1043,0,Black,3
1044,0,Black,4
1045,0,Black,6
1046,0,Black,5
1047,0,Black,5
1048,0,Black,4
1049,0,Black,4
1050,0,Black,5
1051,0,Black,5
1052,0,Black,4
1053,1,White,5
1054,2,White,387
1055,3,White,391
1056,4,White,389
1057,5,White,392
1058,6,White,387
1059,7,White,389
1060,8,White,388
1061,9,White,389
1062,10,White,385
1063,11,White,387
1064,12,White,387
1065,13,White,390
1066,14,White,382
1067,15,White,379
1068,1,Red,385
1069,2,Red,167
1070,3,Red,160
1071,4,Red,164
1072,5,Red,165
1073,6,Red,160
1074,7,Red,167
1075,8,Red,167
1076,9,Red,163
1077,10,Red,167
1078,11,Red,168
1079,12,Red,160
1080,13,Red,165
1081,14,Red,164
1082,1,Green,164
1083,2,Green,122
1084,3,Green,127
1085,4,Green,130
1086,5,Green,122
1087,6,Green,123
1088,7,Green,126
1089,8,Green,126
1090,9,Green,122
1091,10,Green,121
1092,11,Green,124
1093,12,Green,129
1094,13,Green,125
1095,14,Green,124
1096,15,Green,123
1097,1,Blue,122
1098,2,Blue,112
1099,3,Blue,115
1100,4,Blue,116
1101,5,Blue,108
1102,6,Blue,110
1103,7,Blue,114
1104,8,Blue,108
1105,9,Blue,115
1106,10,Blue,114
1107,11,Blue,109
1108,12,Blue,110
1109,13,Blue,109
1110,14,Blue,113
1111,1,Black,108
1112,2,Black,4
1113,3,Black,5
1114,4,Black,4
1115,5,Black,5
1116,6,Black,4
1117,7,Black,4
1118,8,Black,4
1119,9,Black,5
1120,10,Black,4
1121,11,Black,4
1122,12,Black,5
1123,13,Black,5
1124,14,Black,3
1125,15,Black,3
1126,0,Black,4
1127,0,Black,4
1128,0,Black,4
1129,0,Black,4
1130,0,Black,4
1131,0,Black,5
1132,0,Black,4
1133,0,Black,5
1134,0,Black,4
1135,0,Black,5
1136,0,Black,5
1137,0,Black,4
1138,0,Black,4
1139,0,Black,5
1140,0,Black,4
1141,1,White,5
1142,2,White,387
1143,3,White,378
1144,4,White,390
1145,5,White,383
1146,6,White,387
1147,7,White,385
1148,8,White,382
1149,9,White,384
1150,10,White,386
1151,11,White,384
1152,12,White,382
1153,13,White,383
1154,14,White,388
1155,1,Red,388
1156,2,Red,165
1157,3,Red,161
1158,4,Red,162
1159,5,Red,161
1160,6,Red,162
1161,7,Red,163
1162,8,Red,159
1163,9,Red,160
1164,10,Red,167
1165,11,Red,159
1166,12,Red,158
1167,13,Red,162
1168,14,Red,159
1169,15,Red,162
1170,1,Green,164
1171,2,Green,120
1172,3,Green,122
1173,4,Green,128
1174,5,Green,127
1175,6,Green,124
1176,7,Green,125
1177,8,Green,122
1178,9,Green,124
1179,10,Green,126
1180,11,Green,126
1181,12,Green,122
1182,13,Green,129
1183,14,Green,122
1184,1,Blue,128
1185,2,Blue,112
1186,3,Blue,112
1187,4,Blue,109
1188,5,Blue,109
1189,6,Blue,107
1190,7,Blue,108
1191,8,Blue,111
1192,9,Blue,109
1193,10,Blue,109
1194,11,Blue,114
1195,12,Blue,110
1196,13,Blue,114
1197,14,Blue,113
1198,15,Blue,108
1199,1,Black,107
1200,2,Black,4
1201,3,Black,4
1202,4,Black,3
1203,5,Black,4
1204,6,Black,4
1205,7,Black,4
1206,8,Black,4
1207,9,Black,4
1208,10,Black,4
1209,11,Black,5
1210,12,Black,4
1211,13,Black,5
1212,14,Black,4
1213,15,Black,5
1214,0,Black,4
1215,0,Black,4
1216,0,Black,4
1217,0,Black,3
1218,0,Black,4
1219,0,Black,5
1220,0,Black,4
1221,0,Black,4
1222,0,Black,5
1223,0,Black,4
1224,0,Black,4
1225,0,Black,4
1226,0,Black,4
1227,0,Black,5
1228,1,White,4
1229,2,White,389
1230,3,White,382
1231,4,White,379
1232,5,White,382
1233,6,White,388
1234,7,White,382
1235,8,White,382
1236,9,White,390
1237,10,White,382
1238,11,White,383
1239,12,White,379
1240,13,White,381
1241,14,White,381
1242,15,White,382
1243,1,Red,386
1244,2,Red,162
1245,3,Red,160
1246,4,Red,160
1247,5,Red,162
1248,6,Red,163
1249,7,Red,160
1250,8,Red,165
1251,9,Red,160
1252,10,Red,164
1253,11,Red,164
1254,12,Red,162
1255,13,Red,160
1256,14,Red,156
1257,1,Green,159
1258,2,Green,122
1259,3,Green,122
1260,4,Green,123
1261,5,Green,123
1262,6,Green,123
1263,7,Green,127
1264,8,Green,125
1265,9,Green,122
1266,10,Green,123
1267,11,Green,123
1268,12,Green,123
1269,13,Green,124
1270,14,Green,125
1271,15,Green,123
1272,1,Blue,128
1273,2,Blue,109
1274,3,Blue,111
1275,4,Blue,110
1276,5,Blue,113
1277,6,Blue,108
1278,7,Blue,113
1279,8,Blue,107
1280,9,Blue,110
1281,10,Blue,111
1282,11,Blue,110
1283,12,Blue,110
1284,13,Blue,112
1285,14,Blue,111
1286,15,Blue,108
1287,1,Black,113
1288,2,Black,4
1289,3,Black,4
1290,4,Black,5
1291,5,Black,4
1292,6,Black,4
1293,7,Black,4
1294,8,Black,5
1295,9,Black,4
1296,10,Black,5
1297,11,Black,6
1298,12,Black,4
1299,13,Black,4
1300,14,Black,5
1301,0,Black,5
1302,0,Black,5
1303,0,Black,5
1304,0,Black,6
1305,0,Black,4
1306,0,Black,4
1307,0,Black,4
1308,0,Black,5
1309,0,Black,6
1310,0,Black,4
1311,0,Black,3
1312,0,Black,3
1313,0,Black,3
1314,0,Black,4
1315,0,Black,5
1316,1,White,5
1317,2,White,379
1318,3,White,379
1319,4,White,384
1320,5,White,379
1321,6,White,385
1322,7,White,380
1323,8,White,378
1324,9,White,377
1325,10,White,381
1326,11,White,385
1327,12,White,387
1328,13,White,376
1329,14,White,382
1330,15,White,382
1331,1,Red,380
1332,2,Red,166
1333,3,Red,162
1334,4,Red,161
1335,5,Red,163
1336,6,Red,163
1337,7,Red,159
1338,8,Red,161
1339,9,Red,158
1340,10,Red,165
1341,11,Red,156
1342,12,Red,161
1343,13,Red,158
1344,14,Red,159
1345,1,Green,165
1346,2,Green,125
1347,3,Green,122
1348,4,Green,126
1349,5,Green,121
1350,6,Green,127
1351,7,Green,123
1352,8,Green,128
1353,9,Green,126
1354,10,Green,125
1355,11,Green,123
1356,12,Green,122
1357,13,Green,128
1358,14,Green,122
1359,15,Green,123
1360,1,Blue,121
1361,2,Blue,110
1362,3,Blue,106
1363,4,Blue,109
1364,5,Blue,111
1365,6,Blue,109
1366,7,Blue,110
1367,8,Blue,109
1368,9,Blue,110
1369,10,Blue,109
1370,11,Blue,107
1371,12,Blue,110
1372,13,Blue,110
1373,14,Blue,113
1374,1,Black,109
1375,2,Black,4
1376,3,Black,6
1377,4,Black,4
1378,5,Black,4
1379,6,Black,3
1380,7,Black,3
1381,8,Black,4
1382,9,Black,4
1383,10,Black,4
1384,11,Black,4
1385,12,Black,3
1386,13,Black,4
1387,14,Black,3
1388,15,Black,4
1389,0,Black,4
1390,0,Black,4
1391,0,Black,5
1392,0,Black,4
1393,0,Black,3
1394,0,Black,4
1395,0,Black,5
1396,0,Black,4
1397,0,Black,4
1398,0,Black,4
1399,0,Black,5
1400,0,Black,5
1401,0,Black,4
1402,0,Black,4
1403,0,Black,4
1404,1,White,4
1405,2,White,378
1406,3,White,372
1407,4,White,378
1408,5,White,382
1409,6,White,378
1410,7,White,378
1411,8,White,377
1412,9,White,377
1413,10,White,379
1414,11,White,379
1415,12,White,378
1416,13,White,377
1417,14,White,384
1418,1,Red,379
1419,2,Red,157
1420,3,Red,158
1421,4,Red,158
1422,5,Red,161
1423,6,Red,162
1424,7,Red,164
1425,8,Red,159
1426,9,Red,161
1427,10,Red,162
1428,11,Red,163
1429,12,Red,160
1430,13,Red,160
1431,14,Red,156
1432,15,Red,164
1433,1,Green,162
1434,2,Green,129
1435,3,Green,128
1436,4,Green,125
1437,5,Green,124
1438,6,Green,127
1439,7,Green,126
1440,8,Green,123
1441,9,Green,123
1442,10,Green,128
1443,11,Green,126
1444,12,Green,123
1445,13,Green,121
1446,14,Green,124
1447,15,Green,122
1448,1,Blue,124
1449,2,Blue,106
1450,3,Blue,106
1451,4,Blue,107
1452,5,Blue,105
1453,6,Blue,105
1454,7,Blue,109
1455,8,Blue,110
1456,9,Blue,112
1457,10,Blue,109
1458,11,Blue,106
1459,12,Blue,108
1460,13,Blue,108
1461,14,Blue,107
1462,1,Black,106
1463,2,Black,4
1464,3,Black,5
1465,4,Black,4
1466,5,Black,4
1467,6,Black,5
1468,7,Black,4
1469,8,Black,4
1470,9,Black,4
1471,10,Black,5
1472,11,Black,4
1473,12,Black,3
1474,13,Black,4
1475,14,Black,3
1476,15,Black,5
1477,0,Black,4
1478,0,Black,3
1479,0,Black,3
1480,0,Black,4
1481,0,Black,4
1482,0,Black,4
1483,0,Black,5
1484,0,Black,5
1485,0,Black,4
1486,0,Black,4
1487,0,Black,4
1488,0,Black,4
1489,0,Black,4
1490,0,Black,5
1491,1,White,5
1492,2,White,370
1493,3,White,379
1494,4,White,375
1495,5,White,378
1496,6,White,380
1497,7,White,375
1498,8,White,370
1499,9,White,377
1500,10,White,381
1501,11,White,369
1502,12,White,372
1503,13,White,374
1504,14,White,376
1505,15,White,378
1506,1,Red,375
1507,2,Red,157
1508,3,Red,158
1509,4,Red,163
1510,5,Red,157
1511,6,Red,158
1512,7,Red,156
1513,8,Red,161
1514,9,Red,158
1515,10,Red,163
1516,11,Red,156
1517,12,Red,159
1518,13,Red,162
1519,14,Red,158
1520,15,Red,161
1521,1,Green,156
1522,2,Green,126
1523,3,Green,122
1524,4,Green,126
1525,5,Green,125
1526,6,Green,121
1527,7,Green,124
1528,8,Green,125
1529,9,Green,125
1530,10,Green,124
1531,11,Green,119
1532,12,Green,121
1533,13,Green,127
1534,14,Green,122
1535,1,Blue,125
1536,2,Blue,106
1537,3,Blue,103
1538,4,Blue,110
1539,5,Blue,103
1540,6,Blue,107
1541,7,Blue,104
1542,8,Blue,105
1543,9,Blue,108
1544,10,Blue,110
1545,11,Blue,108
1546,12,Blue,110
1547,13,Blue,111
1548,14,Blue,106
1549,15,Blue,111
1550,1,Black,108
1551,2,Black,5
1552,3,Black,4
1553,4,Black,4
1554,5,Black,5
1555,6,Black,5
1556,7,Black,4
1557,8,Black,4
1558,9,Black,5
1559,10,Black,4
1560,11,Black,5
1561,12,Black,5
1562,13,Black,4
1563,14,Black,5
1564,0,Black,4
1565,0,Black,6
1566,0,Black,5
1567,0,Black,4
1568,0,Black,4
1569,0,Black,4
1570,0,Black,4
1571,0,Black,4
1572,0,Black,4
1573,0,Black,3
1574,0,Black,3
1575,0,Black,4
1576,0,Black,5
1577,0,Black,4
1578,0,Black,3
1579,1,White,4
1580,2,White,381
1581,3,White,377
1582,4,White,375
1583,5,White,378
1584,6,White,378
1585,7,White,370
1586,8,White,381
1587,9,White,374
1588,10,White,379
1589,11,White,379
1590,12,White,367
1591,13,White,373
1592,14,White,379
1593,15,White,377
1594,1,Red,379
1595,2,Red,162
1596,3,Red,159
1597,4,Red,157
1598,5,Red,159
1599,6,Red,159
1600,7,Red,157
1601,8,Red,164
1602,9,Red,156
1603,10,Red,156
1604,11,Red,157
1605,12,Red,157
1606,13,Red,163
1607,14,Red,160
1608,1,Green,160
1609,2,Green,120
1610,3,Green,124
1611,4,Green,121
1612,5,Green,120
1613,6,Green,123
1614,7,Green,121
1615,8,Green,125
1616,9,Green,125
1617,10,Green,121
1618,11,Green,120
1619,12,Green,120
1620,13,Green,122
1621,14,Green,126
1622,15,Green,121
1623,1,Blue,120
1624,2,Blue,108
1625,3,Blue,106
1626,4,Blue,107
1627,5,Blue,108
1628,6,Blue,104
1629,7,Blue,107
1630,8,Blue,106
1631,9,Blue,110
1632,10,Blue,106
1633,11,Blue,103
1634,12,Blue,107
1635,13,Blue,111
1636,14,Blue,107
1637,15,Blue,101
1638,1,Black,109
1639,2,Black,5
1640,3,Black,5
1641,4,Black,5
1642,5,Black,5
1643,6,Black,4
1644,7,Black,4
1645,8,Black,5
1646,9,Black,4
1647,10,Black,4
1648,11,Black,5
1649,12,Black,5
1650,13,Black,4
1651,14,Black,4
1652,0,Black,4
1653,0,Black,4
1654,0,Black,5
1655,0,Black,5
1656,0,Black,4
1657,0,Black,4
1658,0,Black,4
1659,0,Black,5
1660,0,Black,4
1661,0,Black,4
1662,0,Black,4
1663,0,Black,5
1664,0,Black,4
1665,0,Black,4
1666,0,Black,5
1667,1,White,4
1668,2,White,372
1669,3,White,377
1670,4,White,374
1671,5,White,373
1672,6,White,374
1673,7,White,370
1674,8,White,378
1675,9,White,374
1676,10,White,371
1677,11,White,375
1678,12,White,375
1679,13,White,378
1680,14,White,376
1681,1,Red,373
1682,2,Red,159
1683,3,Red,156
1684,4,Red,157
1685,5,Red,158
1686,6,Red,161
1687,7,Red,159
1688,8,Red,163
1689,9,Red,162
1690,10,Red,161
1691,11,Red,157
1692,12,Red,155
1693,13,Red,154
1694,14,Red,159
1695,15,Red,161
1696,1,Green,154
1697,2,Green,122
1698,3,Green,128
1699,4,Green,123
1700,5,Green,123
1701,6,Green,120
1702,7,Green,125
1703,8,Green,126
1704,9,Green,125
1705,10,Green,121
1706,11,Green,121
1707,12,Green,126
1708,13,Green,123
1709,14,Green,126
1710,15,Green,122
1711,1,Blue,126
1712,2,Blue,107
1713,3,Blue,106
1714,4,Blue,110
1715,5,Blue,110
1716,6,Blue,106
1717,7,Blue,104
1718,8,Blue,104
1719,9,Blue,109
1720,10,Blue,108
1721,11,Blue,104
1722,12,Blue,104
1723,13,Blue,106
1724,14,Blue,110
1725,1,Black,108
1726,2,Black,4
1727,3,Black,4
1728,4,Black,5
1729,5,Black,5
1730,6,Black,4
1731,7,Black,4
1732,8,Black,4
1733,9,Black,5
1734,10,Black,4
1735,11,Black,4
1736,12,Black,4
1737,13,Black,5
1738,14,Black,4
1739,15,Black,4
1740,0,Black,4
1741,0,Black,6
1742,0,Black,5
1743,0,Black,4
1744,0,Black,5
1745,0,Black,5
1746,0,Black,5
1747,0,Black,5
1748,0,Black,4
1749,0,Black,5
1750,0,Black,5
1751,0,Black,3
1752,0,Black,4
1753,0,Black,4
1754,0,Black,5
1755,1,White,3
1756,2,White,375
1757,3,White,375
1758,4,White,372
1759,5,White,370
1760,6,White,369
1761,7,White,371
1762,8,White,373
1763,9,White,378
1764,10,White,376
1765,11,White,372
1766,12,White,375
1767,13,White,370
1768,14,White,373
1769,1,Red,371
1770,2,Red,159
1771,3,Red,157
1772,4,Red,154
1773,5,Red,154
1774,6,Red,155
1775,7,Red,157
1776,8,Red,160
1777,9,Red,162
1778,10,Red,156
1779,11,Red,160
1780,12,Red,156
1781,13,Red,157
1782,14,Red,161
1783,15,Red,154
1784,1,Green,158
1785,2,Green,125
1786,3,Green,124
1787,4,Green,120
1788,5,Green,120
1789,6,Green,120
1790,7,Green,120
1791,8,Green,126
1792,9,Green,124
1793,10,Green,124
1794,11,Green,125
1795,12,Green,119
1796,13,Green,124
1797,14,Green,126
1798,1,Blue,125
1799,2,Blue,103
1800,3,Blue,108
