npk_Red_Soil_0.2mgL3  :   ดินแดง หลังอบแห้งด้วยโครมไฟnpk_detector_TSCRGB2024 
Light Source Color - OFF
N,P,K
0, 81,142,171
0, 81,142,171
0, 81,142,171
0, 81,142,171
0, 81,142,171
0, 81,142,171
0, 81,142,171
0, 82,142,171
0, 82,142,172
0, 82,142,172
npk_Red_Soil_0.2mgL3
Light Source Color - WHITE	 , 28/03/2024 , 17:24:5
1, 81,142,171
1, 3108,2562,3548
1, 3110,2564,3536
1, 3095,2554,3509
1, 3089,2550,3493
1, 3088,2551,3484
1, 3088,2551,3476
1, 3086,2550,3468
1, 3084,2550,3460
1, 3083,2549,3452
1, 3081,2548,3445
npk_Red_Soil_0.2mgL3
Light Source Color - OFF	 , 28/03/2024 , 17:25:0
2, 3080,2548,3439
2, 82,142,172
2, 82,142,172
2, 82,142,172
2, 82,142,172
2, 82,142,172
2, 82,142,172
2, 82,142,172
2, 82,142,172
2, 82,142,172
2, 82,142,172
npk_Red_Soil_0.2mgL3
Light Source Color - RED	 , 28/03/2024 , 17:25:1
3, 82,142,172
3, 418,297,3272
3, 418,297,3268
3, 418,296,3262
3, 417,296,3259
3, 417,296,3256
3, 417,296,3253
3, 417,296,3251
3, 417,296,3248
3, 416,295,3247
3, 416,295,3245
npk_Red_Soil_0.2mgL3
Light Source Color - OFF	 , 28/03/2024 , 17:25:3
4, 409,292,3180
4, 82,142,172
4, 82,143,172
4, 82,143,172
4, 82,143,172
4, 82,143,172
4, 82,142,172
4, 82,143,172
4, 82,143,172
4, 82,143,172
4, 82,143,172
npk_Red_Soil_0.2mgL3
Light Source Color - GREEN	 , 28/03/2024 , 17:25:4
5, 82,142,172
5, 707,1820,414
5, 707,1821,414
5, 707,1821,414
5, 706,1820,414
5, 706,1820,414
5, 706,1820,414
5, 706,1819,414
5, 706,1819,414
5, 705,1818,413
5, 705,1818,413
npk_Red_Soil_0.2mgL3
Light Source Color - OFF	 , 28/03/2024 , 17:25:5
6, 669,1721,399
6, 82,142,172
6, 82,142,172
6, 82,142,172
6, 82,142,172
6, 82,142,172
6, 82,142,172
6, 82,142,172
6, 82,142,172
6, 82,142,172
6, 82,142,172
npk_Red_Soil_0.2mgL3
Light Source Color - BLUE	 , 28/03/2024 , 17:26:0
7, 110,151,172
7, 2398,883,203
7, 2397,884,203
7, 2397,884,203
7, 2396,884,203
7, 2396,884,203
7, 2396,884,203
7, 2396,884,203
7, 2396,884,204
7, 2395,884,203
7, 2395,884,203
npk_Red_Soil_0.2mgL3
Light Source Color - OFF	 , 28/03/2024 , 17:26:2
8, 2167,811,200
8, 82,143,172
8, 82,143,172
8, 82,143,172
8, 82,143,172
8, 82,143,172
8, 82,143,172
8, 82,143,172
8, 82,143,172
8, 82,143,172
8, 82,143,172
npk_Red_Soil_0.2mgL3
Light Source Color - WHITE	 , 28/03/2024 , 17:26:3
9, 244,272,352
9, 3103,2562,3497
9, 3098,2560,3465
9, 3095,2559,3449
9, 3092,2558,3437
9, 3090,2557,3427
9, 3088,2556,3418
9, 3086,2555,3411
9, 3084,2554,3403
9, 3084,2554,3397
9, 3086,2556,3394
npk_Red_Soil_0.2mgL3
Light Source Color - OFF	 , 28/03/2024 , 17:26:4
10, 3085,2555,3387
10, 82,143,172
10, 82,143,172
10, 82,143,172
10, 82,143,172
10, 82,143,172
10, 82,143,172
10, 82,143,172
10, 82,143,172
10, 82,143,172
10, 82,143,172
npk_Red_Soil_0.2mgL3
Light Source Color - RED	 , 28/03/2024 , 17:26:5
11, 110,155,425
11, 416,295,3229
11, 415,294,3217
11, 414,294,3212
11, 414,294,3208
11, 414,294,3206
11, 414,294,3204
11, 414,293,3202
11, 413,293,3200
11, 413,293,3198
11, 413,293,3198
npk_Red_Soil_0.2mgL3
Light Source Color - OFF	 , 28/03/2024 , 17:27:1
12, 413,293,3196
12, 82,143,172
12, 82,143,172
12, 82,143,172
12, 82,143,172
12, 82,143,172
12, 82,143,172
12, 82,143,172
12, 82,143,172
12, 82,142,172
12, 82,142,172
npk_Red_Soil_0.2mgL3
Light Source Color - GREEN	 , 28/03/2024 , 17:27:2
13, 82,143,172
13, 706,1821,415
13, 705,1819,415
13, 705,1818,415
13, 705,1818,415
13, 705,1818,415
13, 704,1818,415
13, 704,1818,415
13, 704,1817,415
13, 704,1817,415
13, 704,1818,415
npk_Red_Soil_0.2mgL3
Light Source Color - OFF	 , 28/03/2024 , 17:27:3
14, 704,1818,415
14, 82,143,172
14, 82,143,172
14, 82,143,172
14, 82,143,172
14, 82,143,172
14, 82,143,172
14, 82,142,172
14, 82,142,172
14, 82,142,172
14, 82,143,172
npk_Red_Soil_0.2mgL3
Light Source Color - BLUE	 , 28/03/2024 , 17:27:4
15, 82,143,172
15, 2398,886,204
15, 2397,886,204
15, 2397,886,204
15, 2396,886,204
15, 2395,886,203
15, 2395,886,203
15, 2394,886,203
15, 2395,886,203
15, 2394,886,203
15, 2397,887,204
npk_Red_Soil_0.2mgL3
Light Source Color - OFF	 , 28/03/2024 , 17:28:0
