PO4_0  :  ปริมาณ 0.2 มิลลิกรัมต่อลิตร... NPK_RGBGLOVE_Auto_TCS
Light Source Color - OFF
N,P,K
0,5,26,10
0,5,26,10
0,5,26,10
0,5,26,10
0,5,26,10
0,5,26,10
0,5,26,10
0,5,26,10
0,5,26,10
0,5,26,10
0,5,26,10
0,5,26,10
0,5,26,10
0,5,26,10
0,5,26,10
0,5,26,10
0,5,26,10
Light Source Color - WHITE	 , 28/03/2024,10:02:47
1,5,26,10
1,213,255,255
1,213,255,255
1,212,255,255
1,212,255,255
1,211,255,255
1,211,255,255
1,211,255,255
1,210,255,255
1,210,255,255
1,210,255,255
1,209,255,255
1,209,255,255
1,209,255,255
1,209,255,255
1,209,255,255
1,208,255,255
1,208,255,255
Light Source Color - OFF	 , 28/03/2024,10:03:00
2,208,255,255
2,1,1,0
2,1,1,0
2,1,1,0
2,1,1,0
2,1,1,0
2,1,1,0
2,1,1,0
2,1,1,0
2,1,1,0
2,1,1,0
2,1,1,0
2,1,1,0
2,1,1,0
2,1,1,0
2,1,1,0
2,1,1,0
2,1,1,0
Light Source Color - RED	 , 28/03/2024,10:03:12
3,1,1,0
3,188,11,21
3,187,11,21
3,186,11,21
3,186,11,21
3,186,11,21
3,186,11,21
3,186,11,21
3,186,11,21
3,186,11,21
3,186,11,21
3,186,11,21
3,186,11,21
3,185,11,21
3,185,11,21
3,185,11,21
3,185,11,21
3,185,11,21
Light Source Color - OFF	 , 28/03/2024,10:03:24
4,185,11,21
4,1,1,0
4,1,1,0
4,1,1,0
4,1,1,0
4,1,1,0
4,1,1,0
4,1,1,0
4,1,1,0
4,1,1,0
4,1,1,0
4,1,1,0
4,1,1,0
4,1,1,0
4,1,1,0
4,1,1,0
4,1,1,0
4,1,1,0
Light Source Color - GREEN	 , 28/03/2024,10:03:37
5,6,39,15
5,26,190,72
5,26,190,72
5,26,190,71
5,26,190,71
5,26,190,71
5,26,190,71
5,26,189,71
5,26,189,71
5,26,189,71
5,26,189,71
5,26,189,71
5,26,189,71
5,26,189,71
5,26,189,71
5,26,189,71
5,26,189,71
5,26,189,71
Light Source Color - OFF	 , 28/03/2024,10:03:49
6,26,189,71
6,1,1,0
6,1,1,0
6,1,1,0
6,1,1,0
6,1,1,0
6,1,1,0
6,1,1,0
6,1,1,0
6,1,1,0
6,1,1,0
6,1,1,0
6,1,1,0
6,1,1,0
6,1,1,0
6,1,1,0
6,1,1,0
6,1,1,0
Light Source Color - BLUE	 , 28/03/2024,10:04:02
7,1,1,0
7,4,79,255
7,4,79,255
7,4,79,255
7,4,79,255
7,4,79,255
7,4,79,255
7,4,79,255
7,4,79,255
7,4,79,255
7,4,79,255
7,4,79,255
7,4,79,255
7,4,79,255
7,4,79,255
7,4,79,255
7,4,79,255
7,4,79,255
Light Source Color - OFF	 , 28/03/2024,10:04:14
8,4,79,255
8,1,1,0
8,1,1,0
8,1,1,0
8,1,1,0
8,1,1,0
8,1,1,0
8,1,1,0
8,1,1,0
8,1,1,0
8,1,1,0
8,1,1,0
8,1,1,0
8,1,1,0
8,1,1,0
8,1,1,0
8,1,1,0
8,1,1,0
Light Source Color - WHITE	 , 28/03/2024,10:04:26
9,29,37,47
9,212,255,255
9,210,255,255
9,209,255,255
9,209,255,255
9,208,255,255
9,208,255,255
9,208,255,255
9,207,255,255
9,207,255,255
9,207,255,255
9,207,255,255
9,207,255,255
9,206,255,255
9,206,255,255
9,206,255,255
9,206,255,255
9,206,255,255
Light Source Color - OFF	 , 28/03/2024,10:04:39
10,206,255,255
10,1,1,0
10,1,1,0
10,1,1,0
10,1,1,0
10,1,1,0
10,1,1,0
10,1,1,0
10,1,1,0
10,1,1,0
10,1,1,0
10,1,1,0
10,1,1,0
10,1,1,0
10,1,1,0
10,1,1,0
10,1,1,0
10,1,1,0
Light Source Color - RED	 , 28/03/2024,10:04:51
11,1,1,0
11,185,11,21
11,185,11,21
11,184,11,21
11,184,11,21
11,184,11,21
11,184,11,21
11,184,11,21
11,184,11,21
11,184,11,21
11,184,11,21
11,184,11,21
11,184,11,21
11,184,11,21
11,184,11,21
11,184,11,21
11,184,11,21
11,184,11,21
Light Source Color - OFF	 , 28/03/2024,10:05:04
12,183,11,21
12,1,1,0
12,1,1,0
12,1,1,0
12,1,1,0
12,1,1,0
12,1,1,0
12,1,1,0
12,1,1,0
12,1,1,0
12,1,1,0
12,1,1,0
12,1,1,0
12,1,1,0
12,1,1,0
12,1,1,0
12,1,1,0
12,1,1,0
Light Source Color - GREEN	 , 28/03/2024,10:05:16
13,1,1,0
13,26,190,71
13,26,189,71
13,26,189,71
13,26,189,71
13,26,189,71
13,26,189,71
13,26,189,71
13,26,189,71
13,26,189,71
13,26,189,71
13,26,189,71
13,26,189,71
13,26,189,71
13,26,189,71
13,25,188,71
13,25,188,71
13,25,188,71
Light Source Color - OFF	 , 28/03/2024,10:05:28
14,21,156,59
14,1,1,0
14,1,1,0
14,1,1,0
14,1,1,0
14,1,1,0
14,1,1,0
14,1,1,0
14,1,1,0
14,1,1,0
14,1,1,0
14,1,1,0
14,1,1,0
14,1,1,0
14,1,1,0
14,1,1,0
14,1,1,0
14,1,1,0
Light Source Color - BLUE	 , 28/03/2024,10:05:41
15,1,1,0
15,4,79,255
15,4,79,255
15,4,79,255
15,4,79,255
15,4,79,255
15,4,79,255
15,4,79,255
15,4,79,255
15,4,79,255
15,4,79,255
15,4,79,255
15,4,79,255
15,4,79,255
15,4,79,255
15,4,79,255
15,4,79,255
15,4,79,255
Light Source Color - OFF	 , 28/03/2024,10:05:53
