npk_N_1.0mgL_3  :  ปริมาณ 1.0 มิลลิกรัมต่อลิตร  npk_detector_TSCRGB2024 
Light Source Color - OFF
N,P,K
0, 229,310,370
0, 230,311,372
0, 230,311,372
0, 199,277,337
0, 209,288,346
0, 209,287,342
0, 190,266,311
0, 200,278,338
0, 215,296,360
0, 216,296,360
npk_N_1.0mgL_3
Light Source Color - WHITE	 , 30/03/2024,15:37:35
1, 179,250,290
1, 1150,1053,862
1, 1305,1153,872
1, 1392,1208,875
1, 1037,961,710
1, 1096,1019,851
1, 1138,1044,843
1, 1037,978,829
1, 1082,1009,844
1, 1142,1047,843
1, 1277,1133,849
npk_N_1.0mgL_3
Light Source Color - OFF	 , 30/03/2024,15:37:48
2, 1132,1042,846
2, 81,141,171
2, 81,141,171
2, 81,141,171
2, 81,141,171
2, 81,141,171
2, 81,141,171
2, 81,141,171
2, 81,141,171
2, 81,141,171
2, 81,141,171
npk_N_1.0mgL_3
Light Source Color - RED	 , 30/03/2024,15:38:00
3, 81,141,171
3, 145,172,789
3, 144,172,786
3, 144,172,785
