Soil_16  :  soil npk_detector_TSCRGB2024
Light Source Color - OFF
N,P,K
0, 80,140,171
0, 80,140,171
0, 80,140,171
0, 80,140,171
0, 80,140,171
0, 80,140,171
0, 80,140,171
0, 80,140,171
0, 80,140,171
0, 80,140,171
Soil_16
Light Source Color - WHITE	 , 30/03/2024,17:27:54
1, 80,140,171
1, 2790,2555,2205
1, 2786,2553,2189
1, 2783,2552,2180
1, 2785,2554,2177
1, 2783,2553,2171
1, 2781,2552,2165
1, 2780,2552,2160
1, 2779,2551,2156
1, 2777,2550,2152
1, 2779,2551,2150
Soil_16
Light Source Color - OFF	 , 30/03/2024,17:28:06
2, 2778,2551,2146
2, 80,140,171
2, 80,140,171
2, 80,140,171
2, 80,140,171
2, 80,140,171
2, 80,140,171
2, 80,140,171
2, 80,140,171
2, 80,140,171
2, 80,140,171
Soil_16
Light Source Color - RED	 , 30/03/2024,17:28:18
3, 80,140,171
3, 262,229,1945
3, 262,229,1942
3, 261,229,1939
3, 261,228,1937
3, 261,228,1935
3, 261,228,1934
3, 261,228,1932
3, 261,228,1932
3, 261,228,1931
3, 261,228,1930
Soil_16
Light Source Color - OFF	 , 30/03/2024,17:28:30
4, 261,228,1930
4, 80,140,171
4, 80,140,171
4, 80,140,171
4, 80,140,171
4, 80,140,171
4, 80,140,171
4, 80,140,171
4, 80,140,171
4, 80,140,171
4, 80,140,171
Soil_16
Light Source Color - GREEN	 , 30/03/2024,17:28:42
5, 80,140,171
5, 717,1942,420
5, 717,1941,420
5, 716,1940,420
5, 716,1940,420
5, 716,1940,420
5, 716,1940,420
5, 716,1940,420
5, 716,1939,420
5, 716,1939,420
5, 716,1939,420
Soil_16
Light Source Color - OFF	 , 30/03/2024,17:28:54
6, 715,1939,420
6, 98,191,178
6, 80,140,171
6, 80,140,171
6, 80,140,171
6, 80,140,171
6, 80,140,171
6, 80,140,171
6, 80,140,171
6, 80,140,171
6, 80,140,171
Soil_16
Light Source Color - BLUE	 , 30/03/2024,17:29:06
7, 80,140,171
7, 2229,831,198
7, 2229,831,198
7, 2230,832,198
7, 2230,832,198
7, 2230,832,198
7, 2229,831,198
7, 2228,831,198
7, 2227,831,198
7, 2230,832,198
7, 2229,832,198
Soil_16
Light Source Color - OFF	 , 30/03/2024,17:29:18
8, 2229,831,198
8, 80,140,171
8, 80,140,171
8, 80,140,171
8, 80,140,171
8, 80,140,171
8, 80,140,171
8, 80,140,171
8, 80,140,171
8, 80,140,171
8, 80,140,171
Soil_16
Light Source Color - WHITE	 , 30/03/2024,17:29:30
9, 80,140,171
9, 2794,2558,2203
9, 2787,2554,2183
9, 2784,2553,2173
9, 2783,2552,2165
9, 2780,2551,2159
9, 2779,2551,2154
9, 2772,2546,2152
9, 2771,2546,2147
9, 2770,2545,2143
9, 2769,2545,2139
Soil_16
Light Source Color - OFF	 , 30/03/2024,17:29:42
10, 2768,2545,2135
10, 80,140,171
10, 80,140,171
10, 80,140,171
10, 80,140,171
10, 80,140,171
10, 80,140,171
10, 80,140,171
10, 80,140,171
10, 80,140,171
10, 80,140,171
Soil_16
Light Source Color - RED	 , 30/03/2024,17:29:54
11, 80,140,171
11, 261,229,1938
11, 261,228,1932
11, 261,228,1929
11, 260,228,1927
11, 260,228,1926
11, 260,228,1925
11, 260,228,1924
11, 260,228,1923
11, 260,228,1922
11, 260,228,1921
Soil_16
Light Source Color - OFF	 , 30/03/2024,17:30:07
12, 253,224,1858
12, 80,140,171
12, 80,140,171
12, 80,140,171
12, 80,140,171
12, 80,140,171
12, 80,140,171
12, 80,140,171
12, 80,140,171
12, 80,140,171
12, 80,140,171
Soil_16
Light Source Color - GREEN	 , 30/03/2024,17:30:19
13, 80,140,171
13, 716,1939,420
13, 716,1939,420
13, 716,1938,420
13, 715,1938,420
13, 715,1938,420
13, 715,1937,420
13, 715,1937,420
13, 714,1936,420
13, 715,1937,420
13, 715,1937,420
Soil_16
Light Source Color - OFF	 , 30/03/2024,17:30:31
14, 715,1937,420
14, 80,140,171
14, 80,140,171
14, 80,140,171
14, 80,140,171
14, 80,140,171
14, 80,140,171
14, 80,140,171
14, 80,140,171
14, 80,140,171
14, 80,140,171
Soil_16
Light Source Color - BLUE	 , 30/03/2024,17:30:43
15, 80,140,171
15, 2228,830,198
15, 2227,831,198
15, 2226,831,198
15, 2225,830,198
15, 2225,830,198
15, 2226,831,198
15, 2227,831,198
15, 2226,831,198
15, 2226,831,198
15, 2226,831,198
Soil_16
Light Source Color - OFF	 , 30/03/2024,17:30:55
