Soil_9  :  soil npk_detector_TSCRGB2024
Light Source Color - OFF
N,P,K
0, 80,140,171
0, 80,140,171
0, 80,140,171
0, 80,140,171
0, 80,140,171
0, 80,140,171
0, 80,140,171
0, 80,140,171
0, 80,140,171
0, 80,140,171
Soil_9
Light Source Color - WHITE	 , 30/03/2024,16:24:04
1, 80,140,171
1, 2937,2663,2339
1, 2926,2657,2322
1, 2929,2660,2317
1, 2929,2661,2308
1, 2928,2660,2301
1, 2921,2656,2294
1, 2919,2655,2289
1, 2920,2656,2284
1, 2921,2657,2279
1, 2924,2659,2277
Soil_9
Light Source Color - OFF	 , 30/03/2024,16:24:17
2, 2924,2660,2272
2, 80,140,171
2, 80,140,171
2, 80,140,171
2, 80,140,171
2, 80,140,171
2, 80,140,171
2, 80,140,171
2, 80,140,171
2, 80,140,171
2, 80,140,171
Soil_9
Light Source Color - RED	 , 30/03/2024,16:24:29
3, 81,140,181
3, 274,235,2063
3, 273,234,2054
3, 273,234,2051
3, 273,234,2048
3, 273,234,2046
3, 272,234,2045
3, 273,234,2044
3, 272,234,2043
3, 272,234,2041
3, 272,234,2040
Soil_9
Light Source Color - OFF	 , 30/03/2024,16:24:41
4, 272,234,2039
4, 80,140,171
4, 80,140,171
4, 80,140,171
4, 80,140,171
4, 80,140,171
4, 80,140,171
4, 80,140,171
4, 80,140,171
4, 80,140,171
4, 80,140,171
Soil_9
Light Source Color - GREEN	 , 30/03/2024,16:24:53
5, 80,140,171
5, 734,1984,426
5, 733,1983,426
5, 733,1982,426
5, 733,1983,426
5, 733,1982,426
5, 733,1982,426
5, 733,1981,426
5, 732,1981,426
5, 732,1981,426
5, 733,1981,426
Soil_9
Light Source Color - OFF	 , 30/03/2024,16:25:05
6, 732,1981,426
6, 80,140,171
6, 80,140,171
6, 80,140,171
6, 80,140,171
6, 80,140,171
6, 80,140,171
6, 80,140,171
6, 80,140,171
6, 80,140,171
6, 80,140,171
Soil_9
Light Source Color - BLUE	 , 30/03/2024,16:25:17
7, 80,140,171
7, 2285,847,199
7, 2284,848,199
7, 2283,848,199
7, 2282,847,199
7, 2282,847,199
7, 2283,848,199
7, 2283,848,199
7, 2283,848,199
7, 2283,848,199
7, 2282,848,199
Soil_9
Light Source Color - OFF	 , 30/03/2024,16:25:29
8, 2281,847,199
8, 80,140,170
8, 80,140,171
8, 80,140,171
8, 80,140,171
8, 80,140,171
8, 80,140,171
8, 80,140,171
8, 80,140,171
8, 80,140,171
8, 80,140,171
Soil_9
Light Source Color - WHITE	 , 30/03/2024,16:25:41
9, 80,140,171
9, 2926,2659,2303
9, 2922,2657,2287
9, 2923,2658,2281
9, 2921,2657,2273
9, 2919,2656,2266
9, 2917,2655,2260
9, 2915,2654,2255
9, 2914,2654,2250
9, 2912,2653,2245
9, 2914,2655,2243
Soil_9
Light Source Color - OFF	 , 30/03/2024,16:25:53
10, 2912,2653,2239
10, 80,140,170
10, 80,140,170
10, 80,140,170
10, 80,140,170
10, 80,140,171
10, 80,140,171
10, 80,140,171
10, 80,140,171
10, 80,140,171
10, 80,140,171
Soil_9
Light Source Color - RED	 , 30/03/2024,16:26:05
11, 83,141,201
11, 272,233,2034
11, 271,233,2026
11, 271,233,2022
11, 271,233,2020
11, 270,232,2018
11, 270,232,2017
11, 270,232,2017
11, 270,232,2015
11, 270,232,2014
11, 270,232,2013
Soil_9
Light Source Color - OFF	 , 30/03/2024,16:26:17
12, 270,232,2012
12, 80,140,170
12, 80,140,171
12, 80,140,170
12, 80,140,170
12, 80,140,170
12, 80,140,170
12, 80,140,170
12, 80,140,171
12, 80,140,171
12, 80,140,171
Soil_9
Light Source Color - GREEN	 , 30/03/2024,16:26:29
13, 80,140,171
13, 732,1980,426
13, 731,1978,426
13, 731,1979,426
13, 731,1978,426
13, 731,1978,426
13, 730,1978,426
13, 730,1976,426
13, 729,1975,426
13, 730,1976,426
13, 729,1975,426
Soil_9
Light Source Color - OFF	 , 30/03/2024,16:26:41
14, 729,1975,426
14, 80,140,170
14, 80,140,170
14, 80,140,170
14, 80,140,170
14, 80,140,171
14, 80,140,171
14, 80,140,171
14, 80,140,171
14, 80,140,170
14, 80,140,170
Soil_9
Light Source Color - BLUE	 , 30/03/2024,16:26:53
15, 80,140,171
15, 2279,847,199
15, 2277,847,199
15, 2277,847,199
15, 2276,847,199
15, 2276,847,199
15, 2278,847,199
15, 2277,847,199
15, 2276,847,199
15, 2276,847,199
15, 2275,847,199
Soil_9
Light Source Color - OFF	 , 30/03/2024,16:27:05
