Soil_1  :  soil npk_detector_TSCRGB2024
Light Source Color - OFF
N,P,K
0, 82,142,172
0, 81,142,172
0, 81,142,172
0, 81,142,172
0, 81,142,172
0, 81,142,172
0, 81,142,172
0, 81,142,172
0, 81,142,172
0, 81,142,172
Soil_1
Light Source Color - WHITE	 , 30/03/2024,15:41:27
1, 81,142,172
1, 1482,1267,895
1, 1323,1167,881
1, 1404,1219,884
1, 1454,1251,885
1, 1451,1249,882
1, 1447,1246,880
1, 1433,1237,876
1, 1417,1226,872
1, 1410,1220,867
1, 1457,1253,876
Soil_1
Light Source Color - OFF	 , 30/03/2024,15:41:39
2, 1455,1252,874
2, 81,142,172
2, 81,142,172
2, 81,142,172
2, 81,142,171
2, 81,142,172
2, 81,142,172
2, 81,142,172
2, 81,142,172
2, 81,142,172
2, 81,142,172
Soil_1
Light Source Color - RED	 , 30/03/2024,15:41:51
3, 81,142,171
3, 143,171,768
3, 144,172,778
3, 144,172,777
3, 144,172,776
3, 144,172,776
3, 144,172,775
3, 144,172,775
3, 144,172,774
3, 144,172,774
3, 144,172,774
Soil_1
Light Source Color - OFF	 , 30/03/2024,15:42:03
4, 144,172,773
4, 81,142,171
4, 81,142,172
4, 81,142,172
4, 81,142,172
4, 81,142,172
4, 81,142,171
4, 81,142,171
4, 81,142,172
4, 81,142,172
4, 81,142,172
Soil_1
Light Source Color - GREEN	 , 30/03/2024,15:42:15
5, 81,142,172
5, 373,926,273
5, 373,925,273
5, 373,925,273
5, 373,925,273
5, 373,925,273
5, 373,925,273
5, 372,924,273
5, 372,924,273
5, 372,924,273
5, 372,924,273
Soil_1
Light Source Color - OFF	 , 30/03/2024,15:42:27
6, 372,924,273
6, 81,142,172
6, 81,142,172
6, 81,142,171
6, 81,142,171
6, 81,142,171
6, 81,142,172
6, 81,142,172
6, 81,142,171
6, 81,142,171
6, 81,142,171
Soil_1
Light Source Color - BLUE	 , 30/03/2024,15:42:39
7, 81,142,171
7, 1092,460,184
7, 1168,484,185
7, 1119,470,184
7, 1197,493,185
7, 1198,494,185
7, 1196,493,185
7, 1197,493,185
7, 1197,493,185
7, 1198,494,185
7, 1198,494,185
Soil_1
Light Source Color - OFF	 , 30/03/2024,15:42:51
8, 1196,493,185
8, 81,142,171
8, 81,142,172
8, 81,142,172
8, 81,142,172
8, 81,142,171
8, 81,142,171
8, 81,142,171
8, 81,142,171
8, 81,142,171
8, 81,142,171
Soil_1
Light Source Color - WHITE	 , 30/03/2024,15:43:03
9, 81,142,171
9, 1452,1249,880
9, 1442,1243,872
9, 1427,1233,867
9, 1445,1245,869
9, 1433,1237,865
9, 1415,1224,859
9, 1393,1210,855
9, 1387,1204,851
9, 1371,1193,845
9, 1332,1168,842
Soil_1
Light Source Color - OFF	 , 30/03/2024,15:43:15
10, 1367,1193,847
10, 81,142,171
10, 81,142,171
10, 81,142,171
10, 81,142,171
10, 81,142,171
10, 81,142,171
10, 81,142,171
10, 81,142,171
10, 81,142,171
10, 81,142,171
Soil_1
Light Source Color - RED	 , 30/03/2024,15:43:27
11, 81,142,171
11, 144,171,768
11, 144,171,767
11, 143,171,766
11, 143,171,765
11, 143,171,764
11, 143,171,764
11, 143,171,763
11, 143,171,763
11, 143,171,763
11, 143,171,763
Soil_1
Light Source Color - OFF	 , 30/03/2024,15:43:39
12, 143,171,762
12, 81,142,171
12, 81,142,171
12, 81,142,172
12, 81,142,171
12, 81,142,171
12, 81,142,171
12, 81,142,171
12, 81,142,171
12, 81,142,172
12, 81,142,172
Soil_1
Light Source Color - GREEN	 , 30/03/2024,15:43:51
13, 81,142,171
13, 372,924,273
13, 372,923,273
13, 371,922,273
13, 371,922,273
13, 371,922,273
13, 371,922,273
13, 371,922,273
13, 371,922,273
13, 371,921,273
13, 371,921,273
Soil_1
Light Source Color - OFF	 , 30/03/2024,15:44:03
14, 371,921,273
14, 81,142,172
14, 81,142,171
14, 81,142,171
14, 81,142,171
14, 81,142,171
14, 81,142,171
14, 81,142,171
14, 81,142,171
14, 81,142,171
14, 81,142,171
Soil_1
Light Source Color - BLUE	 , 30/03/2024,15:44:15
15, 81,142,171
15, 1189,491,185
15, 1190,492,185
15, 1194,493,185
15, 1190,492,185
15, 1192,492,185
15, 83,144,173
15, 81,142,171
15, 81,142,171
15, 81,142,171
15, 81,142,171
Soil_1
Light Source Color - OFF	 , 30/03/2024,15:44:27
