Soil_17  :  soil npk_detector_TSCRGB2024
Light Source Color - OFF
N,P,K
0, 106,209,180
0, 106,209,180
0, 106,209,180
0, 106,209,180
0, 106,209,180
0, 106,209,180
0, 106,209,180
0, 106,209,180
0, 106,209,180
0, 106,209,180
Soil_17
Light Source Color - WHITE	 , 30/03/2024,17:31:16
1, 106,209,180
1, 2785,2551,2195
1, 2780,2550,2178
1, 2778,2548,2169
1, 2776,2548,2162
1, 2778,2550,2159
1, 2776,2548,2154
1, 2774,2547,2149
1, 2773,2547,2144
1, 2771,2546,2140
1, 2769,2545,2136
Soil_17
Light Source Color - OFF	 , 30/03/2024,17:31:28
2, 2726,2506,2101
2, 80,140,171
2, 80,140,171
2, 80,140,171
2, 80,140,171
2, 80,140,171
2, 80,140,171
2, 80,140,171
2, 80,140,171
2, 80,140,171
2, 80,140,171
Soil_17
Light Source Color - RED	 , 30/03/2024,17:31:40
3, 80,140,171
3, 261,228,1934
3, 260,228,1928
3, 260,228,1927
3, 260,228,1925
3, 260,228,1923
3, 260,228,1922
3, 260,228,1921
3, 260,227,1920
3, 260,228,1920
3, 260,227,1919
Soil_17
Light Source Color - OFF	 , 30/03/2024,17:31:52
4, 260,227,1918
4, 80,140,171
4, 80,140,171
4, 80,140,171
4, 80,140,171
4, 80,140,171
4, 80,140,171
4, 80,140,171
4, 80,140,171
4, 80,140,171
4, 80,140,171
Soil_17
Light Source Color - GREEN	 , 30/03/2024,17:32:04
5, 80,140,171
5, 716,1939,420
5, 716,1938,420
5, 715,1937,420
5, 715,1936,420
5, 715,1936,420
5, 715,1937,420
5, 715,1936,420
5, 715,1936,420
5, 714,1936,420
5, 714,1935,420
Soil_17
Light Source Color - OFF	 , 30/03/2024,17:32:16
6, 714,1935,420
6, 80,140,170
6, 80,140,171
6, 80,140,171
6, 80,140,171
6, 80,140,171
6, 80,140,171
6, 80,140,171
6, 80,140,171
6, 80,140,171
6, 80,140,171
Soil_17
Light Source Color - BLUE	 , 30/03/2024,17:32:28
7, 80,140,171
7, 2226,830,198
7, 2225,830,198
7, 2225,830,198
7, 2227,831,198
7, 2226,831,198
7, 2226,831,198
7, 2225,831,198
7, 2225,831,198
7, 2224,830,198
7, 2226,831,198
Soil_17
Light Source Color - OFF	 , 30/03/2024,17:32:40
8, 2226,831,198
8, 80,140,170
8, 80,140,170
8, 80,140,171
8, 80,140,170
8, 80,140,170
8, 80,140,171
8, 80,140,171
8, 80,140,171
8, 80,140,171
8, 80,140,170
Soil_17
Light Source Color - WHITE	 , 30/03/2024,17:32:52
9, 80,140,170
9, 2624,2407,2073
9, 2780,2550,2172
9, 2778,2549,2162
9, 2776,2548,2154
9, 2774,2547,2148
9, 2772,2546,2143
9, 2770,2544,2138
9, 2772,2546,2136
9, 2771,2546,2132
9, 2769,2545,2128
Soil_17
Light Source Color - OFF	 , 30/03/2024,17:33:04
10, 2767,2544,2124
10, 80,140,170
10, 80,140,170
10, 80,140,170
10, 80,140,170
10, 80,140,170
10, 80,140,170
10, 80,140,170
10, 80,140,170
10, 80,140,170
10, 80,140,171
Soil_17
Light Source Color - RED	 , 30/03/2024,17:33:17
11, 80,140,171
11, 261,228,1928
11, 260,228,1921
11, 260,227,1918
11, 260,227,1916
11, 259,227,1914
11, 260,227,1914
11, 259,227,1913
11, 259,227,1912
11, 259,227,1911
11, 259,227,1910
Soil_17
Light Source Color - OFF	 , 30/03/2024,17:33:29
12, 259,227,1909
12, 99,149,351
12, 80,140,170
12, 80,140,170
12, 80,140,170
12, 80,140,170
12, 80,140,170
12, 80,140,170
12, 80,140,171
12, 80,140,170
12, 80,140,170
Soil_17
Light Source Color - GREEN	 , 30/03/2024,17:33:41
13, 80,140,170
13, 713,1933,419
13, 713,1932,419
13, 713,1932,419
13, 713,1932,419
13, 713,1931,419
13, 712,1931,419
13, 712,1931,419
13, 712,1930,419
13, 712,1930,419
13, 712,1931,419
Soil_17
Light Source Color - OFF	 , 30/03/2024,17:33:53
14, 712,1931,419
14, 80,140,170
14, 80,140,170
14, 80,140,170
14, 80,140,170
14, 80,140,170
14, 80,140,170
14, 80,140,170
14, 80,140,170
14, 80,140,170
14, 80,140,170
Soil_17
Light Source Color - BLUE	 , 30/03/2024,17:34:05
15, 80,140,170
15, 2211,826,198
15, 2219,829,198
