Soil_13  :  soil npk_detector_TSCRGB2024
Light Source Color - OFF
N,P,K
0, 107,212,182
0, 107,212,182
0, 107,212,182
0, 107,212,182
0, 107,212,182
0, 107,212,182
0, 107,212,182
0, 107,212,182
0, 107,212,182
0, 107,212,182
Soil_13
Light Source Color - WHITE	 , 30/03/2024,16:42:33
1, 107,212,182
1, 2870,2603,2314
1, 2870,2605,2297
1, 2869,2606,2287
1, 2868,2606,2280
1, 2871,2608,2277
1, 2866,2605,2270
1, 2850,2594,2264
1, 2851,2596,2258
1, 2853,2597,2254
1, 2853,2597,2249
Soil_13
Light Source Color - OFF	 , 30/03/2024,16:42:45
2, 2849,2595,2244
2, 154,207,228
2, 80,141,172
2, 80,141,172
2, 80,141,172
2, 80,141,172
2, 80,141,172
2, 80,141,172
2, 80,141,172
2, 80,141,172
2, 80,141,172
Soil_13
Light Source Color - RED	 , 30/03/2024,16:42:57
3, 80,141,172
3, 268,234,2035
3, 268,234,2029
3, 268,234,2027
3, 268,233,2024
3, 268,233,2022
3, 267,233,2020
3, 267,233,2018
3, 267,233,2017
3, 267,233,2016
3, 267,233,2015
Soil_13
Light Source Color - OFF	 , 30/03/2024,16:43:09
4, 267,233,2013
4, 80,141,172
4, 80,141,172
4, 80,141,172
4, 80,141,172
4, 80,141,172
4, 80,141,172
4, 80,141,172
4, 80,141,172
4, 80,141,172
4, 80,141,172
Soil_13
Light Source Color - GREEN	 , 30/03/2024,16:43:21
5, 89,164,175
5, 727,1962,421
5, 727,1961,422
5, 726,1961,422
5, 726,1960,422
5, 726,1960,422
5, 726,1959,421
5, 726,1960,422
5, 726,1959,422
5, 725,1959,422
5, 725,1959,422
Soil_13
Light Source Color - OFF	 , 30/03/2024,16:43:33
6, 725,1959,422
6, 80,141,172
6, 80,141,172
6, 80,141,172
6, 80,141,172
6, 80,141,172
6, 80,141,172
6, 80,141,172
6, 80,141,172
6, 80,141,172
6, 80,141,172
Soil_13
Light Source Color - BLUE	 , 30/03/2024,16:43:45
7, 80,141,172
7, 2253,834,200
7, 2252,834,200
7, 2252,834,200
7, 2251,834,199
7, 2254,835,200
7, 2253,835,200
7, 2253,835,200
7, 2252,835,200
7, 2252,834,200
7, 2250,834,199
Soil_13
Light Source Color - OFF	 , 30/03/2024,16:43:57
8, 2253,835,200
8, 80,141,172
8, 80,141,172
8, 80,141,172
8, 80,141,172
8, 80,141,172
8, 80,141,172
8, 80,141,172
8, 80,141,172
8, 80,141,172
8, 80,141,172
Soil_13
Light Source Color - WHITE	 , 30/03/2024,16:44:10
9, 80,141,172
9, 2845,2591,2255
9, 2836,2586,2246
9, 2845,2593,2236
9, 2846,2594,2229
9, 2845,2594,2222
9, 2844,2594,2216
9, 2836,2588,2211
9, 2834,2587,2206
9, 2831,2586,2201
9, 2833,2587,2200
Soil_13
Light Source Color - OFF	 , 30/03/2024,16:44:22
10, 2834,2588,2196
10, 80,140,172
10, 80,141,172
10, 80,140,172
10, 80,140,172
10, 80,141,172
10, 80,141,172
10, 80,141,172
10, 80,141,172
10, 80,141,172
10, 80,141,172
Soil_13
Light Source Color - RED	 , 30/03/2024,16:44:34
11, 80,141,172
11, 255,227,1888
11, 265,231,1985
11, 265,231,1982
11, 264,231,1979
11, 264,231,1977
11, 264,231,1976
11, 264,231,1975
11, 264,231,1974
11, 264,231,1973
11, 264,231,1972
Soil_13
Light Source Color - OFF	 , 30/03/2024,16:44:46
12, 264,231,1971
12, 80,140,172
12, 80,140,172
12, 80,141,172
12, 80,141,172
12, 80,141,172
12, 80,141,172
12, 80,141,172
12, 80,140,172
12, 80,141,172
12, 80,141,172
Soil_13
Light Source Color - GREEN	 , 30/03/2024,16:44:58
13, 80,141,172
13, 716,1938,419
13, 715,1938,419
13, 715,1937,419
13, 715,1937,419
13, 715,1938,420
13, 715,1938,420
13, 715,1937,420
