Soil_20  :  soil npk_detector_TSCRGB2024
Light Source Color - OFF
N,P,K
0, 106,208,180
0, 106,208,180
0, 106,208,180
0, 106,208,180
0, 106,208,180
0, 106,208,180
0, 106,208,180
0, 106,208,180
0, 106,208,180
0, 106,208,180
Soil_20
Light Source Color - WHITE	 , 30/03/2024,17:38:20
1, 106,208,180
1, 2665,2470,2148
1, 2669,2474,2133
1, 2671,2476,2125
1, 2671,2476,2118
1, 2673,2478,2116
1, 2673,2478,2111
1, 2671,2477,2107
1, 2670,2476,2102
1, 2670,2477,2099
1, 2669,2476,2095
Soil_20
Light Source Color - OFF	 , 30/03/2024,17:38:32
2, 2668,2476,2091
2, 251,294,297
2, 80,140,170
2, 80,140,170
2, 80,140,170
2, 80,140,170
2, 80,140,170
2, 80,140,170
2, 80,140,170
2, 80,140,170
2, 80,140,170
Soil_20
Light Source Color - RED	 , 30/03/2024,17:38:44
3, 80,140,170
3, 259,226,1902
3, 258,226,1896
3, 258,226,1894
3, 258,226,1893
3, 258,226,1891
3, 258,226,1890
3, 258,226,1889
3, 258,226,1888
3, 257,226,1888
3, 258,226,1888
Soil_20
Light Source Color - OFF	 , 30/03/2024,17:38:56
4, 257,226,1887
4, 80,140,170
4, 80,140,170
4, 80,140,170
4, 80,140,170
4, 80,140,170
