Soil_15  :  soil npk_detector_TSCRGB2024
Light Source Color - OFF
N,P,K
0, 106,210,181
0, 106,210,181
0, 106,210,181
0, 106,210,181
0, 106,210,181
0, 106,210,181
0, 106,210,181
0, 106,210,181
0, 106,210,181
0, 106,210,181
Soil_15
Light Source Color - WHITE	 , 30/03/2024,17:27:18
1, 106,210,181
1, 2777,2545,2224
1, 2782,2550,2208
1, 2783,2551,2199
1, 2782,2551,2192
1, 2785,2553,2189
1, 2784,2553,2183
1, 2783,2552,2178
1, 2781,2551,2174
1, 2780,2551,2169
1, 2779,2550,2165
Soil_15
Light Source Color - OFF	 , 30/03/2024,17:27:30
2, 2745,2521,2137
2, 80,140,171
2, 80,140,171
2, 80,140,171
2, 80,140,171
2, 80,140,171
