Soil_10  :  soil npk_detector_TSCRGB2024
Light Source Color - OFF
N,P,K
0, 80,140,171
0, 80,140,171
0, 80,140,171
0, 80,140,171
0, 80,140,171
0, 80,140,171
0, 80,140,171
0, 80,140,171
0, 80,140,171
0, 80,140,171
Soil_10
Light Source Color - WHITE	 , 30/03/2024,16:33:52
1, 80,140,171
1, 2934,2659,2370
1, 2930,2658,2353
1, 2932,2659,2348
1, 2931,2659,2339
1, 2929,2658,2332
1, 2927,2657,2325
1, 2925,2657,2319
1, 2924,2656,2314
1, 2922,2656,2309
1, 2924,2657,2306
Soil_10
Light Source Color - OFF	 , 30/03/2024,16:34:05
2, 2923,2657,2302
2, 80,140,170
2, 80,140,171
2, 80,140,171
2, 80,140,171
2, 80,140,171
2, 80,140,171
2, 80,140,171
2, 80,140,171
2, 80,140,171
2, 80,140,171
Soil_10
Light Source Color - RED	 , 30/03/2024,16:34:17
3, 80,140,171
3, 255,226,1890
3, 275,236,2082
3, 275,235,2078
3, 275,235,2075
3, 274,235,2073
3, 274,235,2071
3, 274,235,2069
3, 274,235,2069
3, 274,235,2067
3, 274,235,2066
Soil_10
Light Source Color - OFF	 , 30/03/2024,16:34:29
4, 274,235,2065
4, 80,140,171
4, 80,140,171
4, 80,140,171
4, 80,140,171
4, 80,140,171
4, 80,140,171
4, 80,140,171
4, 80,140,171
4, 80,140,171
4, 80,140,171
Soil_10
Light Source Color - GREEN	 , 30/03/2024,16:34:41
5, 80,140,171
5, 736,1987,425
5, 735,1986,426
5, 735,1985,426
5, 734,1984,425
5, 735,1985,426
5, 734,1985,426
5, 734,1984,426
5, 734,1984,426
5, 734,1983,426
5, 733,1983,426
Soil_10
Light Source Color - OFF	 , 30/03/2024,16:34:53
6, 702,1894,413
6, 80,140,171
6, 80,140,171
6, 80,140,171
6, 80,140,171
6, 80,140,170
6, 80,140,170
6, 80,140,171
6, 80,140,171
6, 80,140,171
6, 80,140,171
Soil_10
Light Source Color - BLUE	 , 30/03/2024,16:35:05
7, 80,140,171
7, 2282,845,199
7, 2284,846,199
7, 2283,846,199
7, 2283,846,199
7, 2282,846,199
7, 2281,846,199
7, 2280,846,199
7, 2280,845,199
7, 2282,846,199
7, 2282,846,199
Soil_10
Light Source Color - OFF	 , 30/03/2024,16:35:17
8, 2281,846,199
8, 80,140,170
8, 80,140,170
8, 80,140,170
8, 80,140,171
8, 80,140,171
8, 80,140,171
8, 80,140,171
