Soil_22  :  soil npk_detector_TSCRGB2024
Light Source Color - OFF
N,P,K
0, 80,140,170
0, 80,140,170
0, 80,140,170
0, 80,140,170
0, 80,140,170
0, 80,140,170
0, 80,139,170
0, 80,140,170
0, 80,140,170
0, 80,140,170
Soil_22
Light Source Color - WHITE	 , 30/03/2024,17:39:53
1, 80,140,170
1, 2696,2492,2141
1, 2698,2494,2126
1, 2699,2495,2118
1, 2701,2497,2115
1, 2700,2497,2109
1, 2699,2496,2104
1, 2697,2495,2099
1, 2636,2453,2091
1, 2679,2483,2091
1, 2683,2486,2087
Soil_22
Light Source Color - OFF	 , 30/03/2024,17:40:05
2, 2685,2488,2086
2, 80,139,170
2, 80,139,170
2, 80,139,170
2, 80,139,170
2, 80,139,170
2, 80,139,170
