Soil_23  :  soil npk_detector_TSCRGB2024
Light Source Color - OFF
N,P,K
0, 80,140,170
0, 80,140,170
0, 80,140,170
0, 80,140,170
0, 80,140,170
0, 80,140,170
0, 80,140,170
0, 80,140,170
0, 80,140,170
0, 80,140,170
Soil_23
Light Source Color - WHITE	 , 30/03/2024,17:40:31
1, 80,140,170
1, 2721,2509,2141
1, 2717,2507,2126
1, 2716,2507,2117
1, 2718,2509,2114
1, 2717,2508,2108
1, 2716,2508,2103
1, 2715,2508,2098
1, 2714,2507,2094
1, 2713,2507,2090
1, 2712,2506,2087
Soil_23
Light Source Color - OFF	 , 30/03/2024,17:40:43
2, 2714,2508,2085
2, 80,139,170
2, 80,139,170
2, 80,139,170
2, 80,139,170
2, 80,139,170
