Soil_19  :  soil npk_detector_TSCRGB2024
Light Source Color - OFF
N,P,K
0, 80,140,170
0, 80,140,170
0, 80,140,170
0, 80,140,170
0, 80,140,170
0, 80,140,170
0, 80,140,170
0, 80,140,170
0, 80,140,170
0, 80,140,170
Soil_19
Light Source Color - WHITE	 , 30/03/2024,17:36:12
1, 80,140,170
1, 2778,2547,2180
1, 2775,2546,2164
1, 2774,2545,2155
1, 2775,2547,2151
1, 2773,2546,2145
1, 2754,2533,2138
1, 2750,2531,2133
1, 2750,2531,2129
1, 2749,2530,2125
1, 2747,2529,2121
Soil_19
Light Source Color - OFF	 , 30/03/2024,17:36:24
2, 2749,2531,2119
2, 80,140,170
2, 80,140,170
2, 80,140,170
2, 80,140,170
2, 80,140,170
2, 80,140,170
2, 80,140,170
2, 80,140,170
2, 80,140,170
2, 80,140,170
Soil_19
Light Source Color - RED	 , 30/03/2024,17:36:36
3, 80,140,170
3, 260,227,1920
3, 259,227,1914
3, 259,227,1913
3, 259,227,1911
3, 259,227,1909
3, 259,227,1908
3, 259,227,1907
3, 259,226,1906
3, 259,227,1906
3, 259,227,1905
Soil_19
Light Source Color - OFF	 , 30/03/2024,17:36:48
4, 259,227,1904
4, 80,140,170
4, 80,140,170
4, 80,140,170
4, 80,140,170
4, 80,140,170
4, 80,140,170
4, 80,140,170
4, 80,140,170
4, 80,140,170
4, 80,140,170
Soil_19
Light Source Color - GREEN	 , 30/03/2024,17:37:00
5, 108,218,181
5, 714,1934,419
5, 713,1932,419
5, 713,1932,419
5, 713,1931,419
5, 712,1931,419
5, 712,1930,419
5, 713,1931,419
5, 712,1931,419
5, 712,1930,419
5, 712,1930,419
Soil_19
Light Source Color - OFF	 , 30/03/2024,17:37:12
6, 712,1930,419
6, 80,140,170
6, 80,140,170
6, 80,140,170
6, 80,140,170
6, 80,140,170
6, 80,140,170
6, 80,140,170
6, 80,140,170
6, 80,140,170
6, 80,140,170
Soil_19
Light Source Color - BLUE	 , 30/03/2024,17:37:24
7, 80,140,170
7, 2219,829,198
7, 2218,829,198
7, 2218,829,198
7, 2217,829,197
7, 2220,830,198
7, 2219,830,198
7, 2219,829,198
7, 2218,829,198
7, 2218,829,198
7, 2217,829,197
Soil_19
Light Source Color - OFF	 , 30/03/2024,17:37:36
8, 2183,818,197
8, 80,140,170
8, 80,140,170
8, 80,140,170
8, 80,140,170
8, 80,140,170
8, 80,140,170
8, 80,140,170
8, 80,140,170
8, 80,140,170
8, 80,140,170
Soil_19
Light Source Color - WHITE	 , 30/03/2024,17:37:49
9, 80,140,170
9, 2763,2537,2169
9, 2759,2535,2154
9, 2759,2536,2150
9, 2758,2535,2142
9, 2756,2534,2136
9, 2754,2533,2130
9, 2752,2532,2126
9, 2750,2531,2121
9, 2749,2530,2117
9, 2750,2532,2115
Soil_19
Light Source Color - OFF	 , 30/03/2024,17:38:01
10, 2750,2532,2112
