Soil_11  :  soil npk_detector_TSCRGB2024
Light Source Color - OFF
N,P,K
0, 80,140,171
0, 80,140,171
0, 80,140,171
0, 80,140,171
0, 80,140,171
0, 80,140,170
0, 80,140,170
0, 80,140,171
0, 80,140,171
0, 80,140,171
Soil_11
Light Source Color - WHITE	 , 30/03/2024,16:35:43
1, 80,140,171
1, 2920,2652,2327
1, 2916,2651,2310
1, 2913,2650,2300
1, 2915,2651,2297
1, 2912,2650,2289
1, 2911,2649,2283
1, 2909,2648,2278
1, 2907,2647,2273
1, 2906,2647,2268
1, 2907,2648,2266
Soil_11
Light Source Color - OFF	 , 30/03/2024,16:35:55
2, 2906,2647,2261
2, 80,140,170
2, 80,140,170
2, 80,140,170
2, 80,140,170
2, 80,140,170
2, 80,140,170
2, 80,140,170
2, 80,140,170
2, 80,140,170
2, 80,140,170
Soil_11
Light Source Color - RED	 , 30/03/2024,16:36:07
3, 80,140,170
3, 273,234,2050
3, 273,234,2047
3, 272,234,2043
3, 272,233,2040
3, 272,233,2039
3, 272,233,2037
3, 272,233,2036
3, 272,233,2035
3, 272,233,2034
3, 272,233,2033
Soil_11
Light Source Color - OFF	 , 30/03/2024,16:36:19
4, 271,233,2032
4, 80,140,170
4, 80,140,170
4, 80,140,170
4, 80,140,170
4, 80,140,170
4, 80,140,170
4, 80,140,170
4, 80,140,170
4, 80,140,170
4, 80,140,170
Soil_11
Light Source Color - GREEN	 , 30/03/2024,16:36:31
5, 80,140,170
5, 733,1982,425
5, 732,1980,425
5, 732,1980,425
5, 732,1979,425
5, 732,1980,426
5, 732,1979,426
5, 731,1979,426
5, 731,1979,426
5, 731,1978,425
5, 731,1978,425
Soil_11
Light Source Color - OFF	 , 30/03/2024,16:36:43
6, 724,1959,423
6, 80,140,170
6, 80,140,170
6, 80,140,170
6, 80,140,170
6, 80,140,170
6, 80,140,170
6, 80,140,170
6, 80,140,170
6, 80,140,170
6, 80,140,170
Soil_11
Light Source Color - BLUE	 , 30/03/2024,16:36:55
7, 80,140,170
7, 2278,846,198
7, 2278,846,198
7, 2281,847,199
7, 2280,847,199
7, 2279,847,199
7, 2279,847,199
7, 2278,846,199
7, 2278,846,198
7, 2280,847,199
7, 2280,847,199
Soil_11
Light Source Color - OFF	 , 30/03/2024,16:37:07
8, 2278,847,199
8, 80,140,170
8, 80,140,170
8, 80,140,170
8, 80,140,170
8, 80,140,170
8, 80,140,170
8, 80,140,170
8, 80,140,170
8, 80,140,170
8, 80,140,170
Soil_11
Light Source Color - WHITE	 , 30/03/2024,16:37:19
9, 80,140,170
9, 2917,2651,2306
9, 2911,2649,2285
9, 2909,2648,2274
9, 2906,2647,2266
9, 2904,2646,2260
9, 2903,2645,2254
9, 2905,2647,2252
9, 2903,2646,2247
9, 2901,2646,2242
9, 2900,2645,2238
Soil_11
Light Source Color - OFF	 , 30/03/2024,16:37:31
10, 2898,2644,2233
10, 80,140,170
10, 80,140,170
10, 80,140,170
10, 80,140,170
10, 80,140,170
10, 80,140,170
10, 80,140,170
10, 80,140,170
10, 80,140,170
10, 80,140,170
Soil_11
Light Source Color - RED	 , 30/03/2024,16:37:43
11, 80,140,170
11, 271,233,2028
11, 271,232,2021
11, 270,232,2018
11, 270,232,2016
11, 270,232,2016
11, 270,232,2014
11, 270,232,2013
11, 270,232,2012
11, 270,232,2011
11, 270,232,2010
Soil_11
Light Source Color - OFF	 , 30/03/2024,16:37:55
12, 270,232,2010
12, 80,140,170
12, 80,140,170
12, 80,140,170
12, 80,140,170
12, 80,140,170
12, 80,140,170
12, 80,140,170
12, 80,140,170
12, 80,140,170
12, 80,140,170
Soil_11
Light Source Color - GREEN	 , 30/03/2024,16:38:08
13, 80,140,170
13, 731,1977,425
13, 731,1977,426
13, 730,1976,426
13, 730,1976,425
13, 730,1975,425
13, 729,1975,425
13, 729,1975,425
13, 729,1975,426
13, 729,1975,426
13, 729,1974,425
Soil_11
Light Source Color - OFF	 , 30/03/2024,16:38:20
14, 729,1974,425
14, 80,140,170
14, 80,140,170
14, 80,140,170
14, 80,140,170
14, 80,140,170
14, 80,140,170
14, 80,140,170
14, 80,140,170
14, 80,140,170
14, 80,140,170
Soil_11
Light Source Color - BLUE	 , 30/03/2024,16:38:32
15, 80,140,170
15, 2278,846,199
15, 2277,847,199
15, 2276,847,198
15, 2276,847,198
15, 2275,847,198
15, 2277,847,199
15, 2277,847,199
15, 2276,847,199
15, 2276,847,198
15, 2275,847,198
Soil_11
Light Source Color - OFF	 , 30/03/2024,16:38:44
