Soil_18  :  soil npk_detector_TSCRGB2024
Light Source Color - OFF
N,P,K
0, 80,140,170
0, 80,140,170
0, 80,140,170
0, 80,140,171
0, 80,140,170
0, 80,140,170
0, 80,140,170
0, 80,140,170
0, 80,140,170
0, 80,140,170
Soil_18
Light Source Color - WHITE	 , 30/03/2024,17:34:26
1, 80,140,170
1, 2759,2534,2177
1, 2755,2533,2161
1, 2752,2531,2152
1, 2754,2533,2149
1, 2753,2533,2143
1, 2751,2532,2137
1, 2749,2530,2132
1, 2747,2529,2128
1, 2746,2529,2124
1, 2744,2528,2120
Soil_18
Light Source Color - OFF	 , 30/03/2024,17:34:38
2, 2623,2419,2028
2, 80,140,170
2, 80,140,170
2, 80,140,170
2, 80,140,170
2, 80,140,170
2, 80,140,170
2, 80,140,170
2, 80,140,170
2, 80,140,170
2, 80,140,170
Soil_18
Light Source Color - RED	 , 30/03/2024,17:34:50
3, 80,140,170
3, 260,227,1920
3, 259,227,1914
3, 259,227,1913
3, 259,227,1911
3, 259,227,1909
3, 259,227,1908
3, 259,227,1907
3, 259,227,1906
3, 259,227,1906
3, 259,227,1905
Soil_18
Light Source Color - OFF	 , 30/03/2024,17:35:02
4, 259,227,1904
4, 80,140,170
4, 80,140,170
4, 80,140,170
4, 80,140,170
4, 80,140,170
4, 80,140,170
4, 80,140,170
4, 80,140,170
4, 80,140,170
4, 80,140,170
Soil_18
Light Source Color - GREEN	 , 30/03/2024,17:35:14
5, 80,140,170
5, 698,1890,413
5, 712,1930,419
5, 712,1930,419
5, 712,1929,419
5, 712,1929,419
5, 711,1929,419
5, 711,1928,419
5, 711,1929,419
5, 711,1928,419
5, 711,1928,419
Soil_18
Light Source Color - OFF	 , 30/03/2024,17:35:26
6, 711,1928,419
6, 80,140,170
6, 80,140,170
6, 80,140,170
6, 80,140,170
6, 80,140,170
6, 80,140,170
6, 80,140,170
6, 80,140,170
6, 80,140,170
6, 80,140,170
Soil_18
Light Source Color - BLUE	 , 30/03/2024,17:35:38
7, 80,140,170
7, 2213,827,198
7, 2212,827,198
7, 2212,827,198
7, 2211,827,197
7, 2211,827,197
7, 2213,828,198
7, 2213,828,198
7, 2212,827,198
7, 2212,827,198
7, 2211,827,198
Soil_18
Light Source Color - OFF	 , 30/03/2024,17:35:50
8, 2211,827,198
8, 271,201,173
8, 80,140,170
