Soil_4  :  soil npk_detector_TSCRGB2024
Light Source Color - OFF
N,P,K
0, 81,141,170
0, 81,141,170
0, 81,141,169
0, 81,141,169
0, 81,141,169
0, 81,141,169
0, 81,141,169
0, 81,141,169
0, 81,141,169
0, 81,141,169
Soil_4
Light Source Color - WHITE	 , 30/03/2024,15:51:21
1, 81,141,169
1, 1446,1248,877
1, 1444,1247,872
1, 1445,1248,871
1, 1444,1247,868
1, 1443,1247,866
1, 1442,1246,864
1, 1441,1246,863
1, 1440,1245,861
1, 1439,1245,860
1, 1440,1246,859
Soil_4
Light Source Color - OFF	 , 30/03/2024,15:51:34
2, 1439,1246,858
2, 81,141,169
2, 81,141,169
2, 81,141,169
2, 81,141,169
2, 81,141,169
2, 81,141,169
2, 81,141,169
2, 81,141,169
2, 81,141,169
2, 81,141,169
Soil_4
Light Source Color - RED	 , 30/03/2024,15:51:46
3, 84,142,195
3, 144,170,768
3, 143,170,765
3, 143,170,764
3, 143,170,763
3, 143,170,763
3, 143,170,762
3, 143,170,762
3, 263,228,1794
3, 451,311,3495
3, 451,311,3493
Soil_4
Light Source Color - OFF	 , 30/03/2024,15:51:58
4, 451,311,3492
4, 81,142,171
4, 81,142,171
4, 81,142,171
4, 81,142,171
4, 81,142,171
4, 81,142,171
4, 81,142,171
4, 81,142,171
4, 81,142,171
4, 81,142,171
Soil_4
Light Source Color - GREEN	 , 30/03/2024,15:52:10
5, 81,142,171
5, 1133,2977,580
5, 1132,2976,580
5, 1131,2975,580
5, 1132,2976,581
5, 453,1154,316
5, 561,1463,363
5, 566,1475,365
5, 555,1445,360
5, 520,1347,345
5, 527,1365,347
Soil_4
Light Source Color - OFF	 , 30/03/2024,15:52:22
6, 561,1462,363
6, 83,143,173
6, 81,141,170
6, 81,141,170
6, 81,141,170
6, 81,141,170
6, 81,141,170
6, 81,141,170
6, 81,141,170
6, 81,141,170
6, 81,141,170
Soil_4
Light Source Color - BLUE	 , 30/03/2024,15:52:34
7, 81,141,170
7, 1563,621,190
7, 1662,654,192
7, 1664,655,192
7, 1659,653,191
7, 1660,653,191
7, 1660,653,191
7, 1662,654,191
7, 1662,654,192
7, 1662,654,191
7, 1662,654,191
Soil_4
Light Source Color - OFF	 , 30/03/2024,15:52:46
8, 1662,654,191
8, 81,141,170
8, 81,141,170
8, 81,141,170
8, 81,141,170
8, 81,141,170
8, 81,141,170
8, 81,141,170
8, 81,141,170
8, 81,141,170
8, 81,141,170
Soil_4
Light Source Color - WHITE	 , 30/03/2024,15:52:58
9, 81,141,170
9, 2132,1923,2495
9, 2129,1921,2480
9, 2128,1921,2471
9, 2129,1922,2468
9, 2128,1921,2462
9, 2127,1920,2457
9, 2125,1920,2452
9, 2124,1919,2448
9, 2123,1919,2444
9, 2124,1919,2442
Soil_4
Light Source Color - OFF	 , 30/03/2024,15:53:10
10, 2124,1919,2438
10, 81,141,170
10, 81,141,170
10, 81,141,170
10, 81,141,170
10, 81,141,170
10, 81,141,170
10, 81,141,170
10, 81,141,170
10, 81,141,170
10, 81,141,170
Soil_4
Light Source Color - RED	 , 30/03/2024,15:53:22
11, 81,141,170
11, 304,242,2166
11, 320,249,2299
11, 319,249,2296
11, 319,249,2294
11, 319,248,2292
11, 319,248,2291
11, 319,248,2290
11, 319,248,2289
11, 319,248,2288
11, 319,248,2287
Soil_4
Light Source Color - OFF	 , 30/03/2024,15:53:34
12, 319,248,2286
12, 81,141,170
12, 81,141,170
12, 81,141,170
12, 81,141,170
12, 81,141,170
12, 81,141,170
12, 81,141,170
12, 81,141,170
12, 81,141,170
12, 81,141,170
Soil_4
Light Source Color - GREEN	 , 30/03/2024,15:53:46
13, 81,141,170
13, 561,1466,363
13, 560,1465,363
13, 560,1465,363
13, 560,1466,364
13, 560,1465,364
13, 560,1465,364
13, 560,1465,363
13, 560,1464,363
13, 560,1464,363
13, 560,1465,364
Soil_4
Light Source Color - OFF	 , 30/03/2024,15:53:58
14, 560,1465,364
14, 81,141,170
14, 81,141,170
14, 81,141,170
14, 81,141,170
14, 81,141,170
14, 81,141,170
14, 81,141,170
14, 81,141,170
14, 81,141,170
14, 81,141,170
Soil_4
Light Source Color - BLUE	 , 30/03/2024,15:54:10
15, 81,141,170
15, 1670,656,191
15, 1669,656,191
15, 1669,656,191
15, 1669,656,191
15, 1668,656,191
15, 1669,657,191
15, 1669,657,191
15, 1669,656,191
15, 1668,656,191
15, 1668,656,191
Soil_4
Light Source Color - OFF	 , 30/03/2024,15:54:22
