Soil_14  :  soil npk_detector_TSCRGB2024
Light Source Color - OFF
N,P,K
0, 80,140,172
0, 80,141,172
0, 80,140,172
0, 80,140,172
0, 80,140,171
0, 80,140,171
0, 80,140,172
0, 80,141,172
0, 80,141,172
0, 80,141,172
Soil_14
Light Source Color - WHITE	 , 30/03/2024,17:23:29
1, 80,141,172
1, 2809,2568,2224
1, 2807,2568,2209
1, 2774,2546,2198
1, 2783,2553,2195
1, 2802,2566,2190
1, 2804,2568,2185
1, 2811,2573,2181
1, 2789,2558,2175
1, 2788,2558,2171
1, 2785,2556,2169
Soil_14
Light Source Color - OFF	 , 30/03/2024,17:23:41
2, 2799,2566,2166
2, 80,140,171
2, 80,140,171
2, 80,140,171
2, 80,140,171
2, 80,140,171
2, 80,140,172
2, 80,140,172
2, 80,140,172
2, 80,140,172
2, 80,140,171
Soil_14
Light Source Color - RED	 , 30/03/2024,17:23:53
3, 80,140,171
3, 263,230,1963
3, 263,230,1961
3, 263,230,1958
3, 263,230,1955
3, 262,230,1954
3, 262,229,1952
3, 262,229,1951
3, 262,230,1951
3, 262,229,1950
3, 262,229,1949
Soil_14
Light Source Color - OFF	 , 30/03/2024,17:24:05
4, 262,229,1948
4, 80,140,171
4, 80,140,171
4, 80,140,171
4, 80,140,172
4, 80,140,171
4, 80,140,171
4, 80,140,171
4, 80,140,171
4, 80,140,171
4, 80,140,171
Soil_14
Light Source Color - GREEN	 , 30/03/2024,17:24:17
5, 80,140,171
5, 717,1941,420
5, 716,1940,420
5, 716,1940,420
5, 716,1940,420
5, 716,1940,420
5, 716,1940,420
5, 716,1940,420
5, 717,1942,421
5, 717,1943,421
5, 717,1942,420
Soil_14
Light Source Color - OFF	 , 30/03/2024,17:24:29
6, 717,1942,420
6, 91,173,176
6, 80,140,171
6, 80,140,171
6, 80,140,171
6, 80,140,171
6, 80,140,171
6, 80,140,171
6, 80,140,171
6, 80,140,171
6, 80,140,171
Soil_14
Light Source Color - BLUE	 , 30/03/2024,17:24:41
7, 80,140,171
7, 2231,830,199
7, 2230,831,199
7, 2232,831,199
7, 2232,831,199
7, 2232,831,199
7, 2231,831,199
7, 2230,831,199
7, 2230,831,199
7, 2232,832,199
7, 2232,832,199
Soil_14
Light Source Color - OFF	 , 30/03/2024,17:24:53
8, 2231,831,199
8, 80,140,171
8, 80,140,171
8, 80,140,171
8, 80,140,171
8, 80,140,171
8, 80,140,171
8, 80,140,171
8, 80,140,171
8, 80,140,171
8, 80,140,171
Soil_14
Light Source Color - WHITE	 , 30/03/2024,17:25:05
9, 80,140,171
9, 2793,2557,2220
9, 2787,2554,2200
9, 2785,2554,2190
9, 2783,2553,2183
9, 2782,2552,2177
9, 2780,2551,2171
9, 2782,2553,2169
9, 2781,2552,2165
9, 2780,2552,2161
9, 2778,2551,2156
Soil_14
Light Source Color - OFF	 , 30/03/2024,17:25:17
10, 2777,2551,2153
10, 80,140,171
10, 80,140,171
10, 80,140,171
10, 80,140,171
10, 80,140,171
10, 80,140,171
10, 80,140,171
10, 80,140,171
10, 80,140,171
10, 80,140,171
Soil_14
Light Source Color - RED	 , 30/03/2024,17:25:29
11, 80,140,171
11, 263,230,1955
11, 262,229,1949
11, 262,229,1946
11, 262,229,1944
11, 262,229,1943
11, 262,229,1942
11, 261,229,1941
11, 261,229,1940
11, 261,229,1939
11, 261,229,1938
Soil_14
Light Source Color - OFF	 , 30/03/2024,17:25:41
12, 261,229,1938
12, 80,140,171
12, 80,140,171
12, 80,140,171
12, 80,140,171
12, 80,140,171
12, 80,140,171
12, 80,140,171
12, 80,140,171
12, 80,140,171
12, 80,140,171
Soil_14
Light Source Color - GREEN	 , 30/03/2024,17:25:54
13, 80,140,171
13, 718,1943,420
13, 718,1943,420
13, 717,1943,420
13, 717,1942,420
13, 717,1942,420
13, 717,1941,420
13, 716,1941,420
13, 716,1941,420
13, 717,1941,421
13, 717,1941,420
Soil_14
Light Source Color - OFF	 , 30/03/2024,17:26:06
14, 716,1941,420
14, 80,140,171
14, 80,140,171
14, 80,140,171
14, 80,140,171
14, 80,140,171
14, 80,140,171
14, 80,140,171
14, 80,140,171
14, 80,140,171
14, 80,140,171
Soil_14
Light Source Color - BLUE	 , 30/03/2024,17:26:18
15, 80,140,171
15, 2232,831,199
15, 2231,831,199
15, 2230,831,199
15, 2230,831,199
15, 2229,831,199
15, 2231,832,199
15, 2231,832,199
15, 2230,831,199
15, 2229,831,199
15, 2229,831,199
Soil_14
Light Source Color - OFF	 , 30/03/2024,17:26:30
