Soil_5  :  soil npk_detector_TSCRGB2024
Light Source Color - OFF
N,P,K
0, 82,142,171
0, 82,142,171
0, 82,142,171
0, 82,142,171
0, 82,142,171
0, 82,142,171
0, 81,142,171
0, 82,142,171
0, 82,142,171
0, 82,142,171
Soil_5
Light Source Color - WHITE	 , 30/03/2024,15:51:21
1, 82,142,171
1, 2282,2026,2528
1, 2284,2028,2513
1, 2287,2030,2509
1, 2288,2031,2501
1, 2286,2030,2495
1, 2285,2029,2489
1, 2278,2025,2482
1, 2264,2015,2475
1, 2283,2029,2477
1, 2283,2029,2472
Soil_5
Light Source Color - OFF	 , 30/03/2024,15:51:34
2, 2263,2014,2465
2, 82,142,171
2, 82,142,171
2, 82,142,171
2, 82,142,171
2, 82,142,171
2, 82,142,171
2, 82,142,171
2, 82,142,171
2, 82,142,171
2, 82,142,171
Soil_5
Light Source Color - RED	 , 30/03/2024,15:51:46
3, 82,142,171
3, 322,251,2324
3, 322,251,2317
3, 322,250,2313
3, 321,250,2311
3, 321,250,2310
3, 321,250,2309
3, 321,250,2308
3, 321,250,2307
3, 321,250,2306
3, 321,250,2305
Soil_5
Light Source Color - OFF	 , 30/03/2024,15:51:58
4, 321,250,2304
4, 104,152,373
4, 82,142,171
4, 82,142,171
4, 82,142,171
4, 82,142,171
4, 82,142,171
4, 82,142,171
4, 82,142,171
4, 82,142,171
4, 82,142,171
Soil_5
Light Source Color - GREEN	 , 30/03/2024,15:52:10
5, 82,142,171
5, 569,1484,367
5, 568,1483,367
5, 568,1483,367
5, 568,1483,367
5, 568,1482,367
5, 568,1482,367
5, 568,1482,367
5, 568,1481,367
5, 568,1482,367
5, 568,1482,367
Soil_5
Light Source Color - OFF	 , 30/03/2024,15:52:22
6, 567,1481,367
6, 82,142,171
6, 82,142,171
6, 82,142,171
6, 82,142,171
6, 82,142,171
6, 82,142,171
6, 82,142,171
6, 82,142,171
6, 82,142,171
6, 82,142,171
Soil_5
Light Source Color - BLUE	 , 30/03/2024,15:52:34
7, 82,142,171
7, 1711,669,193
7, 1710,669,193
7, 1710,670,193
7, 1709,669,193
7, 1711,670,193
7, 1711,670,193
7, 1710,670,193
7, 1710,670,193
7, 1710,670,193
7, 1709,670,193
Soil_5
Light Source Color - OFF	 , 30/03/2024,15:52:46
8, 1710,670,193
8, 82,142,171
8, 82,142,171
8, 82,142,171
8, 82,142,171
8, 82,142,171
8, 82,142,171
8, 82,142,171
8, 82,142,171
8, 82,142,171
8, 82,142,171
Soil_5
Light Source Color - WHITE	 , 30/03/2024,15:52:58
9, 82,142,171
9, 2222,1982,2498
9, 2238,1994,2493
9, 2203,1969,2477
9, 2174,1948,2465
9, 2150,1931,2455
9, 2128,1915,2446
9, 2108,1900,2438
9, 2139,1923,2442
9, 2128,1915,2436
9, 2110,1903,2430
Soil_5
Light Source Color - OFF	 , 30/03/2024,15:53:10
10, 2093,1890,2423
10, 82,142,171
10, 82,142,171
10, 82,142,171
10, 82,142,171
10, 82,142,171
10, 82,142,171
10, 82,142,171
10, 82,142,171
10, 82,142,171
10, 82,142,171
Soil_5
Light Source Color - RED	 , 30/03/2024,15:53:22
11, 82,142,171
11, 322,250,2312
11, 321,250,2306
11, 321,250,2303
11, 321,250,2301
11, 321,250,2300
11, 321,250,2299
11, 321,250,2298
11, 321,250,2297
11, 321,250,2296
11, 320,250,2295
Soil_5
Light Source Color - OFF	 , 30/03/2024,15:53:34
12, 320,250,2295
12, 82,142,171
12, 82,142,171
12, 82,142,171
12, 82,142,171
12, 82,142,171
12, 82,142,171
12, 82,142,171
12, 82,142,171
12, 82,142,171
12, 82,142,171
Soil_5
Light Source Color - GREEN	 , 30/03/2024,15:53:46
13, 82,142,171
13, 568,1482,367
13, 568,1482,367
13, 568,1482,367
13, 567,1481,367
13, 567,1481,367
13, 567,1481,367
13, 567,1480,367
13, 567,1481,367
13, 567,1480,367
13, 567,1480,367
Soil_5
Light Source Color - OFF	 , 30/03/2024,15:53:58
14, 567,1480,367
14, 82,142,171
14, 82,142,171
14, 82,142,171
14, 83,144,176
14, 83,145,179
14, 82,144,180
14, 82,144,177
14, 81,142,174
14, 81,142,174
14, 81,141,173
Soil_5
Light Source Color - BLUE	 , 30/03/2024,15:54:10
15, 81,141,172
15, 2816,1031,209
15, 2779,1020,208
15, 2750,1011,208
15, 2740,1007,208
15, 2719,1001,207
15, 2701,995,207
15, 2689,991,207
15, 2680,988,207
15, 2671,985,206
15, 2669,985,206
Soil_5
Light Source Color - OFF	 , 30/03/2024,15:54:22
