Soil_6  :  soil npk_detector_TSCRGB2024
Light Source Color - OFF
N,P,K
0, 81,141,173
0, 81,141,173
0, 81,141,173
0, 81,141,173
0, 81,141,173
0, 80,141,173
0, 80,141,173
0, 81,141,173
0, 81,141,173
0, 80,141,173
Soil_6
Light Source Color - WHITE	 , 30/03/2024,15:51:22
1, 80,141,173
1, 2844,2618,3714
1, 2762,2559,3678
1, 2794,2583,3676
1, 2760,2559,3658
1, 2727,2534,3642
1, 2696,2511,3628
1, 2668,2490,3616
1, 2641,2470,3604
1, 2675,2496,3607
1, 2665,2489,3598
Soil_6
Light Source Color - OFF	 , 30/03/2024,15:51:34
2, 2643,2472,3588
2, 81,141,173
2, 81,141,173
2, 81,141,173
2, 80,141,173
2, 81,141,173
2, 81,141,173
2, 81,141,173
2, 81,141,173
2, 81,141,173
2, 80,141,173
Soil_6
Light Source Color - RED	 , 30/03/2024,15:51:46
3, 81,141,173
3, 426,305,3438
3, 425,304,3425
3, 425,304,3419
3, 424,304,3415
3, 424,303,3411
3, 424,303,3410
3, 424,303,3407
3, 424,303,3405
3, 424,303,3403
3, 423,303,3400
Soil_6
Light Source Color - OFF	 , 30/03/2024,15:51:58
4, 423,303,3398
4, 80,141,173
4, 81,141,173
4, 81,141,173
4, 81,141,173
4, 81,141,173
4, 81,141,173
4, 80,141,173
4, 81,141,173
4, 81,141,173
4, 81,141,173
Soil_6
Light Source Color - GREEN	 , 30/03/2024,15:52:10
5, 81,141,173
5, 731,2002,445
5, 731,2001,445
5, 731,2001,445
5, 731,2001,445
5, 730,2000,445
5, 730,2000,445
5, 730,2000,445
5, 730,1999,445
5, 730,2000,445
5, 730,2000,445
Soil_6
Light Source Color - OFF	 , 30/03/2024,15:52:22
6, 730,1999,445
6, 81,141,173
6, 81,141,173
6, 80,141,173
6, 81,141,173
6, 81,141,173
6, 81,141,173
6, 81,141,173
6, 81,141,173
6, 80,141,173
6, 81,141,173
Soil_6
Light Source Color - BLUE	 , 30/03/2024,15:52:34
7, 81,141,173
7, 2161,808,200
7, 2160,809,200
7, 2160,809,200
7, 2159,809,200
7, 2160,809,200
7, 2161,810,200
7, 2161,810,200
7, 2160,810,200
7, 2160,810,200
7, 2160,809,200
Soil_6
Light Source Color - OFF	 , 30/03/2024,15:52:46
8, 2159,809,200
8, 157,166,174
8, 81,141,173
8, 81,141,173
8, 80,141,173
8, 80,141,173
8, 80,141,172
8, 81,141,173
8, 81,141,173
8, 80,141,173
8, 80,141,173
Soil_6
Light Source Color - WHITE	 , 30/03/2024,15:52:58
9, 80,141,173
9, 2627,2458,3585
9, 2572,2418,3555
9, 2609,2446,3554
9, 2577,2423,3538
9, 2548,2401,3525
9, 2523,2383,3513
9, 2499,2365,3503
9, 2477,2348,3493
9, 2523,2383,3498
9, 2511,2374,3490
Soil_6
Light Source Color - OFF	 , 30/03/2024,15:53:10
10, 2490,2359,3481
10, 81,141,173
10, 81,141,173
10, 80,141,173
10, 80,141,173
10, 81,141,173
10, 81,141,173
10, 81,141,173
10, 81,141,173
10, 80,141,173
10, 80,141,172
Soil_6
Light Source Color - RED	 , 30/03/2024,15:53:22
11, 81,141,173
11, 420,301,3360
11, 419,300,3348
11, 418,300,3342
11, 418,300,3338
11, 418,300,3336
11, 418,300,3335
11, 418,299,3332
11, 418,299,3330
11, 418,299,3329
11, 417,299,3327
Soil_6
Light Source Color - OFF	 , 30/03/2024,15:53:34
12, 417,299,3325
12, 108,154,428
12, 81,141,173
12, 81,141,173
12, 81,141,173
12, 81,141,173
12, 80,141,172
12, 81,141,173
12, 81,141,173
12, 81,141,173
12, 80,141,173
Soil_6
Light Source Color - GREEN	 , 30/03/2024,15:53:46
13, 80,141,173
13, 717,1972,442
13, 719,1975,442
13, 719,1976,443
13, 719,1976,443
13, 721,1980,443
13, 721,1981,443
13, 721,1982,444
13, 721,1981,444
13, 721,1982,444
13, 721,1982,444
Soil_6
Light Source Color - OFF	 , 30/03/2024,15:53:58
14, 721,1982,444
14, 81,141,173
14, 80,141,173
14, 80,141,173
14, 81,141,173
14, 81,141,173
14, 81,141,173
14, 81,141,173
14, 81,141,173
14, 80,141,172
14, 81,141,173
Soil_6
Light Source Color - BLUE	 , 30/03/2024,15:54:10
15, 81,141,173
15, 2112,795,200
15, 2151,808,200
15, 2152,808,200
15, 2152,808,200
15, 2153,809,200
15, 2153,809,200
15, 2152,808,200
15, 2152,808,200
15, 2151,808,200
15, 2151,808,200
Soil_6
Light Source Color - OFF	 , 30/03/2024,15:54:22
