Soil_12  :  soil npk_detector_TSCRGB2024
Light Source Color - OFF
N,P,K
0, 107,211,180
0, 107,211,180
0, 107,211,180
0, 107,211,180
0, 107,211,180
0, 107,211,180
0, 107,211,180
0, 107,211,180
0, 107,211,180
0, 107,211,180
Soil_12
Light Source Color - WHITE	 , 30/03/2024,16:42:33
1, 107,211,180
1, 2932,2658,2353
1, 2928,2657,2336
1, 2925,2656,2325
1, 2926,2657,2321
1, 2925,2656,2314
1, 2924,2656,2308
1, 2922,2655,2302
1, 2920,2654,2296
1, 2918,2653,2291
1, 2916,2652,2286
Soil_12
Light Source Color - OFF	 , 30/03/2024,16:42:45
2, 2759,2514,2165
2, 80,140,170
2, 80,140,170
2, 80,140,170
2, 80,140,170
2, 80,140,170
2, 80,140,170
2, 80,140,170
2, 80,140,170
2, 80,140,170
2, 80,140,170
Soil_12
Light Source Color - RED	 , 30/03/2024,16:42:57
3, 80,140,170
3, 274,235,2069
3, 274,235,2066
3, 274,235,2062
3, 274,234,2059
3, 273,234,2057
3, 273,234,2055
3, 273,234,2054
3, 273,234,2053
3, 273,234,2052
3, 273,234,2050
Soil_12
Light Source Color - OFF	 , 30/03/2024,16:43:09
4, 273,234,2049
4, 80,140,170
4, 80,140,170
4, 80,140,170
4, 80,140,170
4, 80,140,170
4, 80,140,170
4, 80,140,170
4, 80,140,170
4, 80,140,170
4, 80,140,170
Soil_12
Light Source Color - GREEN	 , 30/03/2024,16:43:21
5, 80,140,170
5, 735,1985,426
5, 734,1984,426
5, 734,1983,425
5, 733,1982,425
5, 733,1982,425
5, 734,1983,426
5, 733,1983,426
5, 733,1982,426
5, 733,1981,426
5, 733,1981,425
Soil_12
Light Source Color - OFF	 , 30/03/2024,16:43:33
6, 732,1981,425
6, 121,255,186
6, 80,140,170
6, 80,140,170
6, 80,140,170
6, 80,140,170
6, 80,140,170
6, 80,140,170
6, 80,140,170
6, 80,140,170
6, 80,140,170
Soil_12
Light Source Color - BLUE	 , 30/03/2024,16:43:45
7, 80,140,170
7, 2283,846,199
7, 2282,846,199
7, 2284,847,199
7, 2284,847,199
7, 2283,847,199
7, 2283,847,199
7, 2282,847,199
7, 2281,847,199
7, 2283,847,199
7, 2283,847,199
Soil_12
Light Source Color - OFF	 , 30/03/2024,16:43:57
8, 2282,847,199
8, 80,140,170
8, 80,140,170
8, 80,140,170
8, 80,140,170
8, 80,140,170
8, 80,140,170
8, 80,140,170
8, 80,140,170
8, 80,140,170
8, 80,140,170
Soil_12
Light Source Color - WHITE	 , 30/03/2024,16:44:09
9, 80,140,170
9, 2927,2657,2318
9, 2921,2655,2296
9, 2918,2653,2285
9, 2915,2652,2277
9, 2913,2652,2271
9, 2911,2651,2265
9, 2913,2652,2262
9, 2912,2651,2257
9, 2910,2651,2253
9, 2909,2650,2248
Soil_12
Light Source Color - OFF	 , 30/03/2024,16:44:21
10, 2907,2649,2244
10, 80,140,170
10, 80,140,170
10, 80,140,170
10, 80,140,170
10, 80,140,170
10, 80,140,170
10, 80,140,170
10, 80,140,170
10, 80,140,170
10, 80,140,170
Soil_12
Light Source Color - RED	 , 30/03/2024,16:44:33
11, 80,140,170
11, 272,233,2037
11, 271,233,2030
11, 271,233,2027
11, 271,233,2025
11, 271,233,2024
11, 271,233,2023
11, 271,233,2022
11, 271,232,2020
11, 271,232,2019
11, 270,232,2018
Soil_12
Light Source Color - OFF	 , 30/03/2024,16:44:45
12, 270,232,2018
12, 80,140,170
12, 80,140,170
12, 80,140,170
12, 80,140,170
12, 80,140,170
12, 80,140,170
12, 80,140,170
12, 80,140,170
12, 80,140,170
12, 80,140,170
Soil_12
Light Source Color - GREEN	 , 30/03/2024,16:44:58
13, 80,140,170
13, 732,1979,425
13, 732,1979,426
13, 731,1979,426
13, 731,1977,425
13, 730,1976,425
13, 730,1976,425
13, 730,1975,425
13, 730,1976,425
13, 730,1976,425
13, 730,1975,425
Soil_12
Light Source Color - OFF	 , 30/03/2024,16:45:10
14, 729,1975,425
14, 80,140,170
14, 80,140,170
14, 80,140,170
14, 80,140,170
14, 80,140,170
14, 80,140,170
14, 80,140,170
14, 80,140,170
14, 80,140,170
14, 80,140,170
Soil_12
Light Source Color - BLUE	 , 30/03/2024,16:45:22
15, 80,140,170
15, 2277,846,199
15, 2277,846,199
15, 2276,846,198
15, 2275,846,198
15, 2275,846,198
15, 2277,847,199
15, 2277,847,199
15, 2277,847,199
15, 2276,846,198
15, 2275,846,198
Soil_12
Light Source Color - OFF	 , 30/03/2024,16:45:34
