Soil_3  :  soil npk_detector_TSCRGB2024
Light Source Color - OFF
N,P,K
0, 81,141,170
0, 81,141,170
0, 81,141,170
0, 81,141,170
0, 81,141,170
0, 81,141,170
0, 81,141,170
0, 81,141,170
0, 81,141,170
0, 81,141,170
Soil_3
Light Source Color - WHITE	 , 30/03/2024,15:47:52
1, 81,141,170
1, 1454,1252,894
1, 1452,1251,889
1, 1451,1251,886
1, 1452,1251,885
1, 1451,1251,883
1, 1448,1249,880
1, 1448,1249,879
1, 1447,1249,877
1, 1446,1249,876
1, 1446,1248,875
Soil_3
Light Source Color - OFF	 , 30/03/2024,15:48:05
2, 1447,1249,874
2, 81,141,169
2, 81,141,169
2, 81,141,169
2, 81,141,169
2, 81,141,169
2, 81,141,170
2, 81,141,170
2, 81,141,170
2, 81,141,170
2, 81,141,169
Soil_3
Light Source Color - RED	 , 30/03/2024,15:48:17
3, 81,141,169
3, 144,171,780
3, 144,171,779
3, 144,171,778
3, 144,171,777
3, 144,171,776
3, 144,171,776
3, 144,171,775
3, 144,171,775
3, 144,171,775
3, 144,171,774
Soil_3
Light Source Color - OFF	 , 30/03/2024,15:48:29
4, 144,171,774
4, 81,141,169
4, 81,141,169
4, 81,141,169
4, 81,141,170
4, 81,141,170
4, 81,141,170
4, 81,141,169
4, 81,141,169
4, 81,141,169
4, 81,141,170
Soil_3
Light Source Color - GREEN	 , 30/03/2024,15:48:41
5, 81,141,170
5, 375,932,272
5, 375,932,272
5, 374,931,272
5, 374,931,272
5, 374,931,272
5, 374,931,272
5, 374,931,272
5, 374,931,272
5, 374,930,272
5, 374,930,272
Soil_3
Light Source Color - OFF	 , 30/03/2024,15:48:53
6, 374,930,272
6, 81,141,169
6, 81,141,170
6, 81,141,170
6, 81,141,170
6, 81,141,169
6, 81,141,169
6, 81,141,169
6, 81,141,170
6, 81,141,170
6, 81,141,170
Soil_3
Light Source Color - BLUE	 , 30/03/2024,15:49:05
7, 81,141,170
7, 1207,496,183
7, 1206,496,183
7, 1206,496,183
7, 1207,496,183
7, 1207,496,183
7, 1207,496,183
7, 1206,496,183
7, 1202,495,183
7, 1203,495,183
7, 1204,495,183
Soil_3
Light Source Color - OFF	 , 30/03/2024,15:49:17
8, 1205,496,183
8, 81,141,169
8, 81,141,169
8, 81,141,169
8, 81,141,169
8, 81,141,169
8, 81,141,170
8, 81,141,169
8, 81,141,169
8, 81,141,169
8, 81,141,169
Soil_3
Light Source Color - WHITE	 , 30/03/2024,15:49:29
9, 81,141,169
9, 1447,1249,879
9, 1447,1249,877
9, 1446,1249,874
9, 1445,1248,871
9, 1443,1247,869
9, 1443,1247,867
9, 1442,1246,866
9, 1443,1247,865
9, 1442,1247,864
9, 1441,1246,862
Soil_3
Light Source Color - OFF	 , 30/03/2024,15:49:41
10, 1439,1245,861
10, 81,141,169
10, 81,141,169
10, 81,141,169
10, 81,141,169
10, 81,141,169
10, 81,141,169
10, 81,141,169
10, 81,141,169
10, 81,141,169
10, 81,141,169
Soil_3
Light Source Color - RED	 , 30/03/2024,15:49:53
11, 81,141,170
11, 144,170,771
11, 144,170,768
11, 143,170,767
11, 143,170,766
11, 143,170,766
11, 143,170,766
11, 143,170,765
11, 143,170,765
11, 143,170,765
11, 143,170,764
Soil_3
Light Source Color - OFF	 , 30/03/2024,15:50:05
12, 143,170,764
12, 87,143,226
12, 81,141,169
12, 81,141,169
12, 81,141,169
12, 81,141,169
12, 81,141,169
12, 81,141,169
12, 81,141,169
12, 81,141,169
12, 81,141,169
Soil_3
Light Source Color - GREEN	 , 30/03/2024,15:50:18
13, 81,141,169
13, 373,929,272
13, 373,929,272
13, 373,928,272
13, 373,929,272
13, 373,928,272
13, 373,928,272
13, 373,928,272
13, 373,928,272
13, 372,928,272
13, 373,928,272
Soil_3
Light Source Color - OFF	 , 30/03/2024,15:50:30
14, 373,928,272
14, 81,141,169
14, 81,141,169
14, 81,141,169
14, 81,141,169
14, 81,141,169
14, 81,141,169
14, 81,141,169
14, 81,141,169
14, 81,141,169
14, 81,141,169
Soil_3
Light Source Color - BLUE	 , 30/03/2024,15:50:42
15, 81,141,169
15, 1203,495,183
15, 1204,496,183
15, 1204,496,183
15, 1204,496,183
15, 1203,496,183
15, 1203,496,183
15, 1203,496,183
15, 1204,496,183
15, 1204,496,183
15, 1203,496,183
Soil_3
Light Source Color - OFF	 , 30/03/2024,15:50:54
