Soil_7  :  soil npk_detector_TSCRGB2024
Light Source Color - OFF
N,P,K
0, 81,141,173
0, 81,141,173
0, 81,141,173
0, 81,141,172
0, 81,141,172
0, 81,141,172
0, 81,141,172
0, 81,141,173
0, 81,141,172
0, 81,141,172
Soil_7
Light Source Color - WHITE	 , 30/03/2024,15:51:22
1, 81,141,172
1, 2464,2319,2316
1, 2400,2273,2293
1, 2439,2302,2294
1, 2409,2280,2283
1, 2379,2259,2272
1, 2351,2238,2263
1, 2327,2221,2255
1, 2302,2203,2247
1, 2285,2190,2241
1, 2336,2228,2247
Soil_7
Light Source Color - OFF	 , 30/03/2024,15:51:34
2, 2316,2214,2240
2, 81,141,172
2, 81,141,172
2, 81,141,172
2, 81,141,172
2, 81,141,173
2, 81,141,173
2, 81,141,173
2, 81,141,172
2, 81,141,172
2, 81,141,172
Soil_7
Light Source Color - RED	 , 30/03/2024,15:51:46
3, 81,141,173
3, 278,239,2109
3, 277,238,2100
3, 277,238,2096
3, 277,238,2093
3, 277,238,2091
3, 277,238,2090
3, 276,238,2088
3, 276,237,2087
3, 276,237,2085
3, 276,237,2083
Soil_7
Light Source Color - OFF	 , 30/03/2024,15:51:58
4, 276,237,2082
4, 81,141,172
4, 81,141,173
4, 81,141,173
4, 81,141,172
4, 81,141,172
4, 81,141,172
4, 81,141,172
4, 81,141,173
4, 81,141,173
4, 81,141,172
Soil_7
Light Source Color - GREEN	 , 30/03/2024,15:52:10
5, 81,141,172
5, 737,1989,427
5, 737,1989,427
5, 737,1989,428
5, 737,1989,428
5, 736,1988,428
5, 736,1988,428
5, 736,1988,428
5, 736,1988,428
5, 736,1988,428
5, 736,1988,428
Soil_7
Light Source Color - OFF	 , 30/03/2024,15:52:22
6, 736,1988,428
6, 81,141,173
6, 81,141,173
6, 81,141,173
6, 81,141,172
6, 81,141,173
6, 81,141,172
6, 81,141,172
6, 81,141,172
6, 81,141,172
6, 81,141,172
Soil_7
Light Source Color - BLUE	 , 30/03/2024,15:52:34
7, 81,141,173
7, 2284,846,201
7, 2284,847,201
7, 2283,847,201
7, 2283,847,201
7, 2283,847,201
7, 2284,847,201
7, 2284,847,201
7, 2284,847,201
7, 2283,847,201
7, 2283,847,201
Soil_7
Light Source Color - OFF	 , 30/03/2024,15:52:46
8, 2282,847,201
8, 231,189,174
8, 81,141,173
8, 81,141,172
8, 81,141,172
8, 81,141,172
8, 81,141,172
8, 81,141,173
8, 81,141,173
8, 81,141,172
8, 81,141,172
Soil_7
Light Source Color - WHITE	 , 30/03/2024,15:52:58
9, 81,141,172
9, 2348,2236,2252
9, 2292,2196,2231
9, 2334,2227,2233
9, 2305,2206,2222
9, 2277,2186,2213
9, 2252,2168,2205
9, 2230,2151,2198
9, 2208,2135,2191
9, 2255,2170,2196
9, 2247,2165,2192
Soil_7
Light Source Color - OFF	 , 30/03/2024,15:53:10
10, 2228,2150,2186
10, 81,141,172
10, 81,141,172
10, 81,141,172
10, 81,141,172
10, 81,141,173
10, 81,141,172
10, 81,141,172
10, 81,141,172
10, 81,141,172
10, 81,141,172
Soil_7
Light Source Color - RED	 , 30/03/2024,15:53:22
11, 81,141,172
11, 275,237,2070
11, 274,236,2062
11, 274,236,2059
11, 274,236,2056
11, 274,236,2054
11, 274,236,2054
11, 274,236,2052
11, 274,236,2051
11, 274,236,2050
11, 273,236,2048
Soil_7
Light Source Color - OFF	 , 30/03/2024,15:53:34
12, 273,235,2047
12, 81,141,172
12, 81,141,172
12, 81,141,172
12, 81,141,172
12, 81,141,172
12, 81,141,172
12, 81,141,172
12, 81,141,172
12, 81,141,172
12, 81,141,172
Soil_7
Light Source Color - GREEN	 , 30/03/2024,15:53:46
13, 81,141,172
13, 734,1984,427
13, 734,1984,428
13, 734,1984,428
13, 734,1984,428
13, 734,1983,428
13, 733,1983,428
13, 733,1983,428
13, 733,1982,428
13, 733,1983,428
13, 733,1982,428
Soil_7
Light Source Color - OFF	 , 30/03/2024,15:53:58
14, 733,1982,428
14, 81,141,172
14, 81,141,172
14, 81,141,172
14, 81,141,172
14, 81,141,172
14, 81,141,172
14, 81,141,172
14, 81,141,172
14, 81,141,172
14, 81,141,172
Soil_7
Light Source Color - BLUE	 , 30/03/2024,15:54:10
15, 81,141,172
15, 2281,847,201
15, 2281,847,201
15, 2280,847,201
15, 2280,848,201
15, 2280,847,201
15, 2281,848,201
15, 2281,848,201
15, 2280,848,201
15, 2280,848,201
15, 2280,848,201
Soil_7
Light Source Color - OFF	 , 30/03/2024,15:54:22
