Soil_21  :  soil npk_detector_TSCRGB2024
Light Source Color - OFF
N,P,K
0, 106,208,180
0, 106,208,180
0, 106,208,180
0, 106,208,180
0, 106,208,180
0, 106,208,180
0, 106,208,180
0, 106,208,180
0, 106,208,180
0, 106,208,180
Soil_21
Light Source Color - WHITE	 , 30/03/2024,17:39:20
1, 106,208,180
1, 2698,2493,2153
1, 2695,2492,2137
1, 2694,2491,2128
1, 2692,2491,2121
1, 2694,2492,2119
1, 2693,2492,2114
1, 2692,2491,2109
1, 2690,2490,2105
1, 2689,2490,2101
1, 2687,2488,2097
Soil_21
Light Source Color - OFF	 , 30/03/2024,17:39:32
2, 2685,2488,2093
2, 242,286,289
2, 80,140,170
