npk_tube_blank_N_8.0mgL_0  :  npk_detector_TSCRGB2024
Light Source Color - OFF
N,P,K
0, 239,391,495
0, 123,199,254
0, 123,199,254
0, 123,199,254
0, 123,199,254
0, 123,199,254
0, 123,199,254
0, 123,199,254
0, 123,199,254
0, 123,199,254
npk_tube_blank_N_8.0mgL_0
Light Source Color - WHITE	 , 29/03/2024,14:45:57
1, 123,199,254
1, 53725,44382,40208
1, 53603,44240,39916
1, 53546,44160,39771
1, 53490,44095,39668
1, 53525,44087,39626
1, 53486,44045,39552
1, 53454,44009,39488
1, 53404,43970,39423
1, 53373,43937,39366
1, 53345,43910,39314
npk_tube_blank_N_8.0mgL_0
Light Source Color - OFF	 , 29/03/2024,14:46:09
2, 52382,43106,38568
2, 123,199,254
2, 123,199,254
2, 123,199,254
2, 123,199,254
2, 123,199,254
2, 123,199,254
2, 123,199,254
2, 123,199,254
2, 123,199,254
2, 123,199,254
npk_tube_blank_N_8.0mgL_0
Light Source Color - RED	 , 29/03/2024,14:46:22
3, 123,199,254
3, 4181,2127,36859
3, 4172,2120,36727
3, 4169,2118,36685
3, 4168,2117,36672
3, 4167,2116,36649
3, 4165,2115,36632
3, 4164,2114,36620
3, 4164,2114,36608
3, 4163,2113,36599
3, 4162,2113,36587
npk_tube_blank_N_8.0mgL_0
Light Source Color - OFF	 , 29/03/2024,14:46:34
4, 4162,2112,36583
4, 123,199,254
4, 123,199,254
4, 123,199,254
4, 123,199,254
4, 123,199,254
4, 123,199,254
4, 123,199,254
4, 123,199,254
4, 123,199,254
4, 123,199,254
npk_tube_blank_N_8.0mgL_0
Light Source Color - GREEN	 , 29/03/2024,14:46:46
5, 123,199,254
5, 11411,31649,4207
5, 11377,31580,4204
5, 11358,31539,4202
5, 11352,31526,4201
5, 11342,31504,4200
5, 11334,31487,4199
5, 11328,31474,4199
5, 11324,31465,4198
5, 11320,31458,4197
5, 11318,31455,4197
npk_tube_blank_N_8.0mgL_0
Light Source Color - OFF	 , 29/03/2024,14:46:59
6, 11316,31449,4197
6, 123,199,254
6, 123,199,254
6, 123,199,254
6, 123,199,254
6, 123,199,254
6, 123,199,254
6, 123,199,254
6, 123,199,254
6, 123,199,254
6, 123,199,254
npk_tube_blank_N_8.0mgL_0
Light Source Color - BLUE	 , 29/03/2024,14:47:11
7, 123,199,254
7, 40077,12056,746
7, 40075,12061,746
7, 40101,12070,747
7, 40103,12072,747
7, 40103,12072,747
7, 40099,12072,747
7, 40091,12070,747
7, 40088,12070,747
7, 40082,12068,746
7, 40099,12073,747
npk_tube_blank_N_8.0mgL_0
Light Source Color - OFF	 , 29/03/2024,14:47:23
8, 40100,12074,747
8, 123,199,254
8, 123,199,254
8, 123,199,254
8, 123,199,254
8, 123,199,254
8, 123,199,254
8, 123,199,254
8, 123,199,254
8, 123,199,254
8, 123,199,254
npk_tube_blank_N_8.0mgL_0
Light Source Color - WHITE	 , 29/03/2024,14:47:36
9, 123,199,254
9, 53630,44272,39992
9, 53529,44151,39748
9, 53544,44120,39674
9, 53490,44056,39562
9, 53443,44006,39480
9, 53409,43963,39407
9, 53376,43928,39343
9, 53337,43892,39282
9, 53377,43893,39256
9, 53359,43869,39204
npk_tube_blank_N_8.0mgL_0
Light Source Color - OFF	 , 29/03/2024,14:47:48
10, 53334,43843,39156
10, 123,199,254
10, 123,199,254
10, 123,199,254
10, 123,199,254
10, 123,199,254
10, 123,199,254
10, 123,199,254
10, 123,199,254
10, 123,199,254
10, 123,199,254
npk_tube_blank_N_8.0mgL_0
Light Source Color - RED	 , 29/03/2024,14:48:01
11, 123,199,254
11, 4173,2120,36730
11, 4166,2114,36625
11, 4164,2113,36603
11, 4162,2112,36575
11, 4161,2110,36553
11, 4160,2110,36540
11, 4159,2109,36529
11, 4158,2109,36519
11, 4158,2108,36513
11, 4158,2108,36506
npk_tube_blank_N_8.0mgL_0
Light Source Color - OFF	 , 29/03/2024,14:48:13
12, 4157,2107,36498
12, 123,199,254
12, 123,199,254
12, 123,199,254
12, 123,199,254
12, 123,199,254
12, 123,199,254
12, 123,199,254
12, 123,199,254
12, 123,199,254
12, 123,199,254
npk_tube_blank_N_8.0mgL_0
Light Source Color - GREEN	 , 29/03/2024,14:48:25
13, 123,199,254
13, 11391,31600,4204
13, 11374,31567,4203
13, 11351,31519,4200
13, 11336,31488,4199
13, 11326,31467,4197
13, 11320,31454,4197
13, 11314,31442,4196
13, 11313,31439,4196
13, 11308,31429,4196
13, 11305,31423,4195
npk_tube_blank_N_8.0mgL_0
Light Source Color - OFF	 , 29/03/2024,14:48:38
14, 11302,31417,4195
14, 123,199,254
14, 123,199,254
14, 123,199,254
14, 123,199,254
14, 123,199,254
14, 123,199,254
14, 123,199,254
14, 123,199,254
14, 123,199,254
14, 123,199,254
npk_tube_blank_N_8.0mgL_0
Light Source Color - BLUE	 , 29/03/2024,14:48:50
15, 123,199,254
15, 40064,12057,746
15, 40083,12065,747
15, 40083,12068,747
15, 40081,12069,747
15, 40078,12068,747
15, 40069,12066,746
15, 40064,12065,746
15, 40085,12071,747
15, 40081,12071,747
15, 40083,12071,747
npk_tube_blank_N_8.0mgL_0
Light Source Color - OFF	 , 29/03/2024,14:49:02
