npk_tube_blank_N_0.4mgL_0  :  npk_detector_TSCRGB2024
Light Source Color - OFF
N,P,K
0, 234,387,491
0, 120,197,252
0, 120,197,252
0, 120,197,252
0, 120,197,252
0, 120,197,252
0, 120,197,252
0, 120,197,252
0, 120,197,251
0, 120,197,252
npk_tube_blank_N_0.4mgL_0
Light Source Color - WHITE	 , 29/03/2024,16:13:33
1, 120,197,252
1, 50545,42790,38948
1, 50418,42646,38629
1, 50343,42559,38480
1, 50294,42500,38377
1, 50255,42452,38295
1, 50220,42413,38225
1, 50193,42382,38162
1, 50235,42382,38134
1, 50207,42353,38080
1, 50182,42326,38030
npk_tube_blank_N_0.4mgL_0
Light Source Color - OFF	 , 29/03/2024,16:13:45
2, 50156,42300,37980
2, 120,197,251
2, 120,197,251
2, 120,197,251
2, 120,197,251
2, 120,197,251
2, 120,197,252
2, 120,197,252
2, 120,197,252
2, 120,197,252
2, 120,197,252
npk_tube_blank_N_0.4mgL_0
Light Source Color - RED	 , 29/03/2024,16:13:58
3, 120,197,251
3, 4208,2115,35557
3, 4201,2109,35448
3, 4198,2107,35406
3, 4197,2106,35394
3, 4195,2105,35371
3, 4194,2104,35356
3, 4193,2104,35345
3, 4192,2103,35335
3, 4192,2103,35324
3, 4191,2102,35315
npk_tube_blank_N_0.4mgL_0
Light Source Color - OFF	 , 29/03/2024,16:14:10
4, 3899,1965,32795
4, 120,197,252
4, 120,197,252
4, 120,197,252
4, 120,197,252
4, 120,197,252
4, 120,197,251
4, 120,197,251
4, 120,197,251
4, 120,197,252
4, 120,197,252
npk_tube_blank_N_0.4mgL_0
Light Source Color - GREEN	 , 29/03/2024,16:14:23
5, 120,197,252
5, 11566,30986,4169
5, 11530,30913,4166
5, 11511,30875,4164
5, 11497,30847,4163
5, 11489,30830,4161
5, 11486,30824,4161
5, 11479,30810,4161
5, 11475,30802,4160
5, 11471,30792,4160
5, 11468,30788,4160
npk_tube_blank_N_0.4mgL_0
Light Source Color - OFF	 , 29/03/2024,16:14:35
6, 11466,30782,4159
6, 120,197,251
6, 120,197,251
6, 120,197,251
6, 120,197,252
6, 120,197,252
6, 120,197,252
6, 120,197,251
6, 120,197,251
6, 120,197,251
6, 120,197,251
npk_tube_blank_N_0.4mgL_0
Light Source Color - BLUE	 , 29/03/2024,16:14:48
7, 120,197,251
7, 36565,11085,703
7, 36585,11093,704
7, 36585,11095,704
7, 36587,11097,704
7, 36582,11096,704
7, 36577,11096,704
7, 36572,11094,704
7, 36570,11095,704
7, 36584,11099,704
7, 36580,11097,704
npk_tube_blank_N_0.4mgL_0
Light Source Color - OFF	 , 29/03/2024,16:15:01
8, 36587,11099,704
8, 120,197,251
8, 120,197,251
8, 120,197,251
8, 120,197,251
8, 120,197,251
8, 120,197,251
8, 120,197,251
8, 120,197,251
8, 120,197,251
8, 120,197,251
npk_tube_blank_N_0.4mgL_0
Light Source Color - WHITE	 , 29/03/2024,16:15:13
9, 120,197,251
9, 50437,42696,38724
9, 50324,42568,38461
9, 50259,42487,38324
9, 50215,42432,38228
9, 50247,42423,38187
9, 50214,42383,38115
9, 50180,42346,38053
9, 50153,42316,37995
9, 50129,42293,37945
9, 50096,42264,37896
npk_tube_blank_N_0.4mgL_0
Light Source Color - OFF	 , 29/03/2024,16:15:26
10, 50070,42240,37849
10, 120,197,251
10, 120,197,251
10, 120,197,251
10, 120,197,251
10, 120,197,251
10, 120,197,251
10, 120,197,251
10, 120,197,251
10, 120,197,251
10, 120,197,251
npk_tube_blank_N_0.4mgL_0
Light Source Color - RED	 , 29/03/2024,16:15:38
11, 220,244,1117
11, 4209,2116,35565
11, 4195,2105,35365
11, 4191,2102,35312
11, 4189,2101,35285
11, 4187,2100,35265
11, 4186,2099,35253
11, 4186,2099,35243
11, 4185,2098,35233
11, 4185,2098,35228
11, 4184,2098,35221
npk_tube_blank_N_0.4mgL_0
Light Source Color - OFF	 , 29/03/2024,16:15:51
12, 4183,2097,35212
12, 120,197,251
12, 120,197,251
12, 120,197,251
12, 120,197,251
12, 120,197,251
12, 120,197,251
12, 120,197,251
12, 120,197,251
12, 120,197,251
12, 120,197,251
npk_tube_blank_N_0.4mgL_0
Light Source Color - GREEN	 , 29/03/2024,16:16:03
13, 120,197,251
13, 11543,30936,4166
13, 11510,30870,4163
13, 11493,30837,4162
13, 11488,30825,4161
13, 11477,30805,4160
13, 11470,30790,4159
13, 11464,30776,4159
13, 11460,30769,4158
13, 11457,30764,4158
13, 11453,30756,4157
npk_tube_blank_N_0.4mgL_0
Light Source Color - OFF	 , 29/03/2024,16:16:16
14, 11292,30324,4103
14, 120,197,251
14, 120,197,251
14, 120,197,251
14, 120,197,251
14, 120,197,251
14, 120,197,251
14, 120,197,251
14, 120,197,251
14, 120,197,251
14, 120,197,251
npk_tube_blank_N_0.4mgL_0
Light Source Color - BLUE	 , 29/03/2024,16:16:28
15, 120,197,251
15, 36562,11087,703
15, 36563,11092,703
15, 36555,11092,703
15, 36559,11094,703
15, 36556,11094,703
15, 36543,11091,703
15, 36562,11097,703
15, 36556,11095,703
15, 36556,11095,703
15, 36549,11093,703
npk_tube_blank_N_0.4mgL_0
Light Source Color - OFF	 , 29/03/2024,16:16:41
