npk_N_0.8mgL_0  :  ปริมาณ 0.8 มิลลิกรัมต่อลิตร  npk_detector_TSCRGB2024 
Light Source Color - OFF
N,P,K
0, 1755,4592,1051
0, 2011,5390,963
0, 2006,5381,963
0, 2006,5380,962
0, 2006,5381,962
0, 2004,5375,962
0, 2004,5375,962
0, 2004,5376,962
0, 2005,5377,962
0, 2005,5378,962
npk_N_0.8mgL_0
Light Source Color - WHITE	 , 29/03/2024,17:16:21
1, 2004,5376,962
1, 60434,52574,46980
1, 60290,52411,46539
1, 60187,52299,46325
1, 60122,52209,46174
1, 60068,52162,46085
1, 60019,52100,45972
1, 59966,52054,45820
1, 59983,52037,45834
1, 60025,52029,45812
1, 59986,52009,45735
npk_N_0.8mgL_0
Light Source Color - OFF	 , 29/03/2024,17:16:34
2, 59974,51978,45649
2, 115,190,240
2, 115,190,240
2, 115,190,240
2, 115,190,240
2, 115,190,240
2, 115,190,240
2, 115,190,240
2, 115,190,240
2, 115,190,240
2, 115,190,240
npk_N_0.8mgL_0
Light Source Color - RED	 , 29/03/2024,17:16:46
3, 115,190,240
3, 4702,2306,42268
3, 4688,2297,42061
3, 4685,2294,42043
3, 4678,2292,41973
3, 4677,2291,41957
3, 4675,2290,41937
3, 4674,2289,41919
3, 4673,2288,41907
3, 4673,2287,41895
3, 4674,2286,41911
npk_N_0.8mgL_0
Light Source Color - OFF	 , 29/03/2024,17:16:59
4, 4670,2287,41876
4, 115,190,240
4, 115,190,240
4, 115,190,240
4, 115,190,240
4, 115,190,240
4, 115,190,240
4, 115,190,240
4, 115,190,240
4, 115,190,240
4, 115,190,240
npk_N_0.8mgL_0
Light Source Color - GREEN	 , 29/03/2024,17:17:12
5, 115,190,240
5, 14278,38725,5336
5, 14230,38633,5331
5, 14212,38590,5328
5, 14186,38536,5328
5, 14184,38534,5327
5, 14182,38532,5326
5, 14175,38520,5326
5, 14166,38499,5325
5, 14162,38489,5324
5, 14157,38491,5323
npk_N_0.8mgL_0
Light Source Color - OFF	 , 29/03/2024,17:17:24
6, 14145,38456,5321
6, 115,190,240
6, 115,190,240
6, 115,190,240
6, 115,190,240
6, 115,190,240
6, 115,190,240
6, 115,190,240
6, 115,190,240
6, 115,190,240
6, 115,190,240
npk_N_0.8mgL_0
Light Source Color - BLUE	 , 29/03/2024,17:17:37
7, 115,190,240
7, 43529,13137,774
7, 43515,13139,774
7, 43525,13142,774
7, 43551,13149,774
7, 43560,13156,774
7, 43563,13158,774
7, 43555,13157,774
7, 43577,13164,774
7, 43579,13163,774
7, 43565,13159,774
npk_N_0.8mgL_0
Light Source Color - OFF	 , 29/03/2024,17:17:49
8, 43557,13153,774
8, 115,190,240
8, 115,190,240
8, 115,190,240
8, 115,190,240
8, 115,190,240
8, 115,190,240
8, 115,190,240
8, 115,190,240
8, 115,190,240
8, 115,190,240
npk_N_0.8mgL_0
Light Source Color - WHITE	 , 29/03/2024,17:18:02
9, 115,190,240
9, 60220,52396,46261
9, 60214,52338,46085
9, 60139,52233,45866
9, 60068,52130,45721
9, 60019,52066,45605
9, 59980,52030,45507
9, 59950,51988,45449
9, 59927,51934,45414
9, 59890,51857,45332
9, 59951,51880,45289
npk_N_0.8mgL_0
Light Source Color - OFF	 , 29/03/2024,17:18:15
10, 59945,51903,45238
10, 115,190,240
10, 115,190,240
10, 115,190,240
10, 115,190,240
10, 115,190,240
10, 115,190,240
10, 115,190,240
10, 115,190,240
10, 115,190,240
10, 115,190,240
npk_N_0.8mgL_0
Light Source Color - RED	 , 29/03/2024,17:18:27
11, 115,190,240
11, 4689,2299,42105
11, 4674,2287,41876
11, 4667,2283,41818
11, 4667,2282,41769
11, 4664,2281,41756
11, 4663,2280,41757
11, 4660,2279,41723
11, 4657,2278,41692
11, 4658,2277,41713
11, 4655,2276,41684
npk_N_0.8mgL_0
Light Source Color - OFF	 , 29/03/2024,17:18:40
12, 4654,2276,41656
12, 115,190,240
12, 115,190,240
12, 115,190,240
12, 115,190,240
12, 115,190,240
12, 115,190,240
12, 115,190,240
12, 115,190,240
12, 115,190,240
12, 115,190,240
npk_N_0.8mgL_0
Light Source Color - GREEN	 , 29/03/2024,17:18:53
13, 115,190,240
13, 14261,38695,5334
13, 14209,38586,5329
13, 14187,38534,5328
13, 14173,38506,5325
13, 14164,38506,5326
13, 14151,38475,5323
13, 14149,38469,5323
13, 14143,38438,5321
13, 14136,38434,5321
13, 14135,38428,5322
npk_N_0.8mgL_0
Light Source Color - OFF	 , 29/03/2024,17:19:05
14, 14134,38448,5324
14, 115,190,240
14, 115,190,240
14, 115,190,240
14, 115,190,240
14, 115,190,240
14, 115,190,240
14, 115,190,240
14, 115,190,240
14, 115,190,240
14, 115,190,240
npk_N_0.8mgL_0
Light Source Color - BLUE	 , 29/03/2024,17:19:18
15, 115,190,240
15, 43550,13149,774
15, 43557,13157,774
15, 43549,13159,774
15, 43541,13156,774
15, 43575,13167,775
15, 43577,13169,775
15, 43573,13171,775
15, 43577,13169,775
15, 43576,13168,775
15, 43571,13166,774
npk_N_0.8mgL_0
Light Source Color - OFF	 , 29/03/2024,17:19:31
