npk_N_8.0mgL_0  :  ปริมาณ 8.0 มิลลิกรัมต่อลิตร  npk_detector_TSCRGB2024 
Light Source Color - OFF
N,P,K
0, 2881,7991,1580
0, 1502,4149,821
0, 1501,4146,821
0, 1500,4145,821
0, 1497,4138,820
0, 1499,4143,821
0, 1495,4132,820
0, 1496,4136,821
0, 1497,4138,821
0, 1496,4134,820
npk_N_8.0mgL_0
Light Source Color - WHITE	 , 29/03/2024,15:35:28
1, 1496,4135,820
1, 37886,38407,49968
1, 37805,38310,49615
1, 37752,38240,49452
1, 37720,38191,49309
1, 37685,38160,49207
1, 37709,38146,49167
1, 37685,38116,49089
1, 37646,38071,49015
1, 37411,37848,48711
1, 37580,38002,48828
npk_N_8.0mgL_0
Light Source Color - OFF	 , 29/03/2024,15:35:40
2, 37571,37990,48772
2, 111,186,240
2, 111,186,240
2, 111,186,240
2, 111,186,240
2, 111,186,240
2, 111,186,240
2, 111,186,240
2, 111,186,240
2, 111,186,240
2, 111,186,240
npk_N_8.0mgL_0
Light Source Color - RED	 , 29/03/2024,15:35:53
3, 177,216,877
3, 4983,2394,46978
3, 4964,2379,46709
3, 4957,2375,46613
3, 4956,2374,46540
3, 4954,2373,46504
3, 4909,2354,46080
3, 4947,2368,46479
3, 4946,2367,46464
3, 4948,2369,46468
3, 4945,2368,46430
npk_N_8.0mgL_0
Light Source Color - OFF	 , 29/03/2024,15:36:05
4, 4946,2367,46435
4, 111,186,240
4, 111,186,240
4, 111,186,240
4, 111,186,240
4, 111,186,240
4, 111,186,240
4, 111,186,240
4, 111,186,240
4, 111,186,240
4, 111,186,240
npk_N_8.0mgL_0
Light Source Color - GREEN	 , 29/03/2024,15:36:18
5, 111,186,240
5, 10550,29689,4344
5, 10537,29665,4343
5, 10516,29625,4342
5, 10504,29602,4341
5, 10496,29586,4341
5, 10490,29577,4341
5, 10484,29570,4341
5, 10479,29559,4340
5, 10477,29552,4340
5, 10473,29548,4339
npk_N_8.0mgL_0
Light Source Color - OFF	 , 29/03/2024,15:36:30
6, 10470,29540,4338
6, 111,186,240
6, 111,186,240
6, 111,186,240
6, 111,186,240
6, 111,186,240
6, 111,186,240
6, 111,186,240
6, 111,186,240
6, 111,186,240
6, 111,186,240
npk_N_8.0mgL_0
Light Source Color - BLUE	 , 29/03/2024,15:36:43
7, 111,186,240
7, 23620,7480,538
7, 23633,7487,539
7, 23640,7490,539
7, 23644,7492,539
7, 23650,7493,539
7, 23649,7494,539
7, 23643,7494,539
7, 23640,7493,538
7, 23650,7496,539
7, 23656,7499,539
npk_N_8.0mgL_0
Light Source Color - OFF	 , 29/03/2024,15:36:55
8, 23657,7497,539
8, 111,186,240
8, 111,186,240
8, 111,186,240
8, 111,186,240
8, 111,186,240
8, 111,186,240
8, 111,186,240
8, 111,186,240
8, 111,186,240
8, 111,186,240
npk_N_8.0mgL_0
Light Source Color - WHITE	 , 29/03/2024,15:37:07
9, 111,186,240
9, 37683,38192,49433
9, 37603,38088,49119
9, 37554,38022,48942
9, 37565,38004,48875
9, 37532,37957,48763
9, 37501,37924,48673
9, 37474,37888,48596
9, 37456,37866,48524
9, 37435,37846,48454
9, 37415,37822,48374
npk_N_8.0mgL_0
Light Source Color - OFF	 , 29/03/2024,15:37:20
10, 37392,37795,48303
10, 111,186,240
10, 111,186,240
10, 111,186,240
10, 111,186,240
10, 111,186,240
10, 111,186,240
10, 111,186,240
10, 111,186,240
10, 111,186,240
10, 111,186,240
npk_N_8.0mgL_0
Light Source Color - RED	 , 29/03/2024,15:37:32
11, 111,186,240
11, 4953,2371,46519
11, 4939,2361,46317
11, 4934,2358,46250
11, 4931,2356,46212
11, 4928,2354,46194
11, 4927,2354,46181
11, 4925,2353,46156
11, 4923,2352,46140
11, 4921,2351,46130
11, 4919,2350,46107
npk_N_8.0mgL_0
Light Source Color - OFF	 , 29/03/2024,15:37:45
12, 4919,2350,46092
12, 111,186,240
12, 111,186,240
12, 111,186,240
12, 111,186,240
12, 111,186,240
12, 111,186,240
12, 111,186,240
12, 111,186,240
12, 111,186,240
12, 111,186,240
npk_N_8.0mgL_0
Light Source Color - GREEN	 , 29/03/2024,15:37:57
13, 111,186,240
13, 10516,29617,4341
13, 10482,29545,4338
13, 10464,29510,4335
13, 10453,29492,4334
13, 10446,29473,4332
13, 10440,29462,4331
13, 10438,29459,4331
13, 10435,29450,4330
13, 10431,29435,4330
13, 10425,29425,4329
npk_N_8.0mgL_0
Light Source Color - OFF	 , 29/03/2024,15:38:10
14, 10423,29419,4328
14, 111,186,240
14, 111,186,240
14, 111,186,240
14, 111,186,240
14, 111,186,240
14, 111,186,240
14, 111,186,240
14, 111,186,240
14, 111,186,240
14, 111,186,240
npk_N_8.0mgL_0
Light Source Color - BLUE	 , 29/03/2024,15:38:22
15, 111,186,240
15, 23589,7476,538
15, 23600,7483,538
15, 23604,7486,538
15, 23606,7487,538
15, 23607,7487,538
15, 23603,7486,538
15, 23613,7489,539
15, 23615,7490,539
15, 23610,7489,539
15, 23607,7487,538
npk_N_8.0mgL_0
Light Source Color - OFF	 , 29/03/2024,15:38:35
