npk_tube_blank_N_1.0mgL_0  :  npk_detector_TSCRGB2024
Light Source Color - OFF
N,P,K
0, 1662,4583,997
0, 1703,4825,813
0, 1701,4821,812
0, 1701,4820,812
0, 1700,4820,812
0, 1700,4819,812
0, 1700,4819,812
0, 1699,4818,812
0, 1699,4816,812
0, 1699,4815,812
npk_tube_blank_N_1.0mgL_0
Light Source Color - WHITE	 , 29/03/2024,16:35:44
1, 1699,4818,812
1, 48235,41027,35675
1, 48122,40902,35396
1, 48063,40830,35265
1, 48022,40777,35175
1, 47986,40735,35103
1, 47954,40699,35041
1, 47920,40664,34982
1, 47957,40664,34957
1, 47933,40639,34905
1, 47910,40615,34860
npk_tube_blank_N_1.0mgL_0
Light Source Color - OFF	 , 29/03/2024,16:35:56
2, 47885,40591,34816
2, 121,198,252
2, 121,198,252
2, 121,198,252
2, 121,198,252
2, 121,198,252
2, 121,198,252
2, 121,198,252
2, 121,198,252
2, 121,198,252
2, 121,198,252
npk_tube_blank_N_1.0mgL_0
Light Source Color - RED	 , 29/03/2024,16:36:09
3, 121,198,252
3, 3659,1861,32411
3, 3650,1855,32290
3, 3647,1853,32247
3, 3645,1852,32225
3, 3644,1851,32209
3, 3644,1851,32203
3, 3643,1850,32191
3, 3642,1850,32180
3, 3642,1849,32172
3, 3641,1849,32165
npk_tube_blank_N_1.0mgL_0
Light Source Color - OFF	 , 29/03/2024,16:36:22
4, 3641,1848,32156
4, 121,198,252
4, 121,198,252
4, 121,198,252
4, 121,198,253
4, 121,198,253
4, 121,198,253
4, 121,198,252
4, 121,198,252
4, 121,198,252
4, 121,198,252
npk_tube_blank_N_1.0mgL_0
Light Source Color - GREEN	 , 29/03/2024,16:36:34
5, 121,198,252
5, 10934,29924,4044
5, 10906,29865,4041
5, 10897,29848,4040
5, 10884,29819,4039
5, 10874,29797,4038
5, 10867,29784,4037
5, 10861,29772,4036
5, 10858,29764,4036
5, 10854,29758,4035
5, 10851,29751,4035
npk_tube_blank_N_1.0mgL_0
Light Source Color - OFF	 , 29/03/2024,16:36:47
6, 9615,26348,3600
6, 121,198,252
6, 121,198,252
6, 121,198,252
6, 121,198,252
6, 121,198,252
6, 121,198,252
6, 121,198,252
6, 121,198,252
6, 121,198,253
6, 121,198,253
npk_tube_blank_N_1.0mgL_0
Light Source Color - BLUE	 , 29/03/2024,16:36:59
7, 121,198,253
7, 35430,10626,690
7, 35426,10630,690
7, 35422,10630,690
7, 35420,10631,690
7, 35414,10630,690
7, 35415,10631,690
7, 35416,10631,690
7, 35433,10637,690
7, 35431,10637,690
7, 35427,10635,690
npk_tube_blank_N_1.0mgL_0
Light Source Color - OFF	 , 29/03/2024,16:37:12
8, 35416,10633,690
8, 121,198,252
8, 121,198,252
8, 121,198,252
8, 121,198,252
8, 121,198,252
8, 121,198,252
8, 121,198,252
8, 121,198,252
8, 121,198,252
8, 121,198,252
npk_tube_blank_N_1.0mgL_0
Light Source Color - WHITE	 , 29/03/2024,16:37:25
9, 121,198,252
9, 48173,40978,35519
9, 48063,40852,35279
9, 48002,40780,35153
9, 47960,40727,35063
9, 47999,40719,35027
9, 47956,40680,34963
9, 47924,40644,34903
9, 47905,40618,34849
9, 47880,40589,34800
9, 47856,40567,34755
npk_tube_blank_N_1.0mgL_0
Light Source Color - OFF	 , 29/03/2024,16:37:37
10, 47836,40546,34711
10, 121,198,252
10, 121,198,252
10, 121,198,252
10, 121,198,252
10, 121,198,252
10, 121,198,252
10, 121,198,252
10, 121,198,252
10, 121,198,252
10, 121,198,252
npk_tube_blank_N_1.0mgL_0
Light Source Color - RED	 , 29/03/2024,16:37:50
11, 121,198,252
11, 3651,1856,32293
11, 3644,1851,32199
11, 3643,1850,32180
11, 3641,1848,32151
11, 3640,1848,32133
11, 3639,1847,32123
11, 3638,1846,32110
11, 3637,1846,32100
11, 3637,1845,32093
11, 3636,1845,32084
npk_tube_blank_N_1.0mgL_0
Light Source Color - OFF	 , 29/03/2024,16:38:03
12, 3392,1730,29871
12, 121,198,252
12, 121,198,252
12, 121,198,252
12, 121,198,252
12, 121,198,252
12, 121,198,252
12, 121,198,252
12, 121,198,252
12, 121,198,252
12, 121,198,252
npk_tube_blank_N_1.0mgL_0
Light Source Color - GREEN	 , 29/03/2024,16:38:15
13, 121,198,252
13, 10940,29933,4044
13, 10901,29852,4040
13, 10881,29810,4038
13, 10868,29785,4037
13, 10860,29767,4036
13, 10852,29751,4035
13, 10847,29741,4034
13, 10846,29739,4034
13, 10843,29733,4034
13, 10840,29727,4034
npk_tube_blank_N_1.0mgL_0
Light Source Color - OFF	 , 29/03/2024,16:38:28
14, 10838,29721,4033
14, 121,198,252
14, 121,198,252
14, 121,198,252
14, 121,198,252
14, 121,198,252
14, 121,198,252
14, 121,198,252
14, 121,198,252
14, 121,198,252
14, 121,198,252
npk_tube_blank_N_1.0mgL_0
Light Source Color - BLUE	 , 29/03/2024,16:38:40
15, 121,198,252
15, 35404,10625,689
15, 35407,10630,689
15, 35405,10631,689
15, 35400,10630,689
15, 35419,10636,690
15, 35418,10635,690
15, 35413,10635,690
15, 35414,10636,690
15, 35400,10632,689
15, 35408,10634,689
npk_tube_blank_N_1.0mgL_0
Light Source Color - OFF	 , 29/03/2024,16:38:53
