npk_tube_water_N_2.0mgL_0  :  npk_detector_TSCRGB2024
Light Source Color - OFF
N,P,K
0, 1911,5094,1096
0, 2083,5664,967
0, 2085,5674,968
0, 2084,5671,969
0, 2083,5667,968
0, 2080,5661,967
0, 2082,5665,968
0, 2083,5668,969
0, 2083,5671,968
0, 2082,5667,968
npk_tube_water_N_2.0mgL_0
Light Source Color - WHITE	 , 29/03/2024,14:11:30
1, 2082,5668,968
1, 65535,56599,48467
1, 65535,56468,48156
1, 65535,56455,48072
1, 65535,56383,47934
1, 65535,56282,47820
1, 65535,56251,47668
1, 65535,56183,47517
1, 65535,56169,47517
1, 65535,56178,47524
1, 65535,56125,47448
npk_tube_water_N_2.0mgL_0
Light Source Color - OFF	 , 29/03/2024,14:11:42
2, 65535,56000,47376
2, 117,193,245
2, 117,193,245
2, 117,193,245
2, 117,193,245
2, 117,193,245
2, 117,193,245
2, 117,193,245
2, 117,193,245
2, 117,193,245
2, 117,193,245
npk_tube_water_N_2.0mgL_0
Light Source Color - RED	 , 29/03/2024,14:11:54
3, 117,193,245
3, 4818,2366,43049
3, 4916,2406,43872
3, 4910,2402,43796
3, 4902,2397,43707
3, 4905,2399,43743
3, 4905,2398,43722
3, 4904,2398,43712
3, 4904,2397,43702
3, 4900,2396,43646
3, 4898,2393,43581
npk_tube_water_N_2.0mgL_0
Light Source Color - OFF	 , 29/03/2024,14:12:06
4, 4896,2394,43634
4, 117,193,245
4, 117,192,245
4, 117,193,245
4, 117,193,245
4, 117,193,245
4, 117,193,245
4, 117,193,245
4, 117,192,245
4, 117,192,245
4, 117,193,245
npk_tube_water_N_2.0mgL_0
Light Source Color - GREEN	 , 29/03/2024,14:12:19
5, 117,193,245
5, 15060,40480,5355
5, 15016,40390,5352
5, 14998,40359,5351
5, 14973,40308,5346
5, 14963,40272,5343
5, 14956,40242,5343
5, 14930,40142,5338
5, 14898,40077,5336
5, 14866,39892,5329
5, 14880,39968,5338
npk_tube_water_N_2.0mgL_0
Light Source Color - OFF	 , 29/03/2024,14:12:31
6, 14944,40213,5347
6, 117,193,245
6, 117,193,245
6, 117,193,245
6, 117,193,245
6, 117,193,245
6, 117,193,245
6, 117,193,245
6, 117,193,245
6, 117,193,245
6, 117,193,245
npk_tube_water_N_2.0mgL_0
Light Source Color - BLUE	 , 29/03/2024,14:12:43
7, 117,193,245
7, 53012,15445,873
7, 52994,15443,873
7, 53004,15450,873
7, 53046,15464,873
7, 53060,15470,874
7, 53078,15475,874
7, 53069,15473,874
7, 53064,15474,873
7, 53060,15472,873
7, 53079,15478,874
npk_tube_water_N_2.0mgL_0
Light Source Color - OFF	 , 29/03/2024,14:12:56
8, 53058,15471,874
8, 117,193,245
8, 117,193,245
8, 117,193,245
8, 117,193,245
8, 117,192,245
8, 117,193,245
8, 117,193,245
8, 117,193,245
8, 117,193,245
8, 117,192,245
npk_tube_water_N_2.0mgL_0
Light Source Color - WHITE	 , 29/03/2024,14:13:08
9, 117,192,245
9, 65535,56432,47722
9, 65535,56376,47569
9, 65535,56274,47577
9, 65535,56196,47515
9, 65535,56115,47401
9, 65535,56066,47239
9, 65535,56047,47133
9, 65535,56058,47119
9, 65535,56023,47077
9, 65535,55947,47008
npk_tube_water_N_2.0mgL_0
Light Source Color - OFF	 , 29/03/2024,14:13:20
10, 65535,55910,46933
10, 117,192,245
10, 117,192,245
10, 117,192,245
10, 117,192,245
10, 117,192,245
10, 117,193,245
10, 117,192,245
10, 117,192,245
10, 117,192,245
10, 117,193,245
npk_tube_water_N_2.0mgL_0
Light Source Color - RED	 , 29/03/2024,14:13:33
11, 117,193,245
11, 4905,2398,43716
11, 4890,2388,43507
11, 4886,2384,43442
11, 4883,2383,43404
11, 4880,2381,43379
11, 4878,2380,43362
11, 4874,2378,43310
11, 4871,2376,43267
11, 4866,2374,43241
11, 4868,2374,43255
npk_tube_water_N_2.0mgL_0
Light Source Color - OFF	 , 29/03/2024,14:13:45
12, 4868,2375,43247
12, 455,348,3306
12, 117,193,245
12, 117,192,245
12, 117,192,245
12, 117,192,245
12, 117,192,245
12, 117,192,245
12, 117,192,245
12, 117,192,245
12, 117,192,245
npk_tube_water_N_2.0mgL_0
Light Source Color - GREEN	 , 29/03/2024,14:13:57
13, 117,192,245
13, 14984,40301,5341
13, 14946,40250,5341
13, 14936,40210,5340
13, 14932,40211,5342
13, 14917,40184,5341
13, 14901,40155,5339
13, 14898,40146,5340
13, 14899,40151,5341
13, 14894,40143,5340
13, 14890,40136,5339
npk_tube_water_N_2.0mgL_0
Light Source Color - OFF	 , 29/03/2024,14:14:10
14, 14880,40111,5334
14, 117,192,245
14, 117,192,245
14, 117,192,245
14, 117,192,245
14, 117,192,245
14, 117,193,245
14, 117,193,245
14, 117,192,245
14, 117,192,245
14, 117,192,245
npk_tube_water_N_2.0mgL_0
Light Source Color - BLUE	 , 29/03/2024,14:14:22
15, 117,192,245
15, 53031,15472,873
15, 53057,15483,874
15, 53055,15486,874
15, 53044,15485,874
15, 53025,15482,873
15, 53014,15482,873
15, 53005,15483,873
15, 53037,15491,874
15, 53035,15491,874
15, 53035,15489,874
npk_tube_water_N_2.0mgL_0
Light Source Color - OFF	 , 29/03/2024,14:14:34
