npk_tube_blank_N_0.2mgL_0  :  npk_detector_TSCRGB2024
Light Source Color - OFF
N,P,K
0, 2451,6629,1304
0, 122,199,255
0, 122,199,254
0, 122,199,254
0, 122,199,254
0, 122,199,254
0, 122,199,254
0, 121,199,254
0, 121,199,254
0, 121,199,254
npk_tube_blank_N_0.2mgL_0
Light Source Color - WHITE	 , 29/03/2024,16:04:55
1, 122,199,254
1, 51698,42859,39709
1, 51557,42709,39354
1, 51488,42629,39198
1, 51442,42571,39089
1, 51404,42524,39002
1, 51362,42477,38922
1, 51330,42443,38853
1, 51307,42413,38792
1, 51348,42415,38765
1, 51321,42388,38706
npk_tube_blank_N_0.2mgL_0
Light Source Color - OFF	 , 29/03/2024,16:05:08
2, 51298,42362,38655
2, 121,198,254
2, 121,198,254
2, 121,198,254
2, 121,198,254
2, 121,198,254
2, 121,198,254
2, 121,198,254
2, 121,199,254
2, 121,199,254
2, 121,199,254
npk_tube_blank_N_0.2mgL_0
Light Source Color - RED	 , 29/03/2024,16:05:20
3, 121,199,254
3, 4042,1966,36076
3, 4033,1959,35937
3, 4030,1956,35887
3, 4028,1955,35859
3, 4026,1954,35835
3, 4026,1954,35827
3, 4025,1953,35809
3, 4024,1952,35794
3, 4023,1951,35782
3, 4022,1950,35767
npk_tube_blank_N_0.2mgL_0
Light Source Color - OFF	 , 29/03/2024,16:05:33
4, 4021,1950,35753
4, 121,198,254
4, 121,198,254
4, 121,198,254
4, 121,198,254
4, 121,198,254
4, 121,198,254
4, 121,198,254
4, 121,198,254
4, 121,198,254
4, 121,198,254
npk_tube_blank_N_0.2mgL_0
Light Source Color - GREEN	 , 29/03/2024,16:05:45
5, 165,315,269
5, 11642,30984,4262
5, 11602,30906,4259
5, 11580,30863,4257
5, 11567,30836,4256
5, 11556,30815,4255
5, 11549,30800,4254
5, 11544,30791,4253
5, 11539,30782,4253
5, 11538,30779,4253
5, 11534,30770,4253
npk_tube_blank_N_0.2mgL_0
Light Source Color - OFF	 , 29/03/2024,16:05:58
6, 11531,30764,4252
6, 121,198,254
6, 121,198,254
6, 121,198,254
6, 121,198,254
6, 121,198,254
6, 121,198,254
6, 121,198,254
6, 121,198,254
6, 121,198,254
6, 121,198,254
npk_tube_blank_N_0.2mgL_0
Light Source Color - BLUE	 , 29/03/2024,16:06:10
7, 121,198,254
7, 37757,11218,718
7, 37753,11221,718
7, 37751,11222,718
7, 37769,11228,718
7, 37773,11231,718
7, 37768,11229,718
7, 37764,11229,718
7, 37760,11229,718
7, 37752,11227,718
7, 37754,11228,718
npk_tube_blank_N_0.2mgL_0
Light Source Color - OFF	 , 29/03/2024,16:06:23
8, 37750,11227,718
8, 611,342,260
8, 121,198,254
8, 121,198,254
8, 121,198,254
8, 121,198,254
8, 121,198,254
8, 121,198,254
8, 121,198,254
8, 121,198,254
8, 121,198,254
npk_tube_blank_N_0.2mgL_0
Light Source Color - WHITE	 , 29/03/2024,16:06:35
9, 121,198,254
9, 51490,42641,39202
9, 51354,42497,38881
9, 51288,42416,38734
9, 51247,42358,38631
9, 51197,42310,38548
9, 51166,42274,38480
9, 51141,42242,38417
9, 51179,42240,38388
9, 51153,42212,38335
9, 51131,42185,38283
npk_tube_blank_N_0.2mgL_0
Light Source Color - OFF	 , 29/03/2024,16:06:48
10, 51110,42163,38232
10, 121,198,254
10, 121,198,254
10, 121,198,254
10, 121,198,254
10, 121,198,254
10, 121,198,254
10, 121,198,254
10, 121,198,254
10, 121,198,254
10, 121,198,254
npk_tube_blank_N_0.2mgL_0
Light Source Color - RED	 , 29/03/2024,16:07:00
11, 121,198,254
11, 4019,1947,35711
11, 4012,1942,35601
11, 4009,1940,35560
11, 4008,1939,35547
11, 4007,1938,35526
11, 4006,1937,35511
11, 4005,1937,35497
11, 4004,1936,35485
11, 4004,1936,35475
11, 4003,1935,35466
npk_tube_blank_N_0.2mgL_0
Light Source Color - OFF	 , 29/03/2024,16:07:13
12, 3710,1804,32807
12, 121,198,254
12, 121,198,254
12, 121,198,254
12, 121,198,254
12, 121,198,254
12, 121,198,254
12, 121,198,254
12, 121,198,254
12, 121,198,254
12, 121,198,254
npk_tube_blank_N_0.2mgL_0
Light Source Color - GREEN	 , 29/03/2024,16:07:25
13, 121,198,254
13, 11579,30858,4256
13, 11544,30786,4253
13, 11523,30747,4251
13, 11510,30719,4249
13, 11501,30702,4248
13, 11499,30697,4248
13, 11492,30685,4248
13, 11488,30675,4247
13, 11484,30668,4247
13, 11482,30664,4247
npk_tube_blank_N_0.2mgL_0
Light Source Color - OFF	 , 29/03/2024,16:07:38
14, 11478,30656,4246
14, 121,198,254
14, 121,198,254
14, 121,198,254
14, 121,198,254
14, 121,198,254
14, 121,198,254
14, 121,198,254
14, 121,198,254
14, 121,198,254
14, 121,198,253
npk_tube_blank_N_0.2mgL_0
Light Source Color - BLUE	 , 29/03/2024,16:07:50
15, 121,198,253
15, 37704,11217,717
15, 37722,11225,717
15, 37719,11226,717
15, 37714,11226,717
15, 37712,11226,717
15, 37704,11225,717
15, 37704,11225,717
15, 37697,11223,717
15, 37720,11230,717
15, 37726,11232,717
npk_tube_blank_N_0.2mgL_0
Light Source Color - OFF	 , 29/03/2024,16:08:03
