npk_tube_blank_N_0.6mgL_0  :  npk_detector_TSCRGB2024
Light Source Color - OFF
N,P,K
0, 234,385,489
0, 1694,4740,824
0, 1692,4737,824
0, 1691,4733,823
0, 1690,4732,823
0, 1690,4733,824
0, 1689,4728,823
0, 1690,4732,823
0, 1689,4729,823
0, 1690,4731,824
npk_tube_blank_N_0.6mgL_0
Light Source Color - WHITE	 , 29/03/2024,16:20:49
1, 1689,4729,823
1, 50336,42326,37519
1, 50221,42199,37242
1, 50157,42122,37112
1, 50113,42068,37021
1, 50073,42022,36949
1, 50038,41985,36885
1, 50074,41982,36856
1, 50056,41956,36803
1, 50028,41928,36752
1, 49989,41898,36705
npk_tube_blank_N_0.6mgL_0
Light Source Color - OFF	 , 29/03/2024,16:21:01
2, 49960,41873,36660
2, 120,196,250
2, 120,196,250
2, 120,196,250
2, 120,196,250
2, 120,196,250
2, 120,196,250
2, 120,196,250
2, 120,196,250
2, 120,196,250
2, 120,196,250
npk_tube_blank_N_0.6mgL_0
Light Source Color - RED	 , 29/03/2024,16:21:14
3, 120,196,250
3, 4042,1951,34121
3, 4034,1946,34013
3, 4031,1944,33975
3, 4031,1943,33964
3, 4029,1942,33946
3, 4029,1941,33934
3, 4028,1941,33925
3, 4027,1940,33912
3, 4027,1940,33904
3, 4026,1939,33895
npk_tube_blank_N_0.6mgL_0
Light Source Color - OFF	 , 29/03/2024,16:21:27
4, 4025,1939,33887
4, 120,196,250
4, 120,196,250
4, 120,196,250
4, 120,196,250
4, 120,196,250
4, 120,196,250
4, 120,196,250
4, 120,196,250
4, 120,196,250
4, 120,196,250
npk_tube_blank_N_0.6mgL_0
Light Source Color - GREEN	 , 29/03/2024,16:21:39
5, 120,196,250
5, 11484,30779,4223
5, 11442,30693,4219
5, 11421,30651,4217
5, 11408,30623,4215
5, 11398,30605,4214
5, 11391,30591,4213
5, 11387,30581,4213
5, 11385,30578,4213
5, 11381,30570,4212
5, 11377,30561,4212
npk_tube_blank_N_0.6mgL_0
Light Source Color - OFF	 , 29/03/2024,16:21:52
6, 11375,30556,4211
6, 120,196,250
6, 120,196,250
6, 120,196,250
6, 120,196,250
6, 120,196,250
6, 120,196,250
6, 120,196,250
6, 120,196,250
6, 120,196,250
6, 120,196,250
npk_tube_blank_N_0.6mgL_0
Light Source Color - BLUE	 , 29/03/2024,16:22:04
7, 120,196,250
7, 36666,11049,701
7, 36669,11053,701
7, 36669,11055,701
7, 36671,11057,701
7, 36693,11064,702
7, 36689,11063,701
7, 36686,11063,701
7, 36687,11063,701
7, 36677,11060,701
7, 36676,11060,701
npk_tube_blank_N_0.6mgL_0
Light Source Color - OFF	 , 29/03/2024,16:22:17
8, 36676,11061,701
8, 120,196,250
8, 120,196,250
8, 120,196,250
8, 120,196,250
8, 120,196,250
8, 120,196,250
8, 120,196,250
8, 120,196,250
8, 120,196,250
8, 120,196,250
npk_tube_blank_N_0.6mgL_0
Light Source Color - WHITE	 , 29/03/2024,16:22:29
9, 3733,3231,2952
9, 50384,42360,37561
9, 50236,42195,37215
9, 50153,42107,37069
9, 50107,42048,36974
9, 50069,42001,36896
9, 50038,41963,36831
9, 50004,41927,36772
9, 49977,41898,36720
9, 50019,41900,36697
9, 49999,41876,36650
npk_tube_blank_N_0.6mgL_0
Light Source Color - OFF	 , 29/03/2024,16:22:42
10, 49974,41851,36603
10, 120,196,250
10, 120,196,250
10, 120,196,250
10, 120,196,250
10, 120,196,250
10, 120,196,250
10, 120,196,250
10, 120,196,250
10, 120,196,250
10, 120,196,250
npk_tube_blank_N_0.6mgL_0
Light Source Color - RED	 , 29/03/2024,16:22:55
11, 120,196,250
11, 4042,1950,34105
11, 4032,1943,33976
11, 4029,1941,33931
11, 4028,1940,33910
11, 4027,1939,33894
11, 4026,1939,33890
11, 4026,1938,33880
11, 4025,1938,33868
11, 4024,1937,33861
11, 4024,1937,33857
npk_tube_blank_N_0.6mgL_0
Light Source Color - OFF	 , 29/03/2024,16:23:07
12, 4024,1937,33849
12, 120,196,250
12, 120,196,250
12, 120,196,250
12, 120,196,250
12, 120,196,250
12, 120,196,250
12, 120,196,250
12, 120,196,250
12, 120,196,250
12, 120,196,250
npk_tube_blank_N_0.6mgL_0
Light Source Color - GREEN	 , 29/03/2024,16:23:20
13, 120,196,250
13, 11452,30714,4219
13, 11436,30681,4218
13, 11413,30635,4215
13, 11399,30606,4214
13, 11390,30588,4213
13, 11382,30573,4212
13, 11378,30564,4212
13, 11373,30553,4211
13, 11370,30547,4211
13, 11369,30545,4211
npk_tube_blank_N_0.6mgL_0
Light Source Color - OFF	 , 29/03/2024,16:23:32
14, 11366,30539,4210
14, 120,196,250
14, 120,196,250
14, 120,196,250
14, 120,196,250
14, 120,196,250
14, 120,196,250
14, 120,196,250
14, 120,196,250
14, 120,196,250
14, 120,196,250
npk_tube_blank_N_0.6mgL_0
Light Source Color - BLUE	 , 29/03/2024,16:23:45
15, 120,196,250
15, 36684,11055,701
15, 36685,11061,701
15, 36687,11063,701
15, 36683,11063,701
15, 36680,11063,701
15, 36677,11062,701
15, 36697,11068,702
15, 36695,11068,702
15, 36694,11068,701
15, 36691,11067,701
npk_tube_blank_N_0.6mgL_0
Light Source Color - OFF	 , 29/03/2024,16:23:57
