npk_tube_blank_0.6mgL_0  :  npk_detector_TSCRGB2024
Light Source Color - OFF
N,P,K
0, 239,390,495
0, 123,199,254
0, 122,199,254
0, 122,199,254
0, 122,199,254
0, 122,199,253
0, 122,199,254
0, 122,199,254
0, 122,199,254
0, 122,199,253
npk_tube_blank_0.6mgL_0
Light Source Color - WHITE	 , 29/03/2024,11:59:34
1, 122,199,253
1, 50226,42015,39065
1, 50222,41967,38928
1, 50145,41876,38766
1, 50089,41810,38659
1, 50034,41756,38575
1, 49995,41714,38508
1, 49962,41677,38444
1, 50001,41680,38418
1, 49976,41651,38363
1, 49950,41626,38312
npk_tube_blank_0.6mgL_0
Light Source Color - OFF	 , 29/03/2024,11:59:46
2, 49919,41601,38261
2, 122,199,253
2, 122,199,253
2, 122,199,253
2, 122,199,253
2, 122,199,253
2, 122,199,253
2, 122,199,253
2, 122,199,254
2, 122,199,254
2, 122,199,254
npk_tube_blank_0.6mgL_0
Light Source Color - RED	 , 29/03/2024,11:59:58
3, 122,199,253
3, 3981,2013,35855
3, 3973,2007,35742
3, 3971,2006,35718
3, 3970,2005,35689
3, 3968,2003,35667
3, 3967,2003,35651
3, 3966,2002,35639
3, 3966,2002,35634
3, 3965,2001,35625
3, 3965,2001,35616
npk_tube_blank_0.6mgL_0
Light Source Color - OFF	 , 29/03/2024,12:00:10
4, 3964,2000,35606
4, 122,199,253
4, 122,199,254
4, 122,199,254
4, 122,199,254
4, 122,199,254
4, 122,199,254
4, 122,199,253
4, 122,199,254
4, 122,199,254
4, 122,199,254
npk_tube_blank_0.6mgL_0
Light Source Color - GREEN	 , 29/03/2024,12:00:22
5, 122,199,254
5, 11272,30388,4125
5, 11240,30323,4122
5, 11232,30306,4121
5, 11216,30275,4120
5, 11205,30251,4118
5, 11198,30238,4118
5, 11193,30229,4117
5, 11190,30224,4117
5, 11187,30215,4116
5, 11184,30210,4116
npk_tube_blank_0.6mgL_0
Light Source Color - OFF	 , 29/03/2024,12:00:34
6, 11180,30202,4115
6, 122,199,253
6, 122,199,253
6, 123,199,254
6, 122,199,254
6, 122,199,254
6, 122,199,254
6, 122,199,254
6, 122,199,254
6, 122,199,254
6, 122,199,254
npk_tube_blank_0.6mgL_0
Light Source Color - BLUE	 , 29/03/2024,12:00:46
7, 122,199,254
7, 36832,11034,714
7, 36827,11037,714
7, 36846,11043,715
7, 36850,11045,715
7, 36839,11044,715
7, 36832,11042,714
7, 36830,11042,714
7, 36849,11047,715
7, 36848,11047,715
7, 36838,11044,714
npk_tube_blank_0.6mgL_0
Light Source Color - OFF	 , 29/03/2024,12:00:58
8, 36833,11043,714
8, 122,199,253
8, 122,199,253
8, 122,199,253
8, 122,199,253
8, 122,199,253
8, 122,199,253
8, 122,199,253
8, 122,199,254
8, 122,199,254
8, 122,199,254
npk_tube_blank_0.6mgL_0
Light Source Color - WHITE	 , 29/03/2024,12:01:10
9, 122,199,253
9, 50192,41965,38958
9, 50081,41837,38705
9, 50086,41808,38631
9, 50040,41742,38523
9, 49991,41691,38441
9, 49948,41647,38369
9, 49916,41611,38310
9, 49884,41582,38253
9, 49922,41584,38229
9, 49894,41557,38178
npk_tube_blank_0.6mgL_0
Light Source Color - OFF	 , 29/03/2024,12:01:23
10, 49867,41531,38129
10, 122,199,253
10, 122,199,253
10, 122,199,253
10, 122,199,253
10, 122,199,253
10, 122,199,253
10, 122,199,253
10, 122,199,253
10, 122,199,253
10, 122,199,253
npk_tube_blank_0.6mgL_0
Light Source Color - RED	 , 29/03/2024,12:01:35
11, 122,199,253
11, 3976,2010,35785
11, 3967,2003,35651
11, 3964,2000,35607
11, 3963,2000,35595
11, 3962,1999,35573
11, 3961,1998,35559
11, 3960,1997,35546
11, 3959,1997,35538
11, 3959,1997,35535
11, 3959,1996,35525
npk_tube_blank_0.6mgL_0
Light Source Color - OFF	 , 29/03/2024,12:01:47
12, 3958,1996,35519
12, 122,199,253
12, 122,199,253
12, 122,199,253
12, 122,199,253
12, 122,199,253
12, 122,199,253
12, 122,199,253
12, 122,199,253
12, 122,199,253
12, 122,199,253
npk_tube_blank_0.6mgL_0
Light Source Color - GREEN	 , 29/03/2024,12:01:59
13, 122,199,253
13, 11265,30374,4124
13, 11228,30298,4120
13, 11208,30259,4118
13, 11201,30244,4118
13, 11191,30222,4116
13, 11183,30205,4115
13, 11177,30195,4115
13, 11173,30186,4114
13, 11169,30177,4114
13, 11169,30176,4114
npk_tube_blank_0.6mgL_0
Light Source Color - OFF	 , 29/03/2024,12:02:11
14, 11166,30170,4114
14, 122,199,253
14, 122,199,253
14, 122,199,253
14, 122,199,253
14, 122,199,254
14, 122,199,253
14, 122,199,253
14, 122,199,253
14, 122,199,253
14, 122,199,253
npk_tube_blank_0.6mgL_0
Light Source Color - BLUE	 , 29/03/2024,12:02:23
15, 122,199,253
15, 36841,11039,714
15, 36831,11041,714
15, 36830,11043,714
15, 36844,11048,715
15, 36852,11050,715
15, 36839,11047,715
15, 36832,11045,714
15, 36822,11043,714
15, 36823,11044,714
15, 36839,11048,714
npk_tube_blank_0.6mgL_0
Light Source Color - OFF	 , 29/03/2024,12:02:35
