npk_tube_blank_1.0mgL_0  :  npk_detector_TSCRGB2024
Light Source Color - OFF
N,P,K
0, 240,391,496
0, 123,199,254
0, 123,199,254
0, 123,199,254
0, 123,199,254
0, 123,199,254
0, 123,199,254
0, 123,199,254
0, 123,199,254
0, 123,199,254
npk_tube_blank_1.0mgL_0
Light Source Color - WHITE	 , 29/03/2024,12:32:38
1, 123,199,254
1, 49473,40152,38810
1, 49462,40104,38664
1, 49399,40019,38495
1, 49340,39955,38382
1, 49295,39905,38293
1, 49259,39868,38223
1, 49220,39831,38155
1, 49259,39831,38126
1, 49234,39802,38066
1, 49203,39777,38015
npk_tube_blank_1.0mgL_0
Light Source Color - OFF	 , 29/03/2024,12:32:50
2, 49177,39752,37966
2, 123,199,254
2, 123,199,254
2, 123,199,254
2, 123,199,254
2, 123,199,254
2, 123,199,254
2, 123,199,254
2, 123,199,254
2, 123,199,254
2, 123,199,254
npk_tube_blank_1.0mgL_0
Light Source Color - RED	 , 29/03/2024,12:33:02
3, 123,199,254
3, 3972,1973,35720
3, 3963,1967,35590
3, 3961,1965,35546
3, 3960,1964,35532
3, 3958,1963,35509
3, 3957,1962,35495
3, 3956,1961,35481
3, 3955,1961,35467
3, 3955,1961,35460
3, 3955,1960,35451
npk_tube_blank_1.0mgL_0
Light Source Color - OFF	 , 29/03/2024,12:33:14
4, 3954,1960,35442
4, 123,199,254
4, 123,199,254
4, 123,199,254
4, 123,199,254
4, 123,199,254
4, 123,199,254
4, 123,199,254
4, 123,199,254
4, 123,199,254
4, 123,199,254
npk_tube_blank_1.0mgL_0
Light Source Color - GREEN	 , 29/03/2024,12:33:26
5, 123,199,254
5, 10791,28648,4007
5, 10757,28578,4004
5, 10738,28538,4002
5, 10732,28526,4001
5, 10721,28506,4000
5, 10713,28491,3999
5, 10708,28481,3999
5, 10704,28470,3998
5, 10701,28463,3998
5, 10699,28460,3998
npk_tube_blank_1.0mgL_0
Light Source Color - OFF	 , 29/03/2024,12:33:38
6, 10696,28453,3997
6, 123,199,254
6, 123,199,254
6, 123,199,254
6, 123,199,254
6, 123,199,254
6, 123,199,254
6, 123,199,254
6, 123,199,254
6, 123,199,254
6, 123,199,254
npk_tube_blank_1.0mgL_0
Light Source Color - BLUE	 , 29/03/2024,12:33:50
7, 123,199,254
7, 36585,10930,706
7, 36583,10934,706
7, 36570,10933,706
7, 36566,10933,706
7, 36584,10938,706
7, 36589,10940,706
7, 36587,10940,706
7, 36586,10940,706
7, 36578,10938,706
7, 36590,10941,706
npk_tube_blank_1.0mgL_0
Light Source Color - OFF	 , 29/03/2024,12:34:03
8, 36586,10941,706
8, 123,199,254
8, 123,199,254
8, 123,199,254
8, 123,199,254
8, 123,199,254
8, 123,199,254
8, 123,199,254
8, 123,199,254
8, 123,199,254
8, 123,199,254
npk_tube_blank_1.0mgL_0
Light Source Color - WHITE	 , 29/03/2024,12:34:15
9, 123,199,254
9, 49536,40162,38798
9, 49388,40009,38441
9, 49313,39924,38288
9, 49261,39865,38182
9, 49219,39820,38103
9, 49253,39815,38068
9, 49226,39784,38003
9, 49192,39752,37944
9, 49163,39726,37891
9, 49132,39699,37838
npk_tube_blank_1.0mgL_0
Light Source Color - OFF	 , 29/03/2024,12:34:27
10, 49107,39676,37794
10, 1668,1443,1437
10, 123,199,254
10, 123,199,254
10, 123,199,254
10, 123,199,254
10, 123,199,254
10, 123,199,254
10, 123,199,254
10, 123,199,254
10, 123,199,254
npk_tube_blank_1.0mgL_0
Light Source Color - RED	 , 29/03/2024,12:34:39
11, 123,199,254
11, 3965,1967,35547
11, 3960,1964,35483
11, 3956,1961,35425
11, 3954,1960,35397
11, 3953,1958,35379
11, 3952,1958,35363
11, 3952,1957,35357
11, 3951,1957,35346
11, 3950,1957,35338
11, 3950,1956,35329
npk_tube_blank_1.0mgL_0
Light Source Color - OFF	 , 29/03/2024,12:34:51
12, 3949,1956,35321
12, 123,199,254
12, 123,199,254
12, 123,199,254
12, 123,199,254
12, 123,199,254
12, 123,199,254
12, 123,199,254
12, 123,199,254
12, 123,199,254
12, 123,199,254
npk_tube_blank_1.0mgL_0
Light Source Color - GREEN	 , 29/03/2024,12:35:03
13, 123,199,254
13, 10768,28591,4003
13, 10751,28556,4001
13, 10728,28511,3999
13, 10714,28485,3998
13, 10705,28465,3997
13, 10698,28449,3996
13, 10693,28439,3995
13, 10691,28436,3995
13, 10687,28429,3994
13, 10684,28423,3994
npk_tube_blank_1.0mgL_0
Light Source Color - OFF	 , 29/03/2024,12:35:15
14, 10682,28417,3994
14, 123,199,254
14, 123,199,254
14, 123,199,254
14, 123,199,254
14, 123,199,254
14, 123,199,254
14, 123,199,254
14, 123,199,254
14, 123,199,254
14, 123,199,254
npk_tube_blank_1.0mgL_0
Light Source Color - BLUE	 , 29/03/2024,12:35:28
15, 123,199,254
15, 36580,10934,706
15, 36573,10936,706
15, 36587,10941,706
15, 36589,10942,706
15, 36585,10941,706
15, 36579,10940,706
15, 36572,10939,706
15, 36584,10943,706
15, 36591,10945,706
15, 36586,10944,706
npk_tube_blank_1.0mgL_0
Light Source Color - OFF	 , 29/03/2024,12:35:40
