npk_tube_blank_N_6.0mgL_0  :  npk_detector_TSCRGB2024
Light Source Color - OFF
N,P,K
0, 2387,6462,1282
0, 1662,4526,818
0, 1660,4522,818
0, 1659,4520,818
0, 1658,4518,818
0, 1658,4516,817
0, 1658,4516,817
0, 1657,4515,817
0, 1657,4514,817
0, 1657,4514,817
npk_tube_blank_N_6.0mgL_0
Light Source Color - WHITE	 , 29/03/2024,14:31:11
1, 1657,4515,817
1, 50274,40911,36353
1, 50175,40804,36126
1, 50114,40738,36006
1, 50144,40726,35961
1, 50101,40679,35885
1, 50070,40643,35822
1, 50044,40612,35766
1, 50018,40584,35715
1, 49986,40556,35664
1, 50016,40556,35641
npk_tube_blank_N_6.0mgL_0
Light Source Color - OFF	 , 29/03/2024,14:31:23
2, 50007,40535,35597
2, 121,198,253
2, 121,198,253
2, 121,198,253
2, 121,198,253
2, 121,198,253
2, 121,198,253
2, 121,198,253
2, 121,198,253
2, 121,198,253
2, 121,198,253
npk_tube_blank_N_6.0mgL_0
Light Source Color - RED	 , 29/03/2024,14:31:35
3, 121,198,253
3, 3708,1863,33074
3, 3701,1858,32972
3, 3699,1857,32949
3, 3698,1855,32923
3, 3696,1854,32905
3, 3695,1854,32892
3, 3694,1853,32879
3, 3694,1852,32870
3, 3693,1852,32866
3, 3693,1852,32861
npk_tube_blank_N_6.0mgL_0
Light Source Color - OFF	 , 29/03/2024,14:31:48
4, 3693,1852,32852
4, 121,198,253
4, 121,198,253
4, 121,198,253
4, 121,198,253
4, 121,198,253
4, 121,198,253
4, 121,198,253
4, 121,198,253
4, 121,198,253
4, 121,198,253
npk_tube_blank_N_6.0mgL_0
Light Source Color - GREEN	 , 29/03/2024,14:32:00
5, 121,198,253
5, 11099,29370,4119
5, 11084,29340,4118
5, 11063,29296,4116
5, 11048,29267,4114
5, 11039,29250,4113
5, 11032,29236,4112
5, 11027,29226,4112
5, 11025,29221,4111
5, 11022,29215,4111
5, 11018,29207,4111
npk_tube_blank_N_6.0mgL_0
Light Source Color - OFF	 , 29/03/2024,14:32:12
6, 11016,29203,4110
6, 121,198,253
6, 121,198,253
6, 121,198,253
6, 121,198,253
6, 121,198,253
6, 121,198,253
6, 121,198,253
6, 121,198,253
6, 121,198,253
6, 121,198,253
npk_tube_blank_N_6.0mgL_0
Light Source Color - BLUE	 , 29/03/2024,14:32:25
7, 121,198,253
7, 37361,11087,716
7, 37352,11090,716
7, 37345,11091,716
7, 37351,11094,716
7, 37348,11093,716
7, 37346,11093,716
7, 37367,11099,716
7, 37364,11099,716
7, 37362,11098,716
7, 37359,11098,716
npk_tube_blank_N_6.0mgL_0
Light Source Color - OFF	 , 29/03/2024,14:32:37
8, 37350,11095,716
8, 121,198,253
8, 121,198,253
8, 121,198,253
8, 121,198,253
8, 121,198,253
8, 121,198,253
8, 121,198,253
8, 121,198,253
8, 121,198,253
8, 121,198,253
npk_tube_blank_N_6.0mgL_0
Light Source Color - WHITE	 , 29/03/2024,14:32:49
9, 121,198,253
9, 50304,40919,36346
9, 50175,40779,36061
9, 50111,40705,35929
9, 50059,40647,35836
9, 50023,40604,35763
9, 50054,40599,35733
9, 50027,40567,35672
9, 49996,40537,35620
9, 49970,40510,35572
9, 49946,40486,35524
npk_tube_blank_N_6.0mgL_0
Light Source Color - OFF	 , 29/03/2024,14:33:02
10, 49920,40464,35482
10, 121,198,253
10, 121,198,253
10, 121,198,253
10, 121,198,253
10, 121,198,253
10, 121,198,253
10, 121,198,253
10, 121,198,253
10, 121,198,253
10, 121,198,253
npk_tube_blank_N_6.0mgL_0
Light Source Color - RED	 , 29/03/2024,14:33:14
11, 121,198,253
11, 3704,1860,33030
11, 3695,1854,32902
11, 3693,1851,32861
11, 3691,1850,32837
11, 3690,1850,32829
11, 3690,1849,32815
11, 3689,1848,32803
11, 3688,1848,32797
11, 3688,1848,32790
11, 3687,1847,32779
npk_tube_blank_N_6.0mgL_0
Light Source Color - OFF	 , 29/03/2024,14:33:26
12, 3602,1808,32006
12, 121,198,253
12, 121,198,253
12, 121,198,253
12, 121,198,253
12, 121,198,253
12, 121,198,253
12, 121,198,253
12, 121,198,253
12, 121,198,253
12, 121,198,253
npk_tube_blank_N_6.0mgL_0
Light Source Color - GREEN	 , 29/03/2024,14:33:39
13, 121,198,253
13, 11091,29350,4117
13, 11059,29285,4114
13, 11041,29248,4112
13, 11035,29236,4112
13, 11025,29216,4110
13, 11018,29203,4110
13, 11012,29190,4109
13, 11008,29183,4109
13, 11005,29176,4108
13, 11004,29174,4108
npk_tube_blank_N_6.0mgL_0
Light Source Color - OFF	 , 29/03/2024,14:33:51
14, 11001,29168,4108
14, 121,198,253
14, 121,198,253
14, 121,198,253
14, 121,198,253
14, 121,198,253
14, 121,198,253
14, 121,198,253
14, 121,198,253
14, 121,198,253
14, 121,198,253
npk_tube_blank_N_6.0mgL_0
Light Source Color - BLUE	 , 29/03/2024,14:34:04
15, 121,198,253
15, 37342,11088,716
15, 37342,11092,716
15, 37363,11099,716
15, 37358,11099,716
15, 37355,11098,716
15, 37349,11097,716
15, 37348,11097,716
15, 37343,11096,716
15, 37362,11101,716
15, 37358,11101,716
npk_tube_blank_N_6.0mgL_0
Light Source Color - OFF	 , 29/03/2024,14:34:16
