npk_N_0.6mgL_0  :  ปริมาณ 0.6 มิลลิกรัมต่อลิตร  npk_detector_TSCRGB2024 
Light Source Color - OFF
N,P,K
0, 224,373,470
0, 115,190,241
0, 115,190,241
0, 115,190,241
0, 115,190,241
0, 115,190,241
0, 115,190,241
0, 115,190,241
0, 115,190,241
0, 115,190,240
npk_N_0.6mgL_0
Light Source Color - WHITE	 , 29/03/2024,17:07:09
1, 6231,5454,4685
1, 59777,51493,43238
1, 59536,51301,42846
1, 59504,51194,42632
1, 59427,51128,42494
1, 59370,51043,42387
1, 59352,51011,42277
1, 59291,50931,42198
1, 59290,50914,42140
1, 59338,50908,42111
1, 59327,50913,42048
npk_N_0.6mgL_0
Light Source Color - OFF	 , 29/03/2024,17:07:22
2, 59272,50866,41982
2, 115,190,240
2, 115,190,240
2, 115,190,240
2, 115,190,240
2, 115,190,240
2, 115,190,240
2, 115,190,240
2, 115,190,240
2, 115,190,240
2, 115,190,241
npk_N_0.6mgL_0
Light Source Color - RED	 , 29/03/2024,17:07:34
3, 115,190,241
3, 4336,2157,38681
3, 4325,2149,38516
3, 4322,2146,38450
3, 4320,2146,38416
3, 4316,2143,38389
3, 4315,2142,38390
3, 4315,2142,38378
3, 4312,2141,38334
3, 4308,2138,38315
3, 4314,2141,38329
npk_N_0.6mgL_0
Light Source Color - OFF	 , 29/03/2024,17:07:47
4, 4312,2139,38322
4, 115,190,240
4, 115,190,240
4, 115,190,240
4, 115,190,240
4, 115,190,241
4, 115,190,241
4, 115,190,241
4, 115,190,241
4, 115,190,241
4, 115,190,241
npk_N_0.6mgL_0
Light Source Color - GREEN	 , 29/03/2024,17:07:59
5, 115,190,240
5, 14069,37477,5233
5, 14046,37421,5231
5, 14028,37384,5230
5, 14021,37371,5228
5, 14008,37352,5228
5, 13994,37321,5226
5, 13986,37281,5223
5, 13969,37264,5220
5, 13969,37263,5219
5, 13965,37258,5220
npk_N_0.6mgL_0
Light Source Color - OFF	 , 29/03/2024,17:08:12
6, 13971,37275,5222
6, 115,190,240
6, 115,190,241
6, 115,190,241
6, 115,190,241
6, 115,190,240
6, 115,190,240
6, 115,190,240
6, 115,190,240
6, 115,190,240
6, 115,190,240
npk_N_0.6mgL_0
Light Source Color - BLUE	 , 29/03/2024,17:08:25
7, 1522,617,258
7, 43397,13338,771
7, 43377,13347,771
7, 43396,13349,771
7, 43402,13350,771
7, 43396,13349,771
7, 43393,13355,771
7, 43391,13351,771
7, 43383,13352,771
7, 43410,13364,772
7, 43426,13366,772
npk_N_0.6mgL_0
Light Source Color - OFF	 , 29/03/2024,17:08:37
8, 43440,13370,772
8, 115,190,240
8, 115,190,240
8, 115,190,240
8, 115,190,240
8, 115,190,240
8, 115,190,240
8, 115,190,240
8, 115,190,240
8, 115,190,240
8, 115,190,240
npk_N_0.6mgL_0
Light Source Color - WHITE	 , 29/03/2024,17:08:50
9, 115,190,240
9, 59689,51345,42795
9, 59537,51161,42419
9, 59455,51046,42228
9, 59415,50994,42140
9, 59372,50924,42064
9, 59325,50873,41978
9, 59364,50869,41960
9, 59361,50837,41885
9, 59321,50797,41822
9, 59316,50771,41763
npk_N_0.6mgL_0
Light Source Color - OFF	 , 29/03/2024,17:09:03
10, 59287,50750,41688
10, 115,190,240
10, 115,190,240
10, 115,190,240
10, 115,190,240
10, 115,190,240
10, 115,190,240
10, 115,190,240
10, 115,190,240
10, 115,190,240
10, 115,190,240
npk_N_0.6mgL_0
Light Source Color - RED	 , 29/03/2024,17:09:15
11, 115,190,240
11, 4314,2142,38368
11, 4305,2136,38251
11, 4302,2132,38194
11, 4299,2131,38175
11, 4299,2131,38169
11, 4297,2130,38149
11, 4294,2129,38140
11, 4293,2128,38095
11, 4293,2127,38078
11, 4293,2127,38071
npk_N_0.6mgL_0
Light Source Color - OFF	 , 29/03/2024,17:09:28
12, 4292,2126,38062
12, 115,190,240
12, 115,190,240
12, 115,190,241
12, 115,190,241
12, 115,190,240
12, 115,190,240
12, 115,190,240
12, 115,190,240
12, 115,190,240
12, 115,190,240
npk_N_0.6mgL_0
Light Source Color - GREEN	 , 29/03/2024,17:09:40
13, 115,190,240
13, 14050,37425,5230
13, 14031,37388,5229
13, 14002,37324,5226
13, 13980,37263,5223
13, 13957,37229,5221
13, 13952,37241,5218
13, 13956,37246,5220
13, 13953,37239,5223
13, 13954,37232,5222
13, 13953,37231,5223
npk_N_0.6mgL_0
Light Source Color - OFF	 , 29/03/2024,17:09:53
14, 13946,37226,5222
14, 115,190,240
14, 115,190,240
14, 115,190,240
14, 115,190,240
14, 115,190,240
14, 115,190,240
14, 115,190,240
14, 115,190,240
14, 115,190,240
14, 115,190,240
npk_N_0.6mgL_0
Light Source Color - BLUE	 , 29/03/2024,17:10:06
15, 115,190,240
15, 43441,13364,772
15, 43476,13388,773
15, 43498,13396,773
15, 43528,13402,773
15, 43533,13403,773
15, 43552,13408,773
15, 43529,13402,773
15, 43546,13412,774
15, 43574,13417,774
15, 43588,13422,774
npk_N_0.6mgL_0
Light Source Color - OFF	 , 29/03/2024,17:10:18
