npk_N_10mgL_0  :  ปริมาณ 10 มิลลิกรัมต่อลิตร  npk_detector_TSCRGB2024 
Light Source Color - OFF
N,P,K
0, 217,366,470
0, 112,187,241
0, 111,187,241
0, 111,187,241
0, 111,187,241
0, 111,187,241
0, 111,187,241
0, 111,186,241
0, 111,187,241
0, 111,187,241
npk_N_10mgL_0
Light Source Color - WHITE	 , 29/03/2024,15:46:21
1, 112,187,241
1, 30606,32705,45499
1, 30527,32619,45174
1, 30481,32546,44963
1, 30455,32519,44890
1, 30420,32476,44674
1, 30388,32443,44657
1, 30404,32439,44630
1, 30382,32408,44587
1, 30368,32395,44471
1, 30340,32355,44380
npk_N_10mgL_0
Light Source Color - OFF	 , 29/03/2024,15:46:33
2, 30323,32343,44369
2, 111,186,241
2, 111,186,241
2, 111,186,241
2, 111,186,241
2, 111,186,241
2, 111,186,241
2, 111,186,241
2, 111,186,241
2, 111,186,241
2, 111,186,241
npk_N_10mgL_0
Light Source Color - RED	 , 29/03/2024,15:46:46
3, 111,186,241
3, 4938,2384,42753
3, 4927,2376,42609
3, 4927,2376,42625
3, 4929,2375,42564
3, 4926,2374,42532
3, 4923,2373,42514
3, 4923,2372,42484
3, 4918,2370,42493
3, 4914,2367,42426
3, 4910,2368,42426
npk_N_10mgL_0
Light Source Color - OFF	 , 29/03/2024,15:46:58
4, 4913,2369,42414
4, 111,187,241
4, 111,186,241
4, 111,186,241
4, 111,186,241
4, 111,186,241
4, 111,186,241
4, 111,187,241
4, 111,187,241
4, 111,187,241
4, 111,187,241
npk_N_10mgL_0
Light Source Color - GREEN	 , 29/03/2024,15:47:11
5, 111,187,241
5, 8909,25579,3819
5, 8882,25524,3816
5, 8874,25505,3816
5, 8866,25489,3817
5, 8863,25493,3817
5, 8855,25476,3818
5, 8848,25466,3814
5, 8849,25457,3817
5, 8845,25450,3815
5, 8840,25442,3815
npk_N_10mgL_0
Light Source Color - OFF	 , 29/03/2024,15:47:23
6, 8838,25438,3815
6, 295,718,316
6, 111,187,241
6, 111,187,241
6, 111,187,241
6, 111,187,241
6, 111,186,241
6, 111,186,241
6, 111,186,241
6, 111,187,241
6, 111,187,241
npk_N_10mgL_0
Light Source Color - BLUE	 , 29/03/2024,15:47:36
7, 111,187,241
7, 17806,5774,471
7, 17809,5776,471
7, 17813,5777,471
7, 17810,5779,471
7, 17815,5781,471
7, 17822,5784,471
7, 17829,5786,471
7, 17829,5785,471
7, 17826,5783,471
7, 17818,5781,471
npk_N_10mgL_0
Light Source Color - OFF	 , 29/03/2024,15:47:48
8, 17813,5782,471
8, 111,186,241
8, 111,186,241
8, 111,187,241
8, 111,187,241
8, 111,187,241
8, 111,186,241
8, 111,186,241
8, 111,186,241
8, 111,186,241
8, 111,186,241
npk_N_10mgL_0
Light Source Color - WHITE	 , 29/03/2024,15:48:01
9, 1997,2198,3045
9, 30493,32582,45124
9, 30395,32453,44717
9, 30344,32394,44556
9, 30301,32343,44468
9, 30281,32304,44343
9, 30261,32275,44283
9, 30235,32247,44182
9, 30227,32224,44094
9, 30245,32219,44038
9, 30233,32202,43998
npk_N_10mgL_0
Light Source Color - OFF	 , 29/03/2024,15:48:13
10, 30210,32185,43941
10, 111,186,241
10, 111,186,241
10, 111,186,241
10, 111,186,241
10, 111,186,241
10, 111,186,241
10, 111,186,241
10, 111,186,241
10, 111,186,241
10, 111,186,241
npk_N_10mgL_0
Light Source Color - RED	 , 29/03/2024,15:48:26
11, 111,186,241
11, 4913,2369,42419
11, 4905,2361,42297
11, 4901,2358,42250
11, 4901,2357,42232
11, 4901,2357,42235
11, 4901,2356,42199
11, 4900,2355,42169
11, 4897,2354,42153
11, 4896,2353,42173
11, 4896,2352,42146
npk_N_10mgL_0
Light Source Color - OFF	 , 29/03/2024,15:48:38
12, 4895,2353,42140
12, 210,231,1103
12, 111,187,241
12, 111,186,241
12, 111,186,241
12, 111,186,241
12, 111,186,241
12, 111,186,241
12, 111,186,241
12, 111,186,241
12, 111,187,241
npk_N_10mgL_0
Light Source Color - GREEN	 , 29/03/2024,15:48:51
13, 111,186,241
13, 8869,25481,3813
13, 8841,25434,3812
13, 8829,25406,3812
13, 8822,25392,3811
13, 8817,25386,3811
13, 8814,25382,3810
13, 8810,25376,3809
13, 8808,25371,3809
13, 8802,25359,3809
13, 8799,25346,3808
npk_N_10mgL_0
Light Source Color - OFF	 , 29/03/2024,15:49:03
14, 8800,25345,3809
14, 111,186,241
14, 111,186,241
14, 111,187,241
14, 111,187,241
14, 111,187,241
14, 111,187,241
14, 111,186,241
14, 111,186,241
14, 111,186,241
14, 111,186,241
npk_N_10mgL_0
Light Source Color - BLUE	 , 29/03/2024,15:49:16
15, 1291,559,256
15, 17758,5759,470
15, 17756,5765,471
15, 17755,5768,470
15, 17759,5770,471
15, 17764,5772,471
15, 17768,5772,470
15, 17772,5772,470
15, 17783,5775,471
15, 17784,5777,471
15, 17780,5775,471
npk_N_10mgL_0
Light Source Color - OFF	 , 29/03/2024,15:49:28
