npk_tube_blank_0.4mgL_0  :  npk_detector_TSCRGB2024
Light Source Color - OFF
N,P,K
0, 239,390,496
0, 123,199,254
0, 123,199,254
0, 123,199,254
0, 123,199,254
0, 123,199,254
0, 123,199,254
0, 123,199,254
0, 123,199,254
0, 123,199,254
npk_tube_blank_0.4mgL_0
Light Source Color - WHITE	 , 29/03/2024,11:42:30
1, 123,199,254
1, 43417,35631,34896
1, 50053,41019,39904
1, 49969,40927,39714
1, 49898,40856,39588
1, 49843,40799,39479
1, 49796,40749,39383
1, 49824,40743,39338
1, 49773,40702,39255
1, 49726,40662,39174
1, 49680,40621,39094
npk_tube_blank_0.4mgL_0
Light Source Color - OFF	 , 29/03/2024,11:42:43
2, 49640,40582,39026
2, 3915,3290,3220
2, 123,199,254
2, 123,199,254
2, 123,199,254
2, 123,199,254
2, 123,199,255
2, 123,199,255
2, 123,199,255
2, 123,199,255
2, 123,199,255
npk_tube_blank_0.4mgL_0
Light Source Color - RED	 , 29/03/2024,11:42:55
3, 123,199,254
3, 3886,1951,34363
3, 4127,2059,36463
3, 4121,2055,36389
3, 4118,2053,36347
3, 4115,2051,36314
3, 4114,2051,36303
3, 4112,2049,36279
3, 4111,2048,36256
3, 4109,2047,36238
3, 4107,2046,36219
npk_tube_blank_0.4mgL_0
Light Source Color - OFF	 , 29/03/2024,11:43:07
4, 4106,2046,36212
4, 123,200,255
4, 123,200,255
4, 123,199,255
4, 123,199,255
4, 123,200,255
4, 123,200,255
4, 123,200,255
4, 123,200,255
4, 123,200,255
4, 123,200,255
npk_tube_blank_0.4mgL_0
Light Source Color - GREEN	 , 29/03/2024,11:43:19
5, 123,200,255
5, 10979,29168,4052
5, 10939,29089,4049
5, 10920,29050,4047
5, 10907,29026,4046
5, 10899,29010,4045
5, 10897,29006,4045
5, 10891,28993,4044
5, 10887,28986,4044
5, 10884,28983,4044
5, 10882,28979,4044
npk_tube_blank_0.4mgL_0
Light Source Color - OFF	 , 29/03/2024,11:43:31
6, 10881,28978,4044
6, 123,200,255
6, 123,200,255
6, 123,200,255
6, 123,200,255
6, 123,200,255
6, 123,200,255
6, 123,200,255
6, 123,200,255
6, 123,200,255
6, 123,200,255
npk_tube_blank_0.4mgL_0
Light Source Color - BLUE	 , 29/03/2024,11:43:43
7, 123,200,255
7, 36798,11094,716
7, 36802,11100,716
7, 36808,11103,716
7, 36804,11103,716
7, 36822,11109,717
7, 36824,11111,717
7, 36817,11109,716
7, 36814,11108,716
7, 36802,11105,716
7, 36817,11109,716
npk_tube_blank_0.4mgL_0
Light Source Color - OFF	 , 29/03/2024,11:43:55
8, 36813,11108,716
8, 123,199,255
8, 123,199,255
8, 123,199,254
8, 123,199,255
8, 123,199,255
8, 123,199,255
8, 123,199,255
8, 123,199,254
8, 123,199,254
8, 123,199,255
npk_tube_blank_0.4mgL_0
Light Source Color - WHITE	 , 29/03/2024,11:44:07
9, 123,199,255
9, 50203,41102,40102
9, 50076,40964,39817
9, 50012,40885,39688
9, 50031,40868,39646
9, 50001,40824,39580
9, 49964,40784,39532
9, 49936,40752,39499
9, 49910,40722,39471
9, 49941,40720,39460
9, 49934,40701,39440
npk_tube_blank_0.4mgL_0
Light Source Color - OFF	 , 29/03/2024,11:44:19
10, 49908,40675,39416
10, 123,199,254
10, 123,199,254
10, 123,199,254
10, 123,199,254
10, 123,199,254
10, 123,199,254
10, 123,199,254
10, 123,199,254
10, 123,199,254
10, 123,199,254
npk_tube_blank_0.4mgL_0
Light Source Color - RED	 , 29/03/2024,11:44:31
11, 123,199,254
11, 4233,2097,37281
11, 4223,2090,37144
11, 4220,2088,37095
11, 4218,2087,37080
11, 4217,2086,37058
11, 4216,2086,37045
11, 4215,2085,37032
11, 4215,2084,37027
11, 4215,2084,37026
11, 4215,2084,37024
npk_tube_blank_0.4mgL_0
Light Source Color - OFF	 , 29/03/2024,11:44:43
12, 4215,2083,37026
12, 123,199,254
12, 123,199,254
12, 123,199,254
12, 123,199,254
12, 123,199,254
12, 123,199,254
12, 123,199,254
12, 123,199,254
12, 123,199,254
12, 123,199,254
npk_tube_blank_0.4mgL_0
Light Source Color - GREEN	 , 29/03/2024,11:44:55
13, 123,199,254
13, 11025,29288,4062
13, 10995,29228,4059
13, 10987,29213,4058
13, 10975,29189,4057
13, 10968,29176,4057
13, 10963,29168,4056
13, 10961,29166,4057
13, 10961,29168,4057
13, 10960,29169,4058
13, 10959,29171,4058
npk_tube_blank_0.4mgL_0
Light Source Color - OFF	 , 29/03/2024,11:45:07
14, 10959,29176,4059
14, 123,199,254
14, 123,199,254
14, 123,199,254
14, 123,199,254
14, 123,199,254
14, 123,199,254
14, 123,199,254
14, 123,199,254
14, 123,199,254
14, 123,199,254
npk_tube_blank_0.4mgL_0
Light Source Color - BLUE	 , 29/03/2024,11:45:19
15, 123,199,254
15, 36808,11134,717
15, 36825,11141,717
15, 36828,11144,717
15, 36817,11142,717
15, 36811,11142,717
15, 36810,11143,717
15, 36829,11150,718
15, 36832,11151,718
15, 36828,11150,718
15, 36829,11149,718
npk_tube_blank_0.4mgL_0
Light Source Color - OFF	 , 29/03/2024,11:45:31
