npk_tube_blank_N_10mgL_0  :  npk_detector_TSCRGB2024
Light Source Color - OFF
N,P,K
0, 239,391,496
0, 123,199,254
0, 123,199,254
0, 123,199,254
0, 123,199,254
0, 123,199,254
0, 123,199,254
0, 123,199,254
0, 123,199,254
0, 123,199,254
npk_tube_blank_N_10mgL_0
Light Source Color - WHITE	 , 29/03/2024,15:14:34
1, 123,199,254
1, 51913,42928,40382
1, 51797,42791,40081
1, 51727,42706,39937
1, 51677,42645,39835
1, 51636,42597,39751
1, 51672,42592,39717
1, 51644,42557,39651
1, 51606,42520,39588
1, 51574,42490,39531
1, 51547,42461,39478
npk_tube_blank_N_10mgL_0
Light Source Color - OFF	 , 29/03/2024,15:14:46
2, 51518,42433,39429
2, 122,199,254
2, 123,199,254
2, 123,199,254
2, 123,199,254
2, 123,199,254
2, 123,199,254
2, 123,199,254
2, 122,199,254
2, 122,199,254
2, 123,199,254
npk_tube_blank_N_10mgL_0
Light Source Color - RED	 , 29/03/2024,15:14:59
3, 123,199,254
3, 4004,2033,37125
3, 3993,2025,36964
3, 3990,2022,36917
3, 3988,2021,36888
3, 3987,2020,36867
3, 3986,2019,36857
3, 3985,2019,36844
3, 3984,2018,36833
3, 3984,2017,36821
3, 3983,2017,36811
npk_tube_blank_N_10mgL_0
Light Source Color - OFF	 , 29/03/2024,15:15:11
4, 3983,2017,36804
4, 122,199,254
4, 122,199,254
4, 123,199,254
4, 123,199,254
4, 123,199,254
4, 123,199,254
4, 123,199,254
4, 123,199,254
4, 123,199,254
4, 122,199,254
npk_tube_blank_N_10mgL_0
Light Source Color - GREEN	 , 29/03/2024,15:15:24
5, 123,199,254
5, 11259,30659,4135
5, 11218,30574,4130
5, 11197,30530,4128
5, 11184,30502,4127
5, 11174,30482,4126
5, 11167,30467,4125
5, 11165,30463,4125
5, 11160,30452,4124
5, 11156,30445,4123
5, 11153,30437,4123
npk_tube_blank_N_10mgL_0
Light Source Color - OFF	 , 29/03/2024,15:15:36
6, 11150,30432,4123
6, 122,199,254
6, 122,199,254
6, 122,199,254
6, 123,199,254
6, 122,199,254
6, 123,199,254
6, 123,199,254
6, 122,199,254
6, 122,199,254
6, 122,199,254
npk_tube_blank_N_10mgL_0
Light Source Color - BLUE	 , 29/03/2024,15:15:48
7, 597,340,260
7, 38535,11648,730
7, 38533,11655,730
7, 38525,11655,730
7, 38520,11655,730
7, 38519,11655,730
7, 38511,11654,730
7, 38509,11653,730
7, 38526,11658,730
7, 38522,11657,730
7, 38519,11657,730
npk_tube_blank_N_10mgL_0
Light Source Color - OFF	 , 29/03/2024,15:16:01
8, 38520,11657,730
8, 122,199,254
8, 122,199,254
8, 122,199,254
8, 122,199,254
8, 122,199,254
8, 122,199,254
8, 122,199,254
8, 122,199,254
8, 122,199,254
8, 122,199,254
npk_tube_blank_N_10mgL_0
Light Source Color - WHITE	 , 29/03/2024,15:16:13
9, 122,199,254
9, 51771,42767,40080
9, 51765,42714,39942
9, 51688,42626,39782
9, 51639,42564,39677
9, 51586,42510,39591
9, 51554,42473,39523
9, 51509,42435,39461
9, 51491,42409,39403
9, 51529,42410,39378
9, 51506,42385,39325
npk_tube_blank_N_10mgL_0
Light Source Color - OFF	 , 29/03/2024,15:16:26
10, 51472,42357,39277
10, 122,199,254
10, 122,199,254
10, 122,199,254
10, 122,199,254
10, 122,199,254
10, 122,199,254
10, 122,199,254
10, 122,199,254
10, 122,199,254
10, 122,199,254
npk_tube_blank_N_10mgL_0
Light Source Color - RED	 , 29/03/2024,15:16:38
11, 122,199,254
11, 3991,2023,36927
11, 3985,2018,36825
11, 3983,2017,36802
11, 3981,2015,36773
11, 3980,2014,36753
11, 3979,2013,36739
11, 3978,2013,36727
11, 3977,2012,36718
11, 3977,2012,36707
11, 3977,2012,36704
npk_tube_blank_N_10mgL_0
Light Source Color - OFF	 , 29/03/2024,15:16:51
12, 3976,2011,36693
12, 122,199,254
12, 122,199,254
12, 122,199,254
12, 122,199,254
12, 122,199,254
12, 122,199,254
12, 122,199,254
12, 122,199,254
12, 122,199,254
12, 122,199,254
npk_tube_blank_N_10mgL_0
Light Source Color - GREEN	 , 29/03/2024,15:17:03
13, 122,199,254
13, 11224,30576,4130
13, 11193,30510,4126
13, 11175,30472,4124
13, 11169,30461,4124
13, 11158,30436,4123
13, 11151,30424,4122
13, 11146,30413,4121
13, 11141,30402,4121
13, 11138,30397,4121
13, 11135,30390,4120
npk_tube_blank_N_10mgL_0
Light Source Color - OFF	 , 29/03/2024,15:17:15
14, 11135,30389,4120
14, 123,199,254
14, 123,199,254
14, 123,199,254
14, 123,199,254
14, 122,199,254
14, 122,199,254
14, 122,199,254
14, 123,199,254
14, 123,199,254
14, 123,199,254
npk_tube_blank_N_10mgL_0
Light Source Color - BLUE	 , 29/03/2024,15:17:28
15, 123,199,254
15, 38521,11653,730
15, 38520,11657,730
15, 38525,11660,730
15, 38538,11664,731
15, 38546,11667,731
15, 38536,11665,731
15, 38525,11662,730
15, 38522,11662,730
15, 38521,11662,730
15, 38523,11662,730
npk_tube_blank_N_10mgL_0
Light Source Color - OFF	 , 29/03/2024,15:17:40
