npk_N_1.0mgL_0  :  ปริมาณ 1.0 มิลลิกรัมต่อลิตร  npk_detector_TSCRGB2024 
Light Source Color - OFF
N,P,K
0, 3406,9374,1666
0, 1943,5329,928
0, 1940,5326,928
0, 1939,5324,927
0, 1939,5325,928
0, 1938,5322,927
0, 1937,5318,927
0, 1935,5313,926
0, 1925,5292,922
0, 1925,5292,923
npk_N_1.0mgL_0
Light Source Color - WHITE	 , 29/03/2024,17:24:45
1, 1933,5307,926
1, 59924,51645,44808
1, 59800,51477,44387
1, 59727,51388,44242
1, 59645,51311,44133
1, 59598,51238,43947
1, 59548,51170,43904
1, 59507,51140,43824
1, 59480,51097,43768
1, 59533,51099,43754
1, 59507,51072,43678
npk_N_1.0mgL_0
Light Source Color - OFF	 , 29/03/2024,17:24:58
2, 59469,51031,43612
2, 116,191,242
2, 116,191,242
2, 116,191,242
2, 116,191,242
2, 116,191,242
2, 116,191,241
2, 116,191,241
2, 116,191,242
2, 116,191,242
2, 116,191,242
npk_N_1.0mgL_0
Light Source Color - RED	 , 29/03/2024,17:25:10
3, 116,191,242
3, 4626,2309,40553
3, 4615,2296,40362
3, 4612,2295,40333
3, 4612,2295,40288
3, 4613,2294,40274
3, 4609,2293,40265
3, 4606,2292,40245
3, 4605,2290,40195
3, 4604,2290,40198
3, 4604,2290,40193
npk_N_1.0mgL_0
Light Source Color - OFF	 , 29/03/2024,17:25:23
4, 4605,2288,40170
4, 116,191,242
4, 116,191,242
4, 116,191,242
4, 116,191,242
4, 116,191,242
4, 116,191,242
4, 116,191,242
4, 116,191,242
4, 116,191,242
4, 116,191,242
npk_N_1.0mgL_0
Light Source Color - GREEN	 , 29/03/2024,17:25:36
5, 116,191,242
5, 13688,37696,5073
5, 13641,37594,5070
5, 13621,37564,5069
5, 13605,37534,5068
5, 13602,37526,5068
5, 13598,37508,5066
5, 13583,37480,5064
5, 13579,37468,5064
5, 13574,37447,5063
5, 13565,37422,5064
npk_N_1.0mgL_0
Light Source Color - OFF	 , 29/03/2024,17:25:48
6, 13566,37452,5063
6, 116,191,242
6, 116,191,242
6, 116,191,242
6, 116,191,242
6, 116,191,242
6, 116,191,242
6, 116,191,242
6, 116,191,242
6, 116,191,242
6, 116,191,242
npk_N_1.0mgL_0
Light Source Color - BLUE	 , 29/03/2024,17:26:01
7, 116,191,242
7, 43644,13172,764
7, 43670,13178,764
7, 43673,13182,765
7, 43688,13189,765
7, 43696,13190,765
7, 43669,13182,765
7, 43653,13175,764
7, 43693,13185,765
7, 43688,13188,765
7, 43691,13186,765
npk_N_1.0mgL_0
Light Source Color - OFF	 , 29/03/2024,17:26:14
8, 43668,13186,765
8, 116,191,242
8, 116,191,242
8, 116,191,242
8, 116,191,242
8, 116,191,242
8, 116,191,242
8, 116,191,242
8, 116,191,242
8, 116,191,242
8, 116,191,242
npk_N_1.0mgL_0
Light Source Color - WHITE	 , 29/03/2024,17:26:26
9, 116,191,242
9, 59719,51424,44313
9, 59694,51358,44142
9, 59636,51239,43950
9, 59564,51165,43824
9, 59493,51092,43710
9, 59444,51039,43601
9, 59406,50999,43535
9, 59383,50964,43458
9, 59380,50939,43388
9, 59356,50912,43347
npk_N_1.0mgL_0
Light Source Color - OFF	 , 29/03/2024,17:26:39
10, 55515,47627,40534
10, 116,191,242
10, 116,191,242
10, 116,191,242
10, 116,191,242
10, 116,191,242
10, 116,191,242
10, 116,191,242
10, 116,191,242
10, 116,191,242
10, 116,191,242
npk_N_1.0mgL_0
Light Source Color - RED	 , 29/03/2024,17:26:52
11, 547,393,4094
11, 4618,2299,40407
11, 4602,2288,40177
11, 4595,2284,40112
11, 4595,2283,40080
11, 4594,2282,40040
11, 4591,2281,40027
11, 4592,2280,40032
11, 4591,2280,40016
11, 4589,2278,39991
11, 4581,2277,39974
npk_N_1.0mgL_0
Light Source Color - OFF	 , 29/03/2024,17:27:04
12, 4585,2277,39956
12, 116,191,242
12, 116,191,242
12, 116,191,242
12, 116,191,242
12, 116,191,242
12, 116,191,242
12, 116,191,242
12, 116,191,242
12, 116,191,242
12, 116,191,242
npk_N_1.0mgL_0
Light Source Color - GREEN	 , 29/03/2024,17:27:17
13, 116,191,242
13, 13661,37641,5071
13, 13607,37532,5066
13, 13589,37488,5063
13, 13571,37455,5061
13, 13561,37428,5061
13, 13551,37410,5060
13, 13544,37403,5058
13, 13539,37390,5057
13, 13532,37370,5053
13, 13523,37344,5052
npk_N_1.0mgL_0
Light Source Color - OFF	 , 29/03/2024,17:27:29
14, 13514,37326,5053
14, 116,191,242
14, 116,191,242
14, 116,191,242
14, 116,191,242
14, 116,191,242
14, 116,191,242
14, 116,191,242
14, 116,191,242
14, 116,191,242
14, 116,191,242
npk_N_1.0mgL_0
Light Source Color - BLUE	 , 29/03/2024,17:27:42
15, 116,191,242
15, 43670,13180,764
15, 43688,13189,765
15, 43697,13193,765
15, 43689,13196,765
15, 43700,13198,765
15, 43721,13205,765
15, 43717,13204,765
15, 43696,13198,765
15, 43687,13194,765
15, 43666,13185,765
npk_N_1.0mgL_0
Light Source Color - OFF	 , 29/03/2024,17:27:55
