npk_N_2.0mgL_0  :  ปริมาณ 2.0 มิลลิกรัมต่อลิตร  npk_detector_TSCRGB2024 
Light Source Color - OFF
N,P,K
0, 1459,3900,946
0, 1876,5189,914
0, 1876,5189,914
0, 1873,5183,913
0, 1872,5179,912
0, 1872,5179,913
0, 1871,5176,913
0, 1872,5180,913
0, 1872,5179,913
0, 1869,5168,912
npk_N_2.0mgL_0
Light Source Color - WHITE	 , 29/03/2024,14:38:47
1, 1870,5173,912
1, 57713,50171,47704
1, 57627,50066,47362
1, 57532,49988,47163
1, 57548,49937,47081
1, 57516,49890,46967
1, 57489,49844,46930
1, 57451,49821,46856
1, 57425,49787,46817
1, 57419,49777,46710
1, 57436,49750,46683
npk_N_2.0mgL_0
Light Source Color - OFF	 , 29/03/2024,14:38:59
2, 57452,49739,46632
2, 115,191,243
2, 115,191,243
2, 115,191,243
2, 115,191,243
2, 115,191,243
2, 115,190,243
2, 115,191,243
2, 115,191,243
2, 115,191,243
2, 115,191,243
npk_N_2.0mgL_0
Light Source Color - RED	 , 29/03/2024,14:39:11
3, 115,191,243
3, 4877,2370,43651
3, 4875,2367,43571
3, 4872,2367,43541
3, 4869,2365,43494
3, 4873,2366,43526
3, 4870,2366,43476
3, 4873,2365,43462
3, 4867,2363,43473
3, 4865,2362,43468
3, 4868,2363,43442
npk_N_2.0mgL_0
Light Source Color - OFF	 , 29/03/2024,14:39:24
4, 4869,2363,43460
4, 115,191,243
4, 115,191,243
4, 115,191,243
4, 115,191,243
4, 115,191,243
4, 115,191,243
4, 115,191,243
4, 115,191,243
4, 115,191,243
4, 115,191,243
npk_N_2.0mgL_0
Light Source Color - GREEN	 , 29/03/2024,14:39:36
5, 115,191,243
5, 13481,36908,5079
5, 13458,36861,5077
5, 13442,36817,5074
5, 13432,36801,5073
5, 13415,36763,5071
5, 13415,36756,5068
5, 13392,36723,5067
5, 13390,36667,5064
5, 13391,36664,5065
5, 13385,36685,5065
npk_N_2.0mgL_0
Light Source Color - OFF	 , 29/03/2024,14:39:48
6, 13381,36691,5068
6, 115,191,243
6, 115,191,243
6, 115,191,243
6, 115,191,243
6, 115,191,243
6, 115,191,243
6, 115,191,243
6, 115,191,243
6, 115,191,243
6, 115,191,243
npk_N_2.0mgL_0
Light Source Color - BLUE	 , 29/03/2024,14:40:01
7, 115,191,243
7, 41386,12482,740
7, 41399,12490,740
7, 41387,12477,740
7, 41418,12495,740
7, 41409,12489,740
7, 41418,12492,740
7, 41419,12491,740
7, 41436,12502,741
7, 41432,12503,740
7, 41429,12503,740
npk_N_2.0mgL_0
Light Source Color - OFF	 , 29/03/2024,14:40:13
8, 41425,12502,740
8, 115,190,243
8, 115,190,243
8, 115,190,243
8, 115,191,243
8, 115,190,243
8, 115,191,243
8, 115,191,243
8, 115,190,243
8, 115,190,243
8, 115,190,243
npk_N_2.0mgL_0
Light Source Color - WHITE	 , 29/03/2024,14:40:26
9, 2679,2420,2377
9, 57791,50254,47847
9, 57634,50060,47376
9, 57521,49935,47171
9, 57435,49857,47004
9, 57404,49835,46846
9, 57315,49801,46871
9, 57385,49791,46832
9, 57308,49729,46740
9, 57318,49678,46693
9, 57342,49677,46621
npk_N_2.0mgL_0
Light Source Color - OFF	 , 29/03/2024,14:40:38
10, 57316,49646,46504
10, 115,190,243
10, 115,190,243
10, 115,191,243
10, 115,191,243
10, 115,191,243
10, 115,191,243
10, 115,191,243
10, 115,191,243
10, 115,191,243
10, 115,191,243
npk_N_2.0mgL_0
Light Source Color - RED	 , 29/03/2024,14:40:50
11, 115,191,243
11, 4889,2376,43618
11, 4872,2366,43456
11, 4873,2364,43451
11, 4871,2363,43427
11, 4865,2361,43405
11, 4862,2358,43348
11, 4858,2358,43365
11, 4862,2360,43366
11, 4863,2360,43335
11, 4865,2360,43343
npk_N_2.0mgL_0
Light Source Color - OFF	 , 29/03/2024,14:41:03
12, 4869,2361,43389
12, 115,190,243
12, 115,190,243
12, 115,191,243
12, 115,191,243
12, 115,191,243
12, 115,191,243
12, 115,190,243
12, 115,190,243
12, 115,190,243
12, 115,191,243
npk_N_2.0mgL_0
Light Source Color - GREEN	 , 29/03/2024,14:41:15
13, 115,191,243
13, 13489,36890,5079
13, 13443,36797,5073
13, 13413,36756,5070
13, 13403,36741,5070
13, 13397,36728,5070
13, 13395,36730,5071
13, 13394,36738,5074
13, 13395,36741,5075
13, 13383,36705,5073
13, 13379,36692,5071
npk_N_2.0mgL_0
Light Source Color - OFF	 , 29/03/2024,14:41:27
14, 13381,36688,5071
14, 115,190,243
14, 115,191,243
14, 115,191,243
14, 115,191,243
14, 115,191,243
14, 115,191,243
14, 115,191,243
14, 115,190,243
14, 115,191,243
14, 115,191,243
npk_N_2.0mgL_0
Light Source Color - BLUE	 , 29/03/2024,14:41:40
15, 115,191,243
15, 41433,12502,740
15, 41445,12508,741
15, 41447,12513,741
15, 41433,12509,741
15, 41455,12515,741
15, 41453,12517,741
15, 41439,12511,741
15, 41441,12511,741
15, 41433,12509,741
15, 41413,12501,741
npk_N_2.0mgL_0
Light Source Color - OFF	 , 29/03/2024,14:41:52
