npk_tube_blank_0.2mgL_0  :  npk_detector_TSCRGB2024
Light Source Color - OFF
N,P,K
0, 120,197,252
0, 120,196,252
0, 119,196,252
0, 119,196,252
0, 119,196,251
0, 119,196,251
0, 119,196,252
0, 119,196,252
0, 119,196,251
0, 119,196,251
npk_tube_blank_0.2mgL_0
Light Source Color - WHITE	 , 29/03/2024,11:18:35
1, 119,196,251
1, 46703,38988,36010
1, 50943,42484,38981
1, 50870,42399,38818
1, 50819,42335,38707
1, 50770,42287,38621
1, 50788,42276,38582
1, 50769,42242,38509
1, 50733,42206,38445
1, 50700,42173,38383
1, 50664,42143,38325
npk_tube_blank_0.2mgL_0
Light Source Color - OFF	 , 29/03/2024,11:18:47
2, 50639,42117,38273
2, 2049,1796,1701
2, 119,196,251
2, 119,196,251
2, 119,196,251
2, 119,196,251
2, 119,196,251
2, 119,196,251
2, 119,196,251
2, 119,196,251
2, 119,196,251
npk_tube_blank_0.2mgL_0
Light Source Color - RED	 , 29/03/2024,11:19:00
3, 119,196,251
3, 4144,2081,35798
3, 4131,2071,35611
3, 4127,2068,35559
3, 4125,2066,35525
3, 4124,2066,35515
3, 4122,2064,35494
3, 4121,2063,35477
3, 4120,2063,35459
3, 4119,2062,35447
3, 4119,2062,35440
3, 4118,2061,35427
npk_tube_blank_0.2mgL_0
Light Source Color - OFF	 , 29/03/2024,11:19:13
