npk_tube_blank_N_0.8mgL_0  :  npk_detector_TSCRGB2024
Light Source Color - OFF
N,P,K
0, 237,390,495
0, 122,199,254
0, 122,199,254
0, 122,199,254
0, 122,199,254
0, 122,199,254
0, 122,199,253
0, 122,199,253
0, 122,199,253
0, 122,199,254
npk_tube_blank_N_0.8mgL_0
Light Source Color - WHITE	 , 29/03/2024,16:28:32
1, 122,199,254
1, 50789,43901,36818
1, 50655,43748,36500
1, 50582,43658,36355
1, 50537,43600,36258
1, 50496,43548,36178
1, 50458,43506,36111
1, 50428,43474,36052
1, 50400,43439,35996
1, 50449,43444,35971
1, 50425,43416,35919
npk_tube_blank_N_0.8mgL_0
Light Source Color - OFF	 , 29/03/2024,16:28:45
2, 50399,43390,35869
2, 122,199,253
2, 122,199,253
2, 122,199,253
2, 122,199,253
2, 122,199,253
2, 122,199,253
2, 122,199,254
2, 122,199,254
2, 122,199,254
2, 122,199,253
npk_tube_blank_N_0.8mgL_0
Light Source Color - RED	 , 29/03/2024,16:28:57
3, 122,199,253
3, 3772,1923,33163
3, 3763,1917,33041
3, 3760,1915,32997
3, 3758,1913,32972
3, 3757,1912,32952
3, 3756,1912,32946
3, 3755,1911,32933
3, 3755,1911,32924
3, 3754,1910,32913
3, 3753,1910,32902
npk_tube_blank_N_0.8mgL_0
Light Source Color - OFF	 , 29/03/2024,16:29:10
4, 3752,1909,32891
4, 122,199,253
4, 122,199,253
4, 122,199,254
4, 122,199,254
4, 122,199,254
4, 122,199,253
4, 122,199,253
4, 122,199,253
4, 122,199,253
4, 122,199,253
npk_tube_blank_N_0.8mgL_0
Light Source Color - GREEN	 , 29/03/2024,16:29:22
5, 122,199,253
5, 11825,32287,4340
5, 11811,32256,4339
5, 11788,32209,4336
5, 11774,32179,4335
5, 11763,32160,4334
5, 11755,32143,4333
5, 11750,32131,4332
5, 11746,32122,4332
5, 11742,32115,4332
5, 11741,32114,4332
npk_tube_blank_N_0.8mgL_0
Light Source Color - OFF	 , 29/03/2024,16:29:35
6, 11738,32108,4331
6, 122,199,253
6, 122,199,254
6, 122,199,253
6, 122,199,253
6, 122,199,253
6, 122,199,253
6, 122,199,253
6, 122,199,254
6, 122,199,253
6, 122,199,253
npk_tube_blank_N_0.8mgL_0
Light Source Color - BLUE	 , 29/03/2024,16:29:47
7, 122,199,253
7, 36973,11048,710
7, 36973,11053,710
7, 36970,11053,710
7, 36971,11055,710
7, 36965,11054,710
7, 36986,11060,710
7, 36984,11060,710
7, 36982,11061,710
7, 36978,11060,710
7, 36976,11059,710
npk_tube_blank_N_0.8mgL_0
Light Source Color - OFF	 , 29/03/2024,16:30:00
8, 36973,11058,710
8, 122,199,253
8, 122,199,253
8, 122,199,253
8, 122,199,253
8, 122,199,253
8, 122,199,253
8, 122,199,253
8, 122,199,253
8, 122,199,253
8, 122,199,253
npk_tube_blank_N_0.8mgL_0
Light Source Color - WHITE	 , 29/03/2024,16:30:12
9, 122,199,253
9, 50617,43729,36459
9, 50523,43613,36247
9, 50548,43592,36180
9, 50493,43523,36076
9, 50447,43471,35999
9, 50412,43432,35934
9, 50377,43394,35875
9, 50349,43364,35822
9, 50325,43336,35773
9, 50297,43310,35725
npk_tube_blank_N_0.8mgL_0
Light Source Color - OFF	 , 29/03/2024,16:30:25
10, 47904,41249,34005
10, 122,199,253
10, 122,199,253
10, 122,199,253
10, 122,199,253
10, 122,199,253
10, 122,199,253
10, 122,199,253
10, 122,199,253
10, 122,199,253
10, 122,199,253
npk_tube_blank_N_0.8mgL_0
Light Source Color - RED	 , 29/03/2024,16:30:38
11, 122,199,253
11, 3765,1919,33068
11, 3754,1911,32914
11, 3751,1909,32870
11, 3749,1907,32845
11, 3747,1906,32827
11, 3747,1906,32814
11, 3746,1906,32810
11, 3746,1905,32800
11, 3745,1905,32792
11, 3744,1904,32780
npk_tube_blank_N_0.8mgL_0
Light Source Color - OFF	 , 29/03/2024,16:30:50
12, 3744,1904,32773
12, 122,199,253
12, 122,199,253
12, 122,199,253
12, 122,199,253
12, 122,199,253
12, 122,199,253
12, 122,199,253
12, 122,199,253
12, 122,199,253
12, 122,199,253
npk_tube_blank_N_0.8mgL_0
Light Source Color - GREEN	 , 29/03/2024,16:31:03
13, 122,199,253
13, 11808,32248,4338
13, 11776,32184,4335
13, 11757,32146,4333
13, 11751,32133,4332
13, 11741,32112,4331
13, 11734,32099,4330
13, 11729,32087,4329
13, 11724,32077,4329
13, 11720,32069,4329
13, 11716,32062,4328
npk_tube_blank_N_0.8mgL_0
Light Source Color - OFF	 , 29/03/2024,16:31:15
14, 11668,31929,4312
14, 122,199,253
14, 122,199,253
14, 122,199,253
14, 122,199,253
14, 122,199,253
14, 122,199,253
14, 122,199,253
14, 122,199,253
14, 122,199,253
14, 122,199,253
npk_tube_blank_N_0.8mgL_0
Light Source Color - BLUE	 , 29/03/2024,16:31:28
15, 122,199,253
15, 36960,11049,709
15, 36960,11054,710
15, 36964,11058,710
15, 36954,11056,710
15, 36949,11055,709
15, 36947,11055,709
15, 36946,11055,709
15, 36966,11061,710
15, 36964,11060,710
15, 36958,11059,710
npk_tube_blank_N_0.8mgL_0
Light Source Color - OFF	 , 29/03/2024,16:31:40
