npk_N_6.0mgL_0  :  ปริมาณ 6.0 มิลลิกรัมต่อลิตร  npk_detector_TSCRGB2024 
Light Source Color - OFF
N,P,K
0, 220,371,474
0, 113,189,243
0, 113,189,243
0, 113,189,243
0, 113,189,243
0, 113,189,243
0, 113,189,243
0, 113,189,243
0, 113,189,243
0, 113,189,243
npk_N_6.0mgL_0
Light Source Color - WHITE	 , 29/03/2024,15:25:29
1, 113,189,243
1, 41047,40333,47317
1, 40951,40221,46932
1, 40882,40150,46713
1, 40786,40074,46582
1, 40785,40032,46484
1, 40768,39987,46322
1, 40742,39969,46173
1, 40694,39948,46167
1, 40682,39928,46232
1, 40601,39879,46098
npk_N_6.0mgL_0
Light Source Color - OFF	 , 29/03/2024,15:25:41
2, 40640,39840,46001
2, 113,189,242
2, 113,189,243
2, 113,189,243
2, 113,189,243
2, 113,189,243
2, 113,189,243
2, 113,189,243
2, 113,189,243
2, 113,189,242
2, 113,189,243
npk_N_6.0mgL_0
Light Source Color - RED	 , 29/03/2024,15:25:54
3, 113,189,243
3, 4862,2374,43907
3, 4847,2364,43689
3, 4840,2358,43573
3, 4832,2356,43546
3, 4833,2354,43512
3, 4829,2352,43480
3, 4829,2353,43490
3, 4831,2354,43519
3, 4828,2353,43499
3, 4819,2350,43415
npk_N_6.0mgL_0
Light Source Color - OFF	 , 29/03/2024,15:26:06
4, 4813,2349,43302
4, 113,189,242
4, 113,189,242
4, 113,189,243
4, 113,189,243
4, 113,189,243
4, 113,189,243
4, 113,189,243
4, 113,189,243
4, 113,189,243
4, 113,189,242
npk_N_6.0mgL_0
Light Source Color - GREEN	 , 29/03/2024,15:26:19
5, 113,189,243
5, 11075,30770,4462
5, 11046,30727,4461
5, 11029,30695,4455
5, 11034,30721,4463
5, 11027,30701,4463
5, 11019,30685,4462
5, 11010,30663,4456
5, 11000,30646,4455
5, 11006,30656,4461
5, 11001,30643,4461
npk_N_6.0mgL_0
Light Source Color - OFF	 , 29/03/2024,15:26:31
6, 10998,30627,4459
6, 113,189,242
6, 113,189,242
6, 113,189,242
6, 113,189,243
6, 113,189,243
6, 113,189,243
6, 113,189,243
6, 113,189,243
6, 113,189,243
6, 113,189,243
npk_N_6.0mgL_0
Light Source Color - BLUE	 , 29/03/2024,15:26:43
7, 366,267,246
7, 26444,8321,575
7, 26449,8324,575
7, 26444,8325,575
7, 26451,8326,575
7, 26458,8329,575
7, 26445,8325,575
7, 26424,8321,575
7, 26434,8326,575
7, 26455,8329,575
7, 26472,8336,575
npk_N_6.0mgL_0
Light Source Color - OFF	 , 29/03/2024,15:26:56
8, 26464,8332,575
8, 113,189,242
8, 113,189,242
8, 113,189,242
8, 113,189,242
8, 113,189,243
8, 113,189,243
8, 113,189,243
8, 113,189,243
8, 113,189,243
8, 113,189,243
npk_N_6.0mgL_0
Light Source Color - WHITE	 , 29/03/2024,15:27:08
9, 113,189,242
9, 40776,40052,46457
9, 40767,40005,46306
9, 40699,39917,46118
9, 40653,39858,46013
9, 40628,39812,45932
9, 40582,39768,45831
9, 40554,39720,45740
9, 40538,39701,45707
9, 40574,39715,45702
9, 40546,39699,45650
npk_N_6.0mgL_0
Light Source Color - OFF	 , 29/03/2024,15:27:21
10, 40514,39663,45534
10, 113,189,242
10, 113,189,242
10, 113,189,242
10, 113,189,242
10, 113,189,242
10, 113,189,243
10, 113,189,243
10, 113,189,243
10, 113,189,243
10, 113,189,243
npk_N_6.0mgL_0
Light Source Color - RED	 , 29/03/2024,15:27:33
11, 113,189,242
11, 4807,2343,43349
11, 4798,2339,43251
11, 4801,2338,43237
11, 4802,2336,43205
11, 4803,2335,43177
11, 4840,2365,41753
11, 4833,2361,41724
11, 4835,2361,41712
11, 4835,2361,41693
11, 4832,2360,41668
npk_N_6.0mgL_0
Light Source Color - OFF	 , 29/03/2024,15:27:46
12, 4829,2358,41660
12, 113,189,243
12, 113,189,242
12, 113,189,242
12, 113,189,242
12, 113,189,242
12, 113,189,243
12, 113,189,243
12, 113,189,243
12, 113,189,243
12, 113,189,243
npk_N_6.0mgL_0
Light Source Color - GREEN	 , 29/03/2024,15:27:58
13, 113,189,242
13, 10935,30713,4372
13, 10908,30657,4369
13, 10892,30626,4368
13, 10887,30618,4367
13, 10878,30599,4366
13, 10870,30579,4366
13, 10864,30570,4366
13, 10860,30561,4366
13, 10855,30556,4366
13, 10854,30554,4366
npk_N_6.0mgL_0
Light Source Color - OFF	 , 29/03/2024,15:28:10
14, 10852,30547,4366
14, 113,189,243
14, 113,189,242
14, 113,189,242
14, 113,189,242
14, 113,189,242
14, 113,189,242
14, 113,189,243
14, 113,189,243
14, 113,189,243
14, 113,189,243
npk_N_6.0mgL_0
Light Source Color - BLUE	 , 29/03/2024,15:28:23
15, 113,189,242
15, 26721,8404,575
15, 26723,8408,575
15, 26722,8411,575
15, 26740,8416,576
15, 26744,8416,576
15, 26742,8415,576
15, 26739,8416,576
15, 26738,8415,576
15, 26736,8415,576
15, 26732,8415,575
npk_N_6.0mgL_0
Light Source Color - OFF	 , 29/03/2024,15:28:35
