npk_N_0.4mgL_0  :  ปริมาณ 0.4 มิลลิกรัมต่อลิตร  npk_detector_TSCRGB2024 
Light Source Color - OFF
N,P,K
0, 225,373,470
0, 116,190,241
0, 116,190,241
0, 116,190,241
0, 115,190,241
0, 115,190,241
0, 115,190,241
0, 115,190,241
0, 115,190,241
0, 115,190,241
npk_N_0.4mgL_0
Light Source Color - WHITE	 , 29/03/2024,16:58:39
1, 5576,4799,4278
1, 60296,50926,44390
1, 60162,50759,44001
1, 60081,50668,43810
1, 60035,50610,43725
1, 59935,50519,43576
1, 59924,50479,43551
1, 59873,50440,43415
1, 59835,50395,43380
1, 59899,50393,43357
1, 59887,50373,43287
npk_N_0.4mgL_0
Light Source Color - OFF	 , 29/03/2024,16:58:52
2, 59856,50325,43211
2, 115,190,241
2, 115,190,240
2, 115,190,241
2, 115,190,241
2, 115,190,241
2, 115,190,241
2, 115,190,241
2, 115,190,241
2, 115,190,241
2, 115,190,241
npk_N_0.4mgL_0
Light Source Color - RED	 , 29/03/2024,16:59:04
3, 115,190,241
3, 4541,2221,40028
3, 4528,2212,39865
3, 4528,2211,39840
3, 4525,2209,39793
3, 4524,2209,39768
3, 4521,2207,39762
3, 4524,2207,39749
3, 4519,2206,39725
3, 4523,2206,39721
3, 4520,2205,39719
npk_N_0.4mgL_0
Light Source Color - OFF	 , 29/03/2024,16:59:17
4, 4519,2204,39679
4, 115,190,241
4, 115,190,241
4, 115,190,240
4, 115,190,240
4, 115,190,241
4, 115,190,241
4, 115,190,241
4, 115,190,241
4, 115,190,241
4, 115,190,241
npk_N_0.4mgL_0
Light Source Color - GREEN	 , 29/03/2024,16:59:29
5, 115,190,241
5, 13720,37049,5133
5, 13688,36999,5132
5, 13659,36933,5126
5, 13655,36931,5127
5, 13650,36915,5129
5, 13633,36896,5125
5, 13629,36870,5125
5, 13618,36847,5125
5, 13617,36851,5123
5, 13616,36847,5125
npk_N_0.4mgL_0
Light Source Color - OFF	 , 29/03/2024,16:59:42
6, 13607,36832,5123
6, 115,190,240
6, 115,190,240
6, 115,190,241
6, 115,190,241
6, 115,190,241
6, 115,190,241
6, 115,190,241
6, 115,190,241
6, 115,190,241
6, 115,190,241
npk_N_0.4mgL_0
Light Source Color - BLUE	 , 29/03/2024,16:59:55
7, 115,190,241
7, 44050,13129,773
7, 44066,13136,774
7, 44072,13134,774
7, 44063,13139,774
7, 44058,13137,773
7, 44055,13137,773
7, 44056,13138,773
7, 44046,13136,773
7, 44049,13136,773
7, 44072,13143,774
npk_N_0.4mgL_0
Light Source Color - OFF	 , 29/03/2024,17:00:07
8, 44066,13143,774
8, 115,190,241
8, 115,190,241
8, 115,190,241
8, 115,190,241
8, 115,190,241
8, 115,190,241
8, 115,190,241
8, 115,190,240
8, 115,190,240
8, 115,190,241
npk_N_0.4mgL_0
Light Source Color - WHITE	 , 29/03/2024,17:00:20
9, 115,190,241
9, 60191,50789,44142
9, 60019,50604,43753
9, 59927,50490,43593
9, 59863,50412,43467
9, 59828,50357,43373
9, 59793,50319,43265
9, 59763,50274,43165
9, 59807,50280,43123
9, 59789,50254,43068
9, 59754,50213,43009
npk_N_0.4mgL_0
Light Source Color - OFF	 , 29/03/2024,17:00:33
10, 59722,50183,42967
10, 115,190,241
10, 115,190,241
10, 115,190,241
10, 115,190,241
10, 115,190,241
10, 115,190,240
10, 116,190,241
10, 116,190,241
10, 116,190,241
10, 116,190,241
npk_N_0.4mgL_0
Light Source Color - RED	 , 29/03/2024,17:00:45
11, 115,190,241
11, 4531,2212,39856
11, 4518,2204,39695
11, 4513,2202,39638
11, 4514,2199,39626
11, 4509,2198,39616
11, 4510,2198,39613
11, 4509,2197,39600
11, 4510,2198,39584
11, 4510,2197,39549
11, 4509,2197,39567
npk_N_0.4mgL_0
Light Source Color - OFF	 , 29/03/2024,17:00:58
12, 4510,2196,39559
12, 115,190,241
12, 115,190,241
12, 115,190,241
12, 116,190,241
12, 116,190,241
12, 116,190,241
12, 116,190,241
12, 115,190,241
12, 115,190,241
12, 115,190,241
npk_N_0.4mgL_0
Light Source Color - GREEN	 , 29/03/2024,17:01:10
13, 115,190,241
13, 13680,36977,5130
13, 13643,36899,5126
13, 13620,36852,5124
13, 13611,36832,5124
13, 13598,36812,5122
13, 13592,36792,5122
13, 13584,36775,5120
13, 13577,36766,5120
13, 13572,36753,5119
13, 13569,36747,5118
npk_N_0.4mgL_0
Light Source Color - OFF	 , 29/03/2024,17:01:23
14, 13566,36749,5117
14, 115,190,241
14, 116,190,241
14, 116,190,241
14, 116,190,241
14, 116,190,241
14, 116,190,241
14, 116,190,241
14, 116,190,241
14, 115,190,241
14, 115,190,241
npk_N_0.4mgL_0
Light Source Color - BLUE	 , 29/03/2024,17:01:36
15, 1420,574,256
15, 44071,13141,774
15, 44085,13154,774
15, 44080,13156,774
15, 44094,13160,774
15, 44084,13158,774
15, 44072,13153,774
15, 44069,13153,774
15, 44061,13149,774
15, 44050,13148,774
15, 44071,13154,774
npk_N_0.4mgL_0
Light Source Color - OFF	 , 29/03/2024,17:01:48
