npk_PO4_1.0mgL_0  :  ปริมาณ 1.0 มิลลิกรัมต่อลิตร  npk_detector_TSCRGB2024 
Light Source Color - OFF
N,P,K
0, 218,359,446
0, 112,183,229
0, 112,183,229
0, 112,183,229
0, 112,183,229
0, 112,183,229
0, 112,183,229
0, 112,183,229
0, 112,183,229
0, 112,183,229
npk_PO4_1.0mgL_0
Light Source Color - WHITE	 , 29/03/2024,12:42:01
1, 112,183,229
1, 48231,37424,25961
1, 48141,37326,25791
1, 48157,37303,25740
1, 48112,37243,25663
1, 48074,37195,25588
1, 48035,37165,25547
1, 48004,37132,25500
1, 47984,37108,25457
1, 48017,37104,25438
1, 47985,37077,25402
npk_PO4_1.0mgL_0
Light Source Color - OFF	 , 29/03/2024,12:42:13
2, 47956,37056,25359
2, 112,183,228
2, 112,183,229
2, 112,183,228
2, 112,183,229
2, 112,183,229
2, 112,183,229
2, 112,183,229
2, 112,183,229
2, 112,183,229
2, 112,183,229
npk_PO4_1.0mgL_0
Light Source Color - RED	 , 29/03/2024,12:42:25
3, 112,183,229
3, 2575,1374,22855
3, 2567,1368,22751
3, 2564,1366,22713
3, 2563,1365,22696
3, 2562,1364,22691
3, 2561,1364,22672
3, 2561,1363,22660
3, 2560,1363,22653
3, 2559,1362,22643
3, 2559,1362,22640
npk_PO4_1.0mgL_0
Light Source Color - OFF	 , 29/03/2024,12:42:37
4, 2558,1362,22632
4, 112,183,229
4, 112,183,229
4, 112,183,229
4, 112,183,229
4, 112,183,229
4, 112,183,229
4, 112,183,229
4, 112,183,229
4, 112,183,229
4, 112,183,229
npk_PO4_1.0mgL_0
Light Source Color - GREEN	 , 29/03/2024,12:42:49
5, 560,1365,381
5, 10001,26255,3589
5, 9963,26179,3585
5, 9943,26137,3583
5, 9930,26109,3581
5, 9921,26092,3580
5, 9918,26087,3580
5, 9914,26076,3579
5, 9909,26071,3578
5, 9905,26059,3577
5, 9902,26045,3577
npk_PO4_1.0mgL_0
Light Source Color - OFF	 , 29/03/2024,12:43:02
6, 9899,26040,3577
6, 353,819,311
6, 112,183,229
6, 112,183,229
6, 112,183,229
6, 112,183,229
6, 112,183,229
6, 112,183,229
6, 112,183,229
6, 112,183,229
6, 112,183,229
npk_PO4_1.0mgL_0
Light Source Color - BLUE	 , 29/03/2024,12:43:14
7, 112,183,229
7, 37439,11088,677
7, 37456,11094,677
7, 37459,11097,677
7, 37458,11098,677
7, 37456,11097,677
7, 37439,11093,677
7, 37438,11092,677
7, 37464,11100,677
7, 37468,11101,677
7, 37463,11099,677
npk_PO4_1.0mgL_0
Light Source Color - OFF	 , 29/03/2024,12:43:26
8, 37458,11099,677
8, 112,183,229
8, 112,183,229
8, 112,183,229
8, 112,183,229
8, 112,183,229
8, 112,183,229
8, 112,183,229
8, 112,183,229
8, 112,183,229
8, 112,183,229
npk_PO4_1.0mgL_0
Light Source Color - WHITE	 , 29/03/2024,12:43:38
9, 112,183,229
9, 48169,37325,25770
9, 48062,37210,25582
9, 47995,37136,25486
9, 48022,37124,25451
9, 47995,37084,25390
9, 47961,37048,25343
9, 47924,37018,25297
9, 47887,36989,25260
9, 47865,36965,25222
9, 47904,36971,25205
npk_PO4_1.0mgL_0
Light Source Color - OFF	 , 29/03/2024,12:43:50
10, 47878,36948,25166
10, 112,183,229
10, 112,183,229
10, 112,183,229
10, 112,183,229
10, 112,183,229
10, 112,183,229
10, 112,183,229
10, 112,183,229
10, 112,183,229
10, 112,183,229
npk_PO4_1.0mgL_0
Light Source Color - RED	 , 29/03/2024,12:44:03
11, 112,183,229
11, 2565,1367,22737
11, 2556,1360,22610
11, 2553,1358,22575
11, 2552,1357,22557
11, 2551,1357,22547
11, 2551,1356,22542
11, 2550,1356,22532
11, 2549,1355,22523
11, 2549,1355,22516
11, 2548,1354,22507
npk_PO4_1.0mgL_0
Light Source Color - OFF	 , 29/03/2024,12:44:15
12, 2493,1328,22001
12, 112,183,229
12, 112,183,229
12, 112,183,229
12, 112,183,229
12, 112,183,229
12, 112,183,229
12, 112,183,229
12, 112,183,229
12, 112,183,229
12, 112,183,229
npk_PO4_1.0mgL_0
Light Source Color - GREEN	 , 29/03/2024,12:44:27
13, 112,183,229
13, 9948,26148,3582
13, 9932,26116,3581
13, 9912,26075,3579
13, 9900,26052,3577
13, 9892,26036,3577
13, 9885,26023,3576
13, 9883,26018,3576
13, 9880,26010,3575
13, 9877,26004,3575
13, 9872,25994,3574
npk_PO4_1.0mgL_0
Light Source Color - OFF	 , 29/03/2024,12:44:39
14, 9869,25991,3573
14, 112,183,229
14, 112,183,229
14, 112,183,229
14, 112,183,229
14, 112,183,229
14, 112,183,229
14, 112,183,229
14, 112,183,229
14, 112,183,229
14, 112,183,229
npk_PO4_1.0mgL_0
Light Source Color - BLUE	 , 29/03/2024,12:44:51
15, 112,183,229
15, 37424,11088,677
15, 37426,11094,677
15, 37442,11099,677
15, 37456,11104,677
15, 37461,11105,678
15, 37454,11105,677
15, 37449,11104,677
15, 37440,11101,677
15, 37463,11106,678
15, 37465,11109,678
npk_PO4_1.0mgL_0
Light Source Color - OFF	 , 29/03/2024,12:45:03
