npk_tube_blank_N_4.0mgL_0  :  npk_detector_TSCRGB2024
Light Source Color - OFF
N,P,K
0, 235,386,491
0, 120,197,252
0, 120,197,252
0, 120,197,252
0, 120,197,251
0, 120,197,251
0, 120,197,251
0, 120,197,252
0, 120,197,252
0, 120,197,252
npk_tube_blank_N_4.0mgL_0
Light Source Color - WHITE	 , 29/03/2024,14:23:50
1, 120,197,251
1, 50029,43362,38726
1, 49924,43242,38458
1, 49862,43168,38321
1, 49815,43113,38221
1, 49847,43104,38179
1, 49816,43063,38102
1, 49778,43025,38034
1, 49749,42994,37973
1, 49719,42963,37916
1, 49690,42932,37858
npk_tube_blank_N_4.0mgL_0
Light Source Color - OFF	 , 29/03/2024,14:24:02
2, 49664,42907,37803
2, 371,413,441
2, 120,197,251
2, 120,197,251
2, 120,197,251
2, 120,197,251
2, 120,197,251
2, 120,197,251
2, 120,197,251
2, 120,197,251
2, 120,197,251
npk_tube_blank_N_4.0mgL_0
Light Source Color - RED	 , 29/03/2024,14:24:14
3, 120,197,251
3, 4087,2066,35132
3, 4079,2059,35012
3, 4076,2057,34966
3, 4075,2056,34952
3, 4073,2055,34927
3, 4072,2054,34909
3, 4071,2053,34893
3, 4070,2052,34879
3, 4070,2052,34867
3, 4069,2052,34859
npk_tube_blank_N_4.0mgL_0
Light Source Color - OFF	 , 29/03/2024,14:24:27
4, 4069,2051,34850
4, 120,197,251
4, 120,197,251
4, 120,197,251
4, 120,197,251
4, 120,197,251
4, 120,197,251
4, 120,197,252
4, 120,197,251
4, 120,197,251
4, 120,197,251
npk_tube_blank_N_4.0mgL_0
Light Source Color - GREEN	 , 29/03/2024,14:24:39
5, 120,197,251
5, 11845,31844,4337
5, 11816,31786,4335
5, 11807,31770,4334
5, 11794,31742,4333
5, 11783,31720,4332
5, 11775,31705,4331
5, 11770,31693,4330
5, 11764,31681,4329
5, 11762,31679,4329
5, 11759,31673,4329
npk_tube_blank_N_4.0mgL_0
Light Source Color - OFF	 , 29/03/2024,14:24:51
6, 11756,31668,4329
6, 120,197,251
6, 120,197,251
6, 120,197,251
6, 120,197,251
6, 120,197,251
6, 120,197,251
6, 120,197,251
6, 120,197,251
6, 120,197,251
6, 120,197,251
npk_tube_blank_N_4.0mgL_0
Light Source Color - BLUE	 , 29/03/2024,14:25:04
7, 120,197,251
7, 35869,10831,694
7, 35888,10839,694
7, 35887,10841,694
7, 35884,10842,694
7, 35881,10841,694
7, 35878,10841,694
7, 35871,10839,694
7, 35886,10844,694
7, 35886,10845,694
7, 35882,10843,694
npk_tube_blank_N_4.0mgL_0
Light Source Color - OFF	 , 29/03/2024,14:25:16
8, 35879,10843,694
8, 120,197,251
8, 120,197,251
8, 120,197,251
8, 120,197,251
8, 120,197,251
8, 120,197,251
8, 120,197,251
8, 120,197,251
8, 120,197,251
8, 120,197,251
npk_tube_blank_N_4.0mgL_0
Light Source Color - WHITE	 , 29/03/2024,14:25:29
9, 120,197,251
9, 50004,43313,38414
9, 49858,43153,38067
9, 49783,43065,37919
9, 49735,43005,37820
9, 49693,42956,37743
9, 49645,42914,37674
9, 49674,42908,37645
9, 49653,42880,37587
9, 49628,42852,37534
9, 49598,42823,37484
npk_tube_blank_N_4.0mgL_0
Light Source Color - OFF	 , 29/03/2024,14:25:41
10, 49576,42798,37434
10, 120,197,251
10, 120,197,251
10, 120,197,251
10, 120,197,251
10, 120,197,251
10, 120,197,251
10, 120,197,251
10, 120,197,251
10, 120,197,251
10, 120,197,251
npk_tube_blank_N_4.0mgL_0
Light Source Color - RED	 , 29/03/2024,14:25:53
11, 120,197,251
11, 4075,2056,34875
11, 4063,2047,34710
11, 4059,2045,34661
11, 4058,2043,34637
11, 4056,2042,34617
11, 4056,2042,34610
11, 4055,2041,34597
11, 4054,2041,34586
11, 4053,2040,34575
11, 4053,2040,34565
npk_tube_blank_N_4.0mgL_0
Light Source Color - OFF	 , 29/03/2024,14:26:06
12, 4052,2039,34556
12, 120,197,251
12, 120,197,251
12, 120,197,251
12, 120,197,251
12, 120,197,251
12, 120,197,251
12, 120,197,251
12, 120,197,251
12, 120,197,251
12, 120,197,251
npk_tube_blank_N_4.0mgL_0
Light Source Color - GREEN	 , 29/03/2024,14:26:18
13, 120,197,251
13, 11817,31801,4337
13, 11782,31729,4333
13, 11763,31691,4332
13, 11750,31666,4330
13, 11746,31658,4330
13, 11738,31643,4329
13, 11732,31629,4329
13, 11727,31618,4328
13, 11724,31614,4328
13, 11721,31607,4328
npk_tube_blank_N_4.0mgL_0
Light Source Color - OFF	 , 29/03/2024,14:26:30
14, 11227,30273,4155
14, 120,197,251
14, 120,197,251
14, 120,197,251
14, 120,197,251
14, 120,197,251
14, 120,197,251
14, 120,197,251
14, 120,197,251
14, 120,197,251
14, 120,197,251
npk_tube_blank_N_4.0mgL_0
Light Source Color - BLUE	 , 29/03/2024,14:26:43
15, 120,197,251
15, 35876,10844,694
15, 35872,10847,695
15, 35876,10850,695
15, 35894,10856,695
15, 35892,10856,695
15, 35885,10854,695
15, 35874,10851,695
15, 35868,10851,694
15, 35866,10850,694
15, 35892,10857,695
npk_tube_blank_N_4.0mgL_0
Light Source Color - OFF	 , 29/03/2024,14:26:55
