npk_PO4_0.2mgL_0  :  ปริมาณ 0.2 มิลลิกรัมต่อลิตร  npk_detector_TSCRGB2024 
Light Source Color - OFF
N,P,K
0, 218,362,451
0, 112,184,231
0, 112,184,231
0, 112,184,231
0, 112,184,231
0, 112,184,231
0, 112,184,231
0, 112,184,231
0, 112,184,231
0, 112,184,231
npk_PO4_0.2mgL_0
Light Source Color - WHITE	 , 29/03/2024,11:33:26
1, 112,184,231
1, 49243,39524,32284
1, 54228,43480,35248
1, 54154,43403,35099
1, 54104,43341,34984
1, 54053,43290,34903
1, 54025,43257,34832
1, 54070,43257,34804
1, 54023,43225,34737
1, 53970,43179,34683
1, 53951,43159,34615
npk_PO4_0.2mgL_0
Light Source Color - OFF	 , 29/03/2024,11:33:39
2, 53904,43124,34556
2, 2838,2360,1969
2, 112,184,231
2, 112,184,231
2, 112,184,231
2, 112,184,231
2, 112,184,231
2, 112,184,231
2, 112,184,231
2, 112,184,231
2, 112,184,231
npk_PO4_0.2mgL_0
Light Source Color - RED	 , 29/03/2024,11:33:51
3, 112,184,231
3, 3565,1769,31882
3, 3555,1760,31698
3, 3549,1757,31646
3, 3548,1756,31622
3, 3546,1755,31602
3, 3546,1755,31590
3, 3545,1754,31577
3, 3543,1753,31562
3, 3538,1752,31532
3, 3516,1744,31334
npk_PO4_0.2mgL_0
Light Source Color - OFF	 , 29/03/2024,11:34:03
4, 3524,1746,31374
4, 112,184,231
4, 112,184,231
4, 112,184,231
4, 112,184,231
4, 112,184,231
4, 112,184,231
4, 112,184,231
4, 112,184,231
4, 112,184,231
4, 112,184,231
npk_PO4_0.2mgL_0
Light Source Color - GREEN	 , 29/03/2024,11:34:15
5, 112,184,231
5, 11817,31145,4196
5, 11780,31071,4192
5, 11762,31037,4190
5, 11751,31014,4190
5, 11748,31007,4189
5, 11739,30991,4189
5, 11732,30977,4188
5, 11726,30962,4187
5, 11722,30953,4186
5, 11721,30950,4186
npk_PO4_0.2mgL_0
Light Source Color - OFF	 , 29/03/2024,11:34:27
6, 11717,30940,4185
6, 112,184,231
6, 112,184,231
6, 112,184,231
6, 112,184,231
6, 112,184,231
6, 112,184,231
6, 112,184,231
6, 112,184,231
6, 112,184,231
6, 112,184,231
npk_PO4_0.2mgL_0
Light Source Color - BLUE	 , 29/03/2024,11:34:39
7, 112,184,231
7, 40777,11995,720
7, 40776,11997,720
7, 40792,12002,720
7, 40798,12005,720
7, 40793,12005,720
7, 40793,12006,720
7, 40778,12003,720
7, 40790,12006,720
7, 40790,12009,720
7, 40789,12009,720
npk_PO4_0.2mgL_0
Light Source Color - OFF	 , 29/03/2024,11:34:51
8, 40779,12007,720
8, 112,184,231
8, 112,184,231
8, 112,184,231
8, 112,184,231
8, 112,184,231
8, 112,184,231
8, 112,184,231
8, 112,184,231
8, 112,184,231
8, 112,184,231
npk_PO4_0.2mgL_0
Light Source Color - WHITE	 , 29/03/2024,11:35:03
9, 112,184,231
9, 54066,43329,34892
9, 54053,43280,34756
9, 53978,43199,34597
9, 53924,43137,34498
9, 53876,43087,34421
9, 53825,43042,34352
9, 53781,43008,34297
9, 53827,43009,34276
9, 53795,42980,34222
9, 53768,42952,34164
npk_PO4_0.2mgL_0
Light Source Color - OFF	 , 29/03/2024,11:35:15
10, 53741,42922,34121
10, 112,184,231
10, 112,184,231
10, 112,184,231
10, 112,184,231
10, 112,184,231
10, 112,184,231
10, 112,184,231
10, 112,184,231
10, 112,184,231
10, 112,184,231
npk_PO4_0.2mgL_0
Light Source Color - RED	 , 29/03/2024,11:35:27
11, 112,184,231
11, 3529,1746,31404
11, 3524,1744,31343
11, 3518,1740,31279
11, 3517,1738,31249
11, 3517,1738,31229
11, 3517,1737,31210
11, 3517,1736,31205
11, 3514,1736,31190
11, 3513,1735,31189
11, 3512,1734,31183
npk_PO4_0.2mgL_0
Light Source Color - OFF	 , 29/03/2024,11:35:39
12, 3512,1733,31167
12, 283,262,1785
12, 112,184,231
12, 112,184,231
12, 112,184,231
12, 112,184,231
12, 112,184,231
12, 112,184,231
12, 112,184,231
12, 112,184,231
12, 112,184,231
npk_PO4_0.2mgL_0
Light Source Color - GREEN	 , 29/03/2024,11:35:51
13, 251,552,278
13, 11769,31046,4186
13, 11727,30962,4182
13, 11706,30920,4180
13, 11692,30889,4178
13, 11682,30871,4177
13, 11678,30864,4177
13, 11672,30848,4176
13, 11666,30838,4175
13, 11661,30830,4175
13, 11657,30824,4175
npk_PO4_0.2mgL_0
Light Source Color - OFF	 , 29/03/2024,11:36:03
14, 11657,30823,4175
14, 112,184,231
14, 112,184,231
14, 112,184,231
14, 112,184,231
14, 112,184,231
14, 112,184,231
14, 112,184,231
14, 112,184,231
14, 112,184,231
14, 112,184,231
npk_PO4_0.2mgL_0
Light Source Color - BLUE	 , 29/03/2024,11:36:15
15, 112,184,231
15, 40751,11999,719
15, 40753,12006,719
15, 40746,12007,719
15, 40742,12007,719
15, 40765,12014,720
15, 40754,12011,720
15, 40749,12009,720
15, 40745,12008,719
15, 40741,12008,719
15, 40763,12015,720
npk_PO4_0.2mgL_0
Light Source Color - OFF	 , 29/03/2024,11:36:27
