npk_N_4.0mgL_0  :  ปริมาณ 4.0 มิลลิกรัมต่อลิตร  npk_detector_TSCRGB2024 
Light Source Color - OFF
N,P,K
0, 220,370,470
0, 113,189,241
0, 113,189,241
0, 113,188,241
0, 113,188,241
0, 113,188,241
0, 113,188,241
0, 113,188,241
0, 113,188,241
0, 113,188,241
npk_N_4.0mgL_0
Light Source Color - WHITE	 , 29/03/2024,14:59:49
1, 113,188,241
1, 49844,45866,48759
1, 49733,45734,48417
1, 49681,45673,48203
1, 49615,45604,48052
1, 49635,45593,48020
1, 49605,45540,47936
1, 49556,45495,47841
1, 49541,45446,47737
1, 49500,45411,47698
1, 49463,45391,47623
npk_N_4.0mgL_0
Light Source Color - OFF	 , 29/03/2024,15:00:01
2, 49443,45369,47547
2, 113,188,2920
2, 113,188,241
2, 113,188,241
2, 113,188,241
2, 113,188,241
2, 113,188,241
2, 113,188,240
2, 113,188,240
2, 113,188,241
2, 113,188,241
npk_N_4.0mgL_0
Light Source Color - RED	 , 29/03/2024,15:00:14
3, 113,188,241
3, 5050,2460,44818
3, 5037,2452,44665
3, 5031,2449,44597
3, 5029,2446,44550
3, 5029,2446,44524
3, 5026,2444,44490
3, 5023,2442,44443
3, 5023,2441,44435
3, 5023,2440,44438
3, 5024,2439,44413
npk_N_4.0mgL_0
Light Source Color - OFF	 , 29/03/2024,15:00:26
4, 5025,2441,44408
4, 311,279,2019
4, 113,188,241
4, 113,188,241
4, 113,188,241
4, 113,188,241
4, 113,188,241
4, 113,188,241
4, 113,188,241
4, 113,188,241
4, 113,188,241
npk_N_4.0mgL_0
Light Source Color - GREEN	 , 29/03/2024,15:00:38
5, 113,188,241
5, 12662,34372,4947
5, 12626,34306,4945
5, 12608,34265,4943
5, 12595,34241,4941
5, 12592,34237,4941
5, 12586,34227,4941
5, 12578,34216,4939
5, 12575,34202,4938
5, 12567,34189,4936
5, 12565,34176,4936
npk_N_4.0mgL_0
Light Source Color - OFF	 , 29/03/2024,15:00:51
6, 12561,34165,4936
6, 471,1167,376
6, 113,188,241
6, 113,188,241
6, 113,188,241
6, 113,188,241
6, 113,188,241
6, 113,188,241
6, 113,188,241
6, 113,188,241
6, 113,188,241
npk_N_4.0mgL_0
Light Source Color - BLUE	 , 29/03/2024,15:01:03
7, 113,188,241
7, 33798,10379,659
7, 33805,10386,659
7, 33810,10389,659
7, 33810,10391,659
7, 33825,10396,659
7, 33824,10398,659
7, 33824,10399,659
7, 33825,10397,659
7, 33817,10397,659
7, 33817,10397,659
npk_N_4.0mgL_0
Light Source Color - OFF	 , 29/03/2024,15:01:16
8, 33819,10399,659
8, 1385,574,256
8, 113,189,241
8, 113,189,241
8, 113,188,241
8, 113,188,241
8, 113,188,241
8, 113,188,241
8, 113,188,241
8, 113,189,241
8, 113,189,241
npk_N_4.0mgL_0
Light Source Color - WHITE	 , 29/03/2024,15:01:28
9, 113,188,241
9, 49669,45627,48235
9, 49545,45493,47873
9, 49486,45415,47718
9, 49446,45366,47586
9, 49465,45353,47532
9, 49431,45317,47430
9, 49399,45286,47349
9, 49369,45259,47283
9, 49331,45227,47199
9, 49303,45186,47131
npk_N_4.0mgL_0
Light Source Color - OFF	 , 29/03/2024,15:01:40
10, 49284,45162,47084
10, 1601,1549,1657
10, 113,188,241
10, 113,188,241
10, 113,188,241
10, 113,188,241
10, 113,188,240
10, 113,188,241
10, 113,188,241
10, 113,188,241
10, 113,188,241
npk_N_4.0mgL_0
Light Source Color - RED	 , 29/03/2024,15:01:53
11, 113,188,241
11, 5022,2440,44413
11, 5013,2430,44213
11, 5009,2427,44163
11, 5003,2426,44154
11, 5002,2426,44152
11, 5002,2426,44118
11, 4999,2423,44085
11, 4996,2423,44040
11, 4998,2421,44039
11, 4999,2422,44063
npk_N_4.0mgL_0
Light Source Color - OFF	 , 29/03/2024,15:02:05
12, 5000,2421,44062
12, 249,250,1459
12, 113,188,241
12, 113,188,241
12, 113,188,241
12, 113,188,241
12, 113,188,241
12, 113,188,241
12, 113,188,241
12, 113,189,241
12, 113,188,241
npk_N_4.0mgL_0
Light Source Color - GREEN	 , 29/03/2024,15:02:18
13, 113,188,241
13, 12614,34266,4941
13, 12576,34191,4938
13, 12557,34149,4935
13, 12540,34115,4932
13, 12531,34097,4932
13, 12520,34076,4930
13, 12522,34076,4928
13, 12521,34067,4925
13, 12505,34066,4926
13, 12504,34058,4929
npk_N_4.0mgL_0
Light Source Color - OFF	 , 29/03/2024,15:02:30
14, 12506,34050,4929
14, 480,1193,380
14, 113,188,241
14, 113,188,241
14, 113,188,241
14, 113,188,241
14, 113,188,241
14, 113,188,240
14, 113,188,240
14, 113,188,241
14, 113,188,241
npk_N_4.0mgL_0
Light Source Color - BLUE	 , 29/03/2024,15:02:42
15, 113,188,241
15, 33766,10386,659
15, 33772,10393,659
15, 33781,10397,659
15, 33777,10395,659
15, 33794,10399,659
15, 33799,10402,659
15, 33810,10407,659
15, 33810,10408,659
15, 33799,10407,659
15, 33791,10402,659
npk_N_4.0mgL_0
Light Source Color - OFF	 , 29/03/2024,15:02:55
