npk_N_0.2mgL_1  :  ปริมาณ 0.2 มิลลิกรัมต่อลิตร  npk_detector_TSCRGB2024 
Light Source Color - OFF
N,P,K
0, 224,372,470
0, 115,190,241
0, 115,190,241
0, 115,190,241
0, 115,190,241
0, 115,190,241
0, 115,190,241
0, 115,190,241
0, 115,190,241
0, 115,190,241
npk_N_0.2mgL_1
Light Source Color - WHITE	 , 29/03/2024,16:50:22
1, 115,190,241
1, 64886,55199,49511
1, 64709,55036,49013
1, 64620,54907,48824
1, 64552,54807,48654
1, 64537,54811,48589
1, 64495,54767,48498
1, 64476,54722,48425
1, 64540,54717,48327
1, 64532,54707,48305
1, 64472,54652,48154
npk_N_0.2mgL_1
Light Source Color - OFF	 , 29/03/2024,16:50:35
2, 64421,54616,48136
2, 115,190,241
2, 115,190,241
2, 115,190,241
2, 115,190,241
2, 115,190,241
2, 115,190,241
2, 115,190,241
2, 115,190,241
2, 115,190,241
2, 115,190,241
npk_N_0.2mgL_1
Light Source Color - RED	 , 29/03/2024,16:50:47
3, 115,190,241
3, 4847,2434,44640
3, 4837,2427,44427
3, 4834,2423,44351
3, 4828,2421,44328
3, 4828,2420,44354
3, 4830,2418,44301
3, 4823,2415,44260
3, 4825,2417,44285
3, 4823,2416,44261
3, 4819,2414,44227
npk_N_0.2mgL_1
Light Source Color - OFF	 , 29/03/2024,16:51:00
4, 4821,2415,44208
4, 115,190,241
4, 115,190,241
4, 115,190,241
4, 115,190,241
4, 115,190,241
4, 115,190,241
4, 115,190,241
4, 115,190,241
4, 115,190,241
4, 115,190,241
npk_N_0.2mgL_1
Light Source Color - GREEN	 , 29/03/2024,16:51:12
5, 115,190,241
5, 15254,40203,5598
5, 15236,40172,5598
5, 15203,40104,5594
5, 15190,40069,5592
5, 15175,40049,5592
5, 15159,40019,5590
5, 15152,40012,5589
5, 15143,39999,5586
5, 15147,40006,5587
5, 15149,40007,5588
npk_N_0.2mgL_1
Light Source Color - OFF	 , 29/03/2024,16:51:25
6, 15148,40002,5588
6, 115,190,241
6, 115,190,241
6, 115,190,241
6, 115,190,241
6, 115,190,241
6, 115,190,241
6, 115,190,241
6, 115,190,241
6, 115,190,241
6, 115,190,241
npk_N_0.2mgL_1
Light Source Color - BLUE	 , 29/03/2024,16:51:37
7, 115,190,241
7, 46874,14059,806
7, 46968,14098,807
7, 46938,14092,806
7, 46932,14091,806
7, 46937,14095,806
7, 46964,14103,807
7, 46972,14108,807
7, 46972,14102,807
7, 46996,14112,807
7, 47003,14116,807
npk_N_0.2mgL_1
Light Source Color - OFF	 , 29/03/2024,16:51:50
8, 46989,14115,807
8, 115,190,241
8, 115,190,241
8, 115,190,241
8, 115,190,241
8, 115,190,241
8, 115,190,241
8, 115,190,241
8, 115,190,241
8, 115,190,241
8, 115,190,241
npk_N_0.2mgL_1
Light Source Color - WHITE	 , 29/03/2024,16:52:03
9, 115,190,241
9, 64657,54896,48608
9, 64538,54759,48266
9, 64576,54723,48204
9, 64492,54622,48105
9, 64435,54566,48010
9, 64395,54511,47865
9, 64337,54466,47781
9, 64324,54455,47731
9, 64297,54427,47669
9, 64273,54377,47607
npk_N_0.2mgL_1
Light Source Color - OFF	 , 29/03/2024,16:52:15
10, 59608,50415,44131
10, 115,190,241
10, 115,190,241
10, 115,190,241
10, 115,190,241
10, 115,190,241
10, 115,190,241
10, 115,190,241
10, 115,190,241
10, 115,190,241
10, 115,190,241
npk_N_0.2mgL_1
Light Source Color - RED	 , 29/03/2024,16:52:28
11, 115,190,241
11, 4808,2411,44196
11, 4791,2399,43965
11, 4787,2394,43904
11, 4786,2394,43901
11, 4782,2392,43871
11, 4781,2391,43818
11, 4781,2391,43834
11, 4781,2391,43836
11, 4782,2391,43813
11, 4784,2391,43815
npk_N_0.2mgL_1
Light Source Color - OFF	 , 29/03/2024,16:52:40
12, 4781,2389,43799
12, 115,190,241
12, 115,190,241
12, 115,190,241
12, 115,190,241
12, 115,190,241
12, 115,190,241
12, 115,190,241
12, 115,190,241
12, 115,190,241
12, 115,190,241
npk_N_0.2mgL_1
Light Source Color - GREEN	 , 29/03/2024,16:52:53
13, 115,190,241
13, 15208,40121,5596
13, 15156,40025,5589
13, 15134,39976,5585
13, 15115,39932,5583
13, 15106,39920,5583
13, 15101,39900,5581
13, 15100,39905,5582
13, 15085,39883,5581
13, 15084,39883,5582
13, 15082,39875,5580
npk_N_0.2mgL_1
Light Source Color - OFF	 , 29/03/2024,16:53:06
14, 15072,39850,5579
14, 115,190,241
14, 115,190,241
14, 115,190,241
14, 115,190,241
14, 115,190,241
14, 115,190,241
14, 115,190,241
14, 115,190,241
14, 115,190,241
14, 115,190,241
npk_N_0.2mgL_1
Light Source Color - BLUE	 , 29/03/2024,16:53:18
15, 1003,453,251
15, 47022,14118,808
15, 47022,14129,808
15, 47029,14136,808
15, 47021,14134,808
15, 47010,14131,808
15, 47007,14131,808
15, 47004,14130,808
15, 47023,14134,808
15, 47054,14142,808
15, 47060,14146,808
npk_N_0.2mgL_1
Light Source Color - OFF	 , 29/03/2024,16:53:31
