npk_PO4_0.4mgL_0  :  ปริมาณ 0.4 มิลลิกรัมต่อลิตร  npk_detector_TSCRGB2024 
Light Source Color - OFF
N,P,K
0, 220,363,453
0, 113,185,232
0, 113,185,232
0, 113,185,232
0, 113,185,232
0, 113,185,232
0, 113,185,232
0, 113,185,232
0, 113,185,232
0, 113,185,232
npk_PO4_0.4mgL_0
Light Source Color - WHITE	 , 29/03/2024,11:52:19
1, 113,185,232
1, 52004,40981,29881
1, 52000,40941,29774
1, 51920,40851,29644
1, 51864,40787,29547
1, 51820,40729,29476
1, 51772,40689,29402
1, 51808,40692,29377
1, 51781,40660,29332
1, 51738,40618,29275
1, 51713,40589,29243
npk_PO4_0.4mgL_0
Light Source Color - OFF	 , 29/03/2024,11:52:32
2, 51680,40557,29190
2, 113,185,232
2, 113,185,232
2, 113,185,232
2, 113,185,232
2, 113,185,232
2, 113,185,232
2, 113,185,232
2, 113,185,232
2, 113,185,232
2, 113,185,232
npk_PO4_0.4mgL_0
Light Source Color - RED	 , 29/03/2024,11:52:44
3, 113,185,232
3, 3018,1542,26435
3, 3012,1538,26363
3, 3003,1533,26256
3, 3003,1533,26268
3, 3007,1534,26292
3, 3006,1532,26273
3, 3004,1532,26260
3, 3005,1532,26268
3, 3003,1530,26228
3, 3003,1531,26241
npk_PO4_0.4mgL_0
Light Source Color - OFF	 , 29/03/2024,11:52:56
4, 3003,1531,26230
4, 220,235,1191
4, 113,185,232
4, 113,185,232
4, 113,185,232
4, 113,185,232
4, 113,185,232
4, 113,185,232
4, 113,185,232
4, 113,185,232
4, 113,185,232
npk_PO4_0.4mgL_0
Light Source Color - GREEN	 , 29/03/2024,11:53:08
5, 113,185,232
5, 10832,28440,3867
5, 10994,28901,3933
5, 10982,28876,3932
5, 10965,28840,3931
5, 10955,28822,3930
5, 10953,28811,3929
5, 10947,28797,3928
5, 10941,28789,3928
5, 10940,28782,3929
5, 10938,28774,3929
npk_PO4_0.4mgL_0
Light Source Color - OFF	 , 29/03/2024,11:53:20
6, 10938,28776,3929
6, 113,185,232
6, 113,185,232
6, 113,185,232
6, 113,185,232
6, 113,185,232
6, 113,185,232
6, 113,185,232
6, 113,185,232
6, 113,185,232
6, 113,185,232
npk_PO4_0.4mgL_0
Light Source Color - BLUE	 , 29/03/2024,11:53:32
7, 113,185,232
7, 39824,11783,713
7, 39825,11789,713
7, 39814,11790,713
7, 39802,11790,713
7, 39818,11795,713
7, 39821,11794,713
7, 39805,11794,713
7, 39802,11791,713
7, 39807,11791,713
7, 39822,11793,713
npk_PO4_0.4mgL_0
Light Source Color - OFF	 , 29/03/2024,11:53:44
8, 39825,11795,713
8, 113,185,232
8, 113,185,232
8, 113,185,232
8, 113,185,232
8, 113,185,232
8, 113,185,232
8, 113,185,232
8, 113,185,232
8, 113,185,232
8, 113,185,232
npk_PO4_0.4mgL_0
Light Source Color - WHITE	 , 29/03/2024,11:53:56
9, 113,185,232
9, 51956,40865,29669
9, 51801,40724,29406
9, 51734,40640,29294
9, 51671,40574,29212
9, 51701,40562,29177
9, 51656,40513,29111
9, 51606,40481,29060
9, 51569,40457,29016
9, 51534,40427,28970
9, 51563,40425,28951
npk_PO4_0.4mgL_0
Light Source Color - OFF	 , 29/03/2024,11:54:08
10, 51557,40408,28913
10, 113,185,231
10, 113,185,232
10, 113,185,232
10, 113,185,231
10, 113,185,232
10, 113,185,232
10, 113,185,232
10, 113,185,231
10, 113,185,231
10, 113,185,231
npk_PO4_0.4mgL_0
Light Source Color - RED	 , 29/03/2024,11:54:20
11, 113,185,232
11, 3005,1532,26263
11, 2996,1526,26132
11, 2994,1524,26103
11, 2991,1523,26084
11, 2990,1522,26079
11, 2989,1521,26062
11, 2988,1521,26047
11, 2987,1520,26030
11, 2986,1519,26024
11, 2986,1519,26017
npk_PO4_0.4mgL_0
Light Source Color - OFF	 , 29/03/2024,11:54:32
12, 2985,1519,26011
12, 113,185,232
12, 113,185,231
12, 113,185,232
12, 113,185,232
12, 113,185,232
12, 113,185,232
12, 113,185,232
12, 113,185,232
12, 113,185,232
12, 113,185,232
npk_PO4_0.4mgL_0
Light Source Color - GREEN	 , 29/03/2024,11:54:44
13, 113,185,232
13, 10985,28871,3930
13, 10951,28804,3927
13, 10932,28762,3925
13, 10925,28749,3925
13, 10913,28728,3923
13, 10906,28707,3922
13, 10901,28701,3921
13, 10898,28693,3921
13, 10895,28687,3920
13, 10890,28673,3920
npk_PO4_0.4mgL_0
Light Source Color - OFF	 , 29/03/2024,11:54:56
14, 10889,28673,3920
14, 113,185,232
14, 113,185,232
14, 113,185,232
14, 113,185,232
14, 113,185,232
14, 113,185,232
14, 113,185,232
14, 113,185,232
14, 113,185,232
14, 113,185,232
npk_PO4_0.4mgL_0
Light Source Color - BLUE	 , 29/03/2024,11:55:09
15, 113,185,232
15, 39775,11781,712
15, 39777,11785,712
15, 39761,11785,712
15, 39773,11788,712
15, 39783,11792,713
15, 39772,11788,712
15, 39762,11785,712
15, 39763,11789,712
15, 39785,11793,713
15, 39790,11794,713
npk_PO4_0.4mgL_0
Light Source Color - OFF	 , 29/03/2024,11:55:21
