npk_tube_blank_N_2.0mgL_0  :  npk_detector_TSCRGB2024
Light Source Color - OFF
N,P,K
0, 244,399,511
0, 125,203,262
0, 125,203,262
0, 125,203,262
0, 125,203,261
0, 125,203,261
0, 125,203,261
0, 125,203,261
0, 125,203,261
0, 125,203,261
npk_tube_blank_N_2.0mgL_0
Light Source Color - WHITE	 , 29/03/2024,14:00:17
1, 125,203,261
1, 51781,44254,37444
1, 51677,44135,37188
1, 51600,44054,37054
1, 51553,43994,36957
1, 51589,43991,36918
1, 51542,43942,36845
1, 51510,43904,36781
1, 51475,43867,36720
1, 51448,43835,36664
1, 51416,43804,36609
npk_tube_blank_N_2.0mgL_0
Light Source Color - OFF	 , 29/03/2024,14:00:29
2, 51047,43485,36315
2, 125,203,261
2, 125,203,261
2, 125,203,261
2, 125,203,261
2, 125,203,261
2, 125,203,261
2, 125,203,261
2, 125,203,261
2, 125,203,261
2, 125,203,261
npk_tube_blank_N_2.0mgL_0
Light Source Color - RED	 , 29/03/2024,14:00:41
3, 125,203,261
3, 3909,1972,33852
3, 3901,1966,33738
3, 3898,1964,33694
3, 3897,1963,33681
3, 3895,1962,33658
3, 3894,1961,33642
3, 3893,1960,33625
3, 3892,1959,33610
3, 3890,1958,33596
3, 3890,1958,33590
npk_tube_blank_N_2.0mgL_0
Light Source Color - OFF	 , 29/03/2024,14:00:54
4, 3889,1957,33578
4, 125,203,261
4, 125,203,261
4, 125,203,261
4, 125,203,261
4, 125,203,261
4, 125,203,261
4, 125,203,261
4, 125,203,261
4, 125,203,261
4, 125,203,261
npk_tube_blank_N_2.0mgL_0
Light Source Color - GREEN	 , 29/03/2024,14:01:06
5, 125,203,261
5, 11879,32227,4251
5, 11852,32171,4250
5, 11845,32157,4248
5, 11830,32127,4247
5, 11820,32106,4246
5, 11812,32090,4245
5, 11806,32077,4244
5, 11801,32067,4244
5, 11799,32064,4244
5, 11795,32056,4243
npk_tube_blank_N_2.0mgL_0
Light Source Color - OFF	 , 29/03/2024,14:01:18
6, 11791,32047,4242
6, 125,203,260
6, 125,203,260
6, 125,202,260
6, 125,203,260
6, 125,203,261
6, 125,203,261
6, 125,203,260
6, 125,203,260
6, 125,203,260
6, 125,202,260
npk_tube_blank_N_2.0mgL_0
Light Source Color - BLUE	 , 29/03/2024,14:01:31
7, 125,202,260
7, 37733,11361,719
7, 37741,11370,719
7, 37739,11371,719
7, 37733,11371,719
7, 37729,11371,719
7, 37724,11371,719
7, 37742,11376,719
7, 37743,11377,719
7, 37737,11375,719
7, 37738,11376,719
npk_tube_blank_N_2.0mgL_0
Light Source Color - OFF	 , 29/03/2024,14:01:43
8, 37736,11377,719
8, 125,202,260
8, 125,202,260
8, 125,202,260
8, 125,202,260
8, 125,202,260
8, 125,202,260
8, 125,202,260
8, 125,202,260
8, 124,202,260
8, 125,202,260
npk_tube_blank_N_2.0mgL_0
Light Source Color - WHITE	 , 29/03/2024,14:01:55
9, 125,202,260
9, 51577,44031,37004
9, 51446,43883,36710
9, 51383,43802,36576
9, 51321,43737,36479
9, 51285,43692,36408
9, 51308,43681,36372
9, 51288,43650,36316
9, 51257,43615,36258
9, 51224,43586,36207
9, 51196,43554,36158
npk_tube_blank_N_2.0mgL_0
Light Source Color - OFF	 , 29/03/2024,14:02:08
10, 51174,43529,36111
10, 124,202,260
10, 124,202,260
10, 125,202,260
10, 125,202,260
10, 125,202,260
10, 125,202,260
10, 124,202,260
10, 124,202,260
10, 125,202,260
10, 125,202,260
npk_tube_blank_N_2.0mgL_0
Light Source Color - RED	 , 29/03/2024,14:02:20
11, 125,202,260
11, 3882,1952,33520
11, 3873,1945,33386
11, 3870,1943,33342
11, 3868,1941,33316
11, 3867,1941,33309
11, 3866,1940,33295
11, 3865,1939,33280
11, 3865,1939,33271
11, 3864,1938,33260
11, 3863,1938,33252
npk_tube_blank_N_2.0mgL_0
Light Source Color - OFF	 , 29/03/2024,14:02:32
12, 3862,1937,33241
12, 212,243,1032
12, 124,202,260
12, 124,202,260
12, 124,202,260
12, 124,202,260
12, 124,202,260
12, 124,202,260
12, 124,202,260
12, 124,202,260
12, 124,202,260
npk_tube_blank_N_2.0mgL_0
Light Source Color - GREEN	 , 29/03/2024,14:02:45
13, 124,202,260
13, 11820,32097,4239
13, 11788,32032,4237
13, 11769,31992,4235
13, 11764,31982,4235
13, 11754,31961,4234
13, 11746,31943,4233
13, 11739,31931,4232
13, 11734,31920,4231
13, 11730,31913,4231
13, 11730,31913,4231
npk_tube_blank_N_2.0mgL_0
Light Source Color - OFF	 , 29/03/2024,14:02:57
14, 11727,31906,4231
14, 124,202,260
14, 124,202,260
14, 124,202,260
14, 124,202,260
14, 124,202,260
14, 124,202,260
14, 124,202,260
14, 124,202,260
14, 124,202,260
14, 124,202,260
npk_tube_blank_N_2.0mgL_0
Light Source Color - BLUE	 , 29/03/2024,14:03:09
15, 124,202,260
15, 37678,11367,718
15, 37696,11375,719
15, 37696,11378,719
15, 37694,11378,719
15, 37688,11378,719
15, 37684,11377,718
15, 37683,11377,718
15, 37682,11378,718
15, 37699,11383,719
15, 37696,11382,719
npk_tube_blank_N_2.0mgL_0
Light Source Color - OFF	 , 29/03/2024,14:03:22
