npk_PO4_0.6mgL_0  :  ปริมาณ 0.6 มิลลิกรัมต่อลิตร  npk_detector_TSCRGB2024 
Light Source Color - OFF
N,P,K
0, 213,351,435
0, 109,179,223
0, 109,179,223
0, 109,179,223
0, 109,179,223
0, 109,179,223
0, 109,179,223
0, 109,179,223
0, 109,179,223
0, 109,179,223
npk_PO4_0.6mgL_0
Light Source Color - WHITE	 , 29/03/2024,12:08:58
1, 109,179,223
1, 29291,19820,8882
1, 29301,19806,8848
1, 29256,19763,8807
1, 29221,19729,8775
1, 29208,19712,8754
1, 29188,19690,8734
1, 29167,19689,8722
1, 29196,19678,8703
1, 29168,19665,8692
1, 29148,19645,8679
npk_PO4_0.6mgL_0
Light Source Color - OFF	 , 29/03/2024,12:09:10
2, 29136,19637,8667
2, 109,179,223
2, 109,179,223
2, 109,179,223
2, 109,179,223
2, 109,179,223
2, 109,179,223
2, 109,179,223
2, 109,179,223
2, 109,179,223
2, 109,179,223
npk_PO4_0.6mgL_0
Light Source Color - RED	 , 29/03/2024,12:09:22
3, 109,179,223
3, 866,551,7232
3, 863,549,7203
3, 862,549,7194
3, 862,548,7185
3, 862,548,7173
3, 860,547,7175
3, 860,548,7178
3, 861,548,7181
3, 861,548,7177
3, 861,547,7174
npk_PO4_0.6mgL_0
Light Source Color - OFF	 , 29/03/2024,12:09:34
4, 860,547,7170
4, 109,179,223
4, 109,179,223
4, 109,179,223
4, 109,179,223
4, 109,179,223
4, 109,179,223
4, 109,179,223
4, 109,179,223
4, 109,179,223
4, 109,179,223
npk_PO4_0.6mgL_0
Light Source Color - GREEN	 , 29/03/2024,12:09:46
5, 109,179,223
5, 5173,12952,1781
5, 5160,12926,1780
5, 5156,12917,1779
5, 5149,12902,1778
5, 5144,12893,1778
5, 5140,12886,1777
5, 5138,12880,1777
5, 5137,12879,1777
5, 5134,12874,1777
5, 5132,12868,1776
npk_PO4_0.6mgL_0
Light Source Color - OFF	 , 29/03/2024,12:09:58
6, 5131,12865,1776
6, 109,179,223
6, 109,179,223
6, 109,179,223
6, 109,179,223
6, 109,179,223
6, 109,179,223
6, 109,179,223
6, 109,179,223
6, 109,179,223
6, 109,179,223
npk_PO4_0.6mgL_0
Light Source Color - BLUE	 , 29/03/2024,12:10:10
7, 109,179,223
7, 24368,7124,505
7, 24389,7132,506
7, 24405,7138,506
7, 24404,7139,506
7, 24406,7140,506
7, 24401,7140,506
7, 24401,7139,506
7, 24409,7142,506
7, 24406,7141,506
7, 24404,7141,506
npk_PO4_0.6mgL_0
Light Source Color - OFF	 , 29/03/2024,12:10:22
8, 24399,7140,506
8, 109,179,223
8, 109,179,223
8, 109,179,223
8, 109,179,223
8, 109,179,223
8, 109,179,223
8, 109,179,223
8, 109,179,223
8, 109,179,223
8, 109,179,223
npk_PO4_0.6mgL_0
Light Source Color - WHITE	 , 29/03/2024,12:10:34
9, 109,179,223
9, 29195,19706,8737
9, 29135,19649,8673
9, 29147,19638,8655
9, 29116,19609,8627
9, 29086,19585,8605
9, 29064,19567,8588
9, 29040,19549,8571
9, 29026,19535,8557
9, 29053,19538,8551
9, 29045,19527,8538
npk_PO4_0.6mgL_0
Light Source Color - OFF	 , 29/03/2024,12:10:47
10, 29025,19515,8526
10, 109,179,223
10, 109,179,223
10, 109,179,223
10, 109,179,223
10, 109,179,223
10, 109,179,223
10, 109,179,223
10, 109,179,223
10, 109,179,223
10, 109,179,223
npk_PO4_0.6mgL_0
Light Source Color - RED	 , 29/03/2024,12:10:59
11, 109,179,223
11, 855,545,7127
11, 853,543,7094
11, 852,542,7080
11, 851,542,7077
11, 851,542,7069
11, 850,542,7066
11, 850,542,7062
11, 850,541,7056
11, 849,541,7055
11, 849,541,7053
npk_PO4_0.6mgL_0
Light Source Color - OFF	 , 29/03/2024,12:11:11
12, 849,541,7052
12, 109,179,223
12, 109,179,223
12, 109,179,223
12, 109,179,223
12, 109,179,223
12, 109,179,223
12, 109,179,223
12, 109,179,223
12, 109,179,223
12, 109,179,223
npk_PO4_0.6mgL_0
Light Source Color - GREEN	 , 29/03/2024,12:11:23
13, 109,179,223
13, 5141,12873,1772
13, 5125,12841,1770
13, 5116,12823,1769
13, 5113,12817,1769
13, 5109,12807,1768
13, 5105,12798,1767
13, 5102,12793,1767
13, 5099,12786,1767
13, 5099,12784,1767
13, 5097,12780,1766
npk_PO4_0.6mgL_0
Light Source Color - OFF	 , 29/03/2024,12:11:35
14, 5095,12777,1766
14, 109,179,223
14, 109,179,223
14, 109,179,223
14, 109,179,223
14, 109,179,223
14, 109,179,223
14, 109,179,223
14, 109,179,223
14, 109,179,223
14, 109,179,223
npk_PO4_0.6mgL_0
Light Source Color - BLUE	 , 29/03/2024,12:11:47
15, 109,179,223
15, 24359,7126,505
15, 24353,7127,505
15, 24350,7128,505
15, 24361,7131,506
15, 24360,7132,506
15, 24354,7130,505
15, 24343,7128,505
15, 24338,7127,505
15, 24347,7129,505
15, 24352,7130,505
npk_PO4_0.6mgL_0
Light Source Color - OFF	 , 29/03/2024,12:11:59
