npk_N_2.0mgL_2  :  ปริมาณ 2.0 มิลลิกรัมต่อลิตร  npk_detector_TSCRGB2024 
Light Source Color - OFF
N,P,K
0, 224,374,476
0, 115,191,244
0, 115,191,244
0, 115,191,244
0, 115,191,244
0, 115,191,244
0, 115,191,244
0, 115,191,244
0, 115,191,244
0, 115,191,244
npk_N_2.0mgL_2
Light Source Color - WHITE	 , 29/03/2024,15:07:10
1, 115,191,244
1, 57956,50892,47390
1, 57798,50731,47011
1, 57711,50624,46840
1, 57667,50557,46726
1, 57688,50536,46668
1, 57681,50488,46570
1, 57651,50459,46519
1, 57631,50427,46449
1, 57591,50393,46384
1, 57507,50358,46297
npk_N_2.0mgL_2
Light Source Color - OFF	 , 29/03/2024,15:07:22
2, 57444,50321,46208
2, 2143,1963,1868
2, 115,191,244
2, 115,191,244
2, 115,191,244
2, 115,191,244
2, 115,191,244
2, 115,191,244
2, 115,191,244
2, 115,191,244
2, 115,191,244
npk_N_2.0mgL_2
Light Source Color - RED	 , 29/03/2024,15:07:35
3, 115,191,244
3, 4922,2395,43275
3, 4908,2386,43110
3, 4903,2385,43044
3, 4900,2383,43006
3, 4899,2383,42975
3, 4898,2381,42969
3, 4897,2381,42960
3, 4894,2380,42942
3, 4896,2380,42931
3, 4891,2378,42903
npk_N_2.0mgL_2
Light Source Color - OFF	 , 29/03/2024,15:07:47
4, 4888,2376,42883
4, 190,225,911
4, 115,191,244
4, 115,191,244
4, 115,191,244
4, 115,191,244
4, 115,191,244
4, 115,191,244
4, 115,191,244
4, 115,191,244
4, 115,191,244
npk_N_2.0mgL_2
Light Source Color - GREEN	 , 29/03/2024,15:07:59
5, 115,191,244
5, 13737,37383,5172
5, 13694,37288,5168
5, 13669,37243,5166
5, 13654,37209,5163
5, 13649,37198,5163
5, 13640,37174,5163
5, 13633,37162,5161
5, 13627,37160,5161
5, 13619,37141,5160
5, 13618,37135,5160
npk_N_2.0mgL_2
Light Source Color - OFF	 , 29/03/2024,15:08:12
6, 13509,36837,5121
6, 115,191,244
6, 115,191,244
6, 115,191,244
6, 115,191,244
6, 115,191,244
6, 115,191,244
6, 115,191,244
6, 115,191,244
6, 115,191,244
6, 115,191,244
npk_N_2.0mgL_2
Light Source Color - BLUE	 , 29/03/2024,15:08:24
7, 115,191,244
7, 41288,12681,745
7, 41323,12691,745
7, 41332,12697,745
7, 41322,12697,745
7, 41346,12704,746
7, 41346,12708,746
7, 41351,12713,746
7, 41333,12708,745
7, 41327,12706,745
7, 41335,12709,745
npk_N_2.0mgL_2
Light Source Color - OFF	 , 29/03/2024,15:08:37
8, 40773,12538,738
8, 115,191,244
8, 115,191,244
8, 115,191,244
8, 115,191,244
8, 115,191,244
8, 115,191,244
8, 115,191,244
8, 115,191,244
8, 115,191,244
8, 115,191,244
npk_N_2.0mgL_2
Light Source Color - WHITE	 , 29/03/2024,15:08:49
9, 115,191,244
9, 57868,50782,47179
9, 57743,50635,46746
9, 57661,50548,46541
9, 57614,50487,46494
9, 57655,50478,46470
9, 57617,50428,46444
9, 57581,50388,46362
9, 57549,50356,46296
9, 57511,50316,46243
9, 57473,50285,46185
npk_N_2.0mgL_2
Light Source Color - OFF	 , 29/03/2024,15:09:01
10, 56437,49374,45312
10, 115,191,244
10, 115,191,244
10, 115,191,244
10, 115,191,244
10, 115,191,244
10, 115,191,244
10, 115,191,244
10, 115,191,244
10, 115,191,244
10, 115,191,244
npk_N_2.0mgL_2
Light Source Color - RED	 , 29/03/2024,15:09:14
11, 115,191,244
11, 4907,2390,43149
11, 4894,2381,42982
11, 4889,2378,42917
11, 4886,2376,42882
11, 4885,2376,42868
11, 4884,2375,42837
11, 4882,2374,42831
11, 4881,2373,42818
11, 4881,2372,42815
11, 4881,2371,42811
npk_N_2.0mgL_2
Light Source Color - OFF	 , 29/03/2024,15:09:26
12, 4778,2324,41899
12, 115,191,244
12, 115,191,244
12, 115,191,244
12, 115,191,244
12, 115,191,244
12, 115,191,244
12, 115,191,244
12, 115,191,244
12, 115,191,244
12, 115,191,244
npk_N_2.0mgL_2
Light Source Color - GREEN	 , 29/03/2024,15:09:39
13, 115,191,244
13, 13710,37322,5169
13, 13668,37241,5164
13, 13645,37196,5162
13, 13632,37172,5161
13, 13626,37162,5161
13, 13616,37142,5161
13, 13610,37128,5161
13, 13604,37117,5160
13, 13601,37110,5160
13, 13598,37097,5158
npk_N_2.0mgL_2
Light Source Color - OFF	 , 29/03/2024,15:09:51
14, 13295,36266,5048
14, 115,191,244
14, 115,191,244
14, 115,191,244
14, 115,191,244
14, 115,191,244
14, 115,191,244
14, 115,191,244
14, 115,191,244
14, 115,191,244
14, 115,191,244
npk_N_2.0mgL_2
Light Source Color - BLUE	 , 29/03/2024,15:10:03
15, 115,191,244
15, 41319,12698,745
15, 41325,12704,745
15, 41323,12705,745
15, 41315,12706,745
15, 41336,12713,745
15, 41339,12713,745
15, 41325,12709,745
15, 41334,12711,745
15, 41349,12715,745
15, 41344,12714,745
npk_N_2.0mgL_2
Light Source Color - OFF	 , 29/03/2024,15:10:16
