npk_tube_blank_0.2mgL_1  :  npk_detector_TSCRGB2024
Light Source Color - OFF
N,P,K
0, 119,196,251
0, 119,196,251
0, 119,196,251
0, 119,195,251
0, 119,195,251
0, 119,195,250
0, 119,196,251
0, 119,196,251
0, 119,196,251
0, 119,195,250
npk_tube_blank_0.2mgL_1
Light Source Color - WHITE	 , 29/03/2024,11:19:30
1, 119,195,250
1, 44609,37223,34144
1, 50745,42287,38538
1, 50666,42198,38378
1, 50612,42135,38273
1, 50571,42088,38192
1, 50527,42044,38121
1, 50565,42043,38089
1, 50533,42011,38029
1, 50501,41981,37976
1, 50469,41947,37922
npk_tube_blank_0.2mgL_1
Light Source Color - OFF	 , 29/03/2024,11:19:43
2, 50443,41926,37875
2, 6196,5233,4791
2, 119,195,250
2, 119,195,250
2, 119,195,250
2, 119,195,250
2, 119,195,250
2, 119,195,250
2, 119,195,250
2, 119,195,250
2, 119,195,250
npk_tube_blank_0.2mgL_1
Light Source Color - RED	 , 29/03/2024,11:19:55
3, 119,195,250
3, 3786,1907,32542
3, 4109,2054,35302
3, 4105,2051,35248
3, 4103,2050,35222
3, 4102,2049,35203
3, 4101,2048,35195
3, 4100,2048,35183
3, 4099,2047,35171
3, 4098,2046,35158
3, 4098,2046,35150
npk_tube_blank_0.2mgL_1
Light Source Color - OFF	 , 29/03/2024,11:20:07
4, 4097,2046,35144
4, 119,195,250
4, 119,195,250
4, 119,195,250
4, 119,195,250
4, 119,195,250
4, 119,195,250
4, 119,195,250
4, 119,195,250
4, 119,195,250
4, 119,195,250
npk_tube_blank_0.2mgL_1
Light Source Color - GREEN	 , 29/03/2024,11:20:19
5, 119,195,250
5, 11370,30462,4189
5, 11331,30383,4186
5, 11311,30343,4184
5, 11298,30315,4182
5, 11293,30304,4182
5, 11286,30292,4181
5, 11279,30278,4180
5, 11274,30267,4180
5, 11270,30260,4179
5, 11269,30258,4179
npk_tube_blank_0.2mgL_1
Light Source Color - OFF	 , 29/03/2024,11:20:31
6, 11267,30252,4179
6, 119,195,250
6, 119,195,250
6, 119,195,250
6, 119,195,250
6, 119,195,250
6, 119,195,250
6, 119,195,250
6, 119,195,250
6, 119,195,250
6, 119,195,250
npk_tube_blank_0.2mgL_1
Light Source Color - BLUE	 , 29/03/2024,11:20:43
7, 119,195,250
7, 37152,11265,705
7, 37149,11269,705
7, 37143,11270,705
7, 37155,11273,705
7, 37159,11275,705
7, 37153,11275,705
7, 37153,11275,705
7, 37146,11273,705
7, 37158,11277,705
7, 37160,11278,705
npk_tube_blank_0.2mgL_1
Light Source Color - OFF	 , 29/03/2024,11:20:55
8, 37155,11276,705
8, 119,195,250
8, 119,195,250
8, 119,195,250
8, 119,195,250
8, 119,195,250
8, 119,195,250
8, 119,195,250
8, 119,195,250
8, 119,195,250
8, 119,195,250
npk_tube_blank_0.2mgL_1
Light Source Color - WHITE	 , 29/03/2024,11:21:07
9, 119,195,250
9, 50706,42272,38534
9, 50587,42142,38264
9, 50526,42065,38130
9, 50553,42052,38080
9, 50504,42002,37994
9, 50456,41957,37921
9, 50420,41920,37858
9, 50387,41889,37800
9, 50424,41891,37775
9, 50401,41866,37725
npk_tube_blank_0.2mgL_1
Light Source Color - OFF	 , 29/03/2024,11:21:19
10, 50366,41836,37674
10, 119,195,250
10, 119,195,250
10, 119,195,250
10, 119,195,250
10, 119,195,250
10, 119,195,250
10, 119,195,250
10, 119,195,250
10, 119,195,250
10, 119,195,250
npk_tube_blank_0.2mgL_1
Light Source Color - RED	 , 29/03/2024,11:21:31
11, 119,195,250
11, 4102,2049,35223
11, 4093,2043,35100
11, 4092,2042,35077
11, 4090,2040,35046
11, 4088,2039,35029
11, 4087,2038,35013
11, 4086,2038,34999
11, 4086,2037,34994
11, 4086,2037,34985
11, 4085,2036,34975
npk_tube_blank_0.2mgL_1
Light Source Color - OFF	 , 29/03/2024,11:21:43
12, 4084,2036,34968
12, 119,195,250
12, 119,195,250
12, 119,195,250
12, 119,195,250
12, 119,195,250
12, 119,195,250
12, 119,195,250
12, 119,195,250
12, 119,195,250
12, 119,195,250
npk_tube_blank_0.2mgL_1
Light Source Color - GREEN	 , 29/03/2024,11:21:55
13, 119,195,250
13, 11320,30357,4183
13, 11304,30324,4182
13, 11281,30277,4179
13, 11266,30248,4178
13, 11256,30227,4177
13, 11249,30213,4176
13, 11247,30210,4176
13, 11242,30199,4175
13, 11238,30192,4175
13, 11235,30184,4174
npk_tube_blank_0.2mgL_1
Light Source Color - OFF	 , 29/03/2024,11:22:07
14, 11232,30177,4174
14, 1644,4310,788
14, 119,195,250
14, 119,195,250
14, 119,195,250
14, 119,195,249
14, 119,195,250
14, 119,195,250
14, 119,195,250
14, 119,195,250
14, 119,195,250
npk_tube_blank_0.2mgL_1
Light Source Color - BLUE	 , 29/03/2024,11:22:19
15, 119,195,250
15, 33883,10294,664
15, 37110,11266,704
15, 37104,11267,704
15, 37105,11269,704
15, 37098,11267,704
15, 37116,11272,704
15, 37114,11272,704
15, 37108,11271,704
15, 37105,11271,704
15, 37108,11272,704
npk_tube_blank_0.2mgL_1
Light Source Color - OFF	 , 29/03/2024,11:22:31
