npk_tube_blank_0.8mgL_0  :  npk_detector_TSCRGB2024
Light Source Color - OFF
N,P,K
0, 233,382,486
0, 120,195,249
0, 120,195,249
0, 119,195,249
0, 119,195,249
0, 119,195,249
0, 120,195,249
0, 120,195,249
0, 119,195,249
0, 119,195,249
npk_tube_blank_0.8mgL_0
Light Source Color - WHITE	 , 29/03/2024,12:16:13
1, 119,195,249
1, 52959,43869,40527
1, 52950,43816,40375
1, 52875,43724,40195
1, 52812,43656,40076
1, 52758,43601,39984
1, 52719,43560,39906
1, 52755,43557,39872
1, 52733,43524,39805
1, 52695,43491,39744
1, 52660,43458,39686
npk_tube_blank_0.8mgL_0
Light Source Color - OFF	 , 29/03/2024,12:16:25
2, 52627,43435,39636
2, 119,195,249
2, 119,195,249
2, 119,195,249
2, 119,195,249
2, 119,195,249
2, 119,195,249
2, 119,195,249
2, 119,195,249
2, 119,195,249
2, 119,195,249
npk_tube_blank_0.8mgL_0
Light Source Color - RED	 , 29/03/2024,12:16:37
3, 119,195,249
3, 4087,2045,37093
3, 4081,2041,37021
3, 4077,2038,36956
3, 4075,2036,36926
3, 4074,2035,36903
3, 4073,2034,36888
3, 4072,2034,36880
3, 4071,2033,36865
3, 4071,2033,36857
3, 4070,2032,36846
npk_tube_blank_0.8mgL_0
Light Source Color - OFF	 , 29/03/2024,12:16:49
4, 4069,2032,36838
4, 119,195,249
4, 120,195,249
4, 120,195,249
4, 120,195,249
4, 120,195,249
4, 119,195,249
4, 119,195,249
4, 119,195,249
4, 119,195,249
4, 119,195,249
npk_tube_blank_0.8mgL_0
Light Source Color - GREEN	 , 29/03/2024,12:17:01
5, 119,195,249
5, 11761,31548,4356
5, 11743,31513,4354
5, 11719,31466,4352
5, 11704,31435,4350
5, 11694,31415,4349
5, 11686,31399,4348
5, 11683,31394,4348
5, 11679,31384,4348
5, 11674,31374,4347
5, 11670,31367,4346
npk_tube_blank_0.8mgL_0
Light Source Color - OFF	 , 29/03/2024,12:17:13
6, 11668,31363,4346
6, 119,195,249
6, 120,195,249
6, 120,195,249
6, 119,195,249
6, 119,195,249
6, 119,195,249
6, 119,195,249
6, 120,195,249
6, 120,195,249
6, 119,195,249
npk_tube_blank_0.8mgL_0
Light Source Color - BLUE	 , 29/03/2024,12:17:25
7, 119,195,249
7, 39055,11741,730
7, 39073,11748,731
7, 39073,11751,731
7, 39075,11753,731
7, 39065,11751,731
7, 39057,11749,730
7, 39046,11746,730
7, 39066,11752,731
7, 39060,11751,730
7, 39056,11750,730
npk_tube_blank_0.8mgL_0
Light Source Color - OFF	 , 29/03/2024,12:17:37
8, 39050,11749,730
8, 119,195,249
8, 119,195,249
8, 120,195,249
8, 119,195,249
8, 119,195,249
8, 119,195,249
8, 119,195,249
8, 120,195,249
8, 120,195,249
8, 119,195,249
npk_tube_blank_0.8mgL_0
Light Source Color - WHITE	 , 29/03/2024,12:17:49
9, 119,195,249
9, 52913,43812,40403
9, 52799,43686,40135
9, 52815,43658,40059
9, 52757,43590,39939
9, 52709,43538,39847
9, 52665,43494,39770
9, 52635,43457,39699
9, 52671,43457,39669
9, 52643,43429,39611
9, 52608,43400,39556
npk_tube_blank_0.8mgL_0
Light Source Color - OFF	 , 29/03/2024,12:18:01
10, 52574,43371,39502
10, 119,195,249
10, 120,195,249
10, 120,195,249
10, 120,195,249
10, 120,195,249
10, 119,195,249
10, 119,195,249
10, 120,195,249
10, 120,195,249
10, 120,195,249
npk_tube_blank_0.8mgL_0
Light Source Color - RED	 , 29/03/2024,12:18:14
11, 119,195,249
11, 4081,2040,36997
11, 4073,2034,36874
11, 4071,2032,36847
11, 4069,2031,36815
11, 4068,2030,36796
11, 4067,2029,36783
11, 4066,2028,36769
11, 4066,2028,36765
11, 4065,2028,36754
11, 4064,2027,36744
npk_tube_blank_0.8mgL_0
Light Source Color - OFF	 , 29/03/2024,12:18:26
12, 4063,2027,36733
12, 119,195,249
12, 119,195,249
12, 120,195,249
12, 120,195,249
12, 120,195,249
12, 119,195,249
12, 119,195,249
12, 120,195,249
12, 120,195,249
12, 120,195,249
npk_tube_blank_0.8mgL_0
Light Source Color - GREEN	 , 29/03/2024,12:18:38
13, 120,195,249
13, 11746,31519,4353
13, 11711,31445,4349
13, 11701,31426,4349
13, 11685,31395,4347
13, 11674,31373,4346
13, 11667,31356,4345
13, 11661,31345,4344
13, 11659,31340,4344
13, 11655,31332,4344
13, 11651,31324,4343
npk_tube_blank_0.8mgL_0
Light Source Color - OFF	 , 29/03/2024,12:18:50
14, 11649,31318,4343
14, 119,195,249
14, 119,195,249
14, 120,195,249
14, 120,195,249
14, 119,195,249
14, 119,195,249
14, 119,195,249
14, 120,195,249
14, 120,195,249
14, 120,195,249
npk_tube_blank_0.8mgL_0
Light Source Color - BLUE	 , 29/03/2024,12:19:02
15, 119,195,249
15, 39040,11740,730
15, 39040,11745,730
15, 39054,11750,731
15, 39055,11752,731
15, 39050,11751,731
15, 39046,11751,730
15, 39040,11749,730
15, 39040,11754,731
15, 39060,11756,731
15, 39052,11753,731
npk_tube_blank_0.8mgL_0
Light Source Color - OFF	 , 29/03/2024,12:19:14
