npk_PO4_0.8mgL_0  :  ปริมาณ 0.8 มิลลิกรัมต่อลิตร  npk_detector_TSCRGB2024 
Light Source Color - OFF
N,P,K
0, 214,353,437
0, 110,180,224
0, 110,180,224
0, 110,180,224
0, 110,180,224
0, 110,180,224
0, 110,180,224
0, 110,180,224
0, 110,180,224
0, 110,180,224
npk_PO4_0.8mgL_0
Light Source Color - WHITE	 , 29/03/2024,12:25:18
1, 110,180,224
1, 36667,26160,13561
1, 36667,26134,13506
1, 36619,26082,13441
1, 36584,26043,13394
1, 36551,26011,13363
1, 36513,25983,13333
1, 36494,25962,13306
1, 36529,25965,13294
1, 36508,25945,13275
1, 36486,25927,13253
npk_PO4_0.8mgL_0
Light Source Color - OFF	 , 29/03/2024,12:25:30
2, 36455,25904,13232
2, 109,180,223
2, 109,180,223
2, 109,180,224
2, 110,180,224
2, 109,180,224
2, 109,180,223
2, 109,180,223
2, 109,180,223
2, 110,180,224
2, 110,180,224
npk_PO4_0.8mgL_0
Light Source Color - RED	 , 29/03/2024,12:25:42
3, 109,180,224
3, 1330,766,11451
3, 1326,763,11402
3, 1325,762,11383
3, 1325,762,11377
3, 1324,762,11369
3, 1323,761,11360
3, 1322,761,11351
3, 1322,761,11345
3, 1322,760,11341
3, 1321,760,11336
npk_PO4_0.8mgL_0
Light Source Color - OFF	 , 29/03/2024,12:25:54
4, 1320,760,11331
4, 109,180,224
4, 109,180,224
4, 109,180,223
4, 110,180,224
4, 110,180,224
4, 110,180,224
4, 110,180,224
4, 110,180,224
4, 109,180,224
4, 110,180,224
npk_PO4_0.8mgL_0
Light Source Color - GREEN	 , 29/03/2024,12:26:06
5, 110,180,224
5, 6788,17529,2318
5, 6767,17484,2315
5, 6754,17460,2314
5, 6751,17452,2314
5, 6744,17436,2313
5, 6740,17429,2313
5, 6735,17420,2312
5, 6732,17412,2311
5, 6729,17407,2311
5, 6729,17405,2311
npk_PO4_0.8mgL_0
Light Source Color - OFF	 , 29/03/2024,12:26:18
6, 6727,17402,2310
6, 109,180,224
6, 109,180,223
6, 109,180,224
6, 109,180,224
6, 110,180,224
6, 110,180,224
6, 110,180,224
6, 110,180,224
6, 109,180,224
6, 110,180,224
npk_PO4_0.8mgL_0
Light Source Color - BLUE	 , 29/03/2024,12:26:30
7, 110,180,224
7, 29960,8852,569
7, 29948,8854,569
7, 29947,8855,569
7, 29942,8854,569
7, 29952,8858,569
7, 29950,8858,569
7, 29950,8858,569
7, 29951,8858,569
7, 29946,8857,569
7, 29954,8860,569
npk_PO4_0.8mgL_0
Light Source Color - OFF	 , 29/03/2024,12:26:43
8, 29954,8860,569
8, 110,180,224
8, 109,180,223
8, 109,180,223
8, 109,180,223
8, 109,180,224
8, 110,180,224
8, 110,180,224
8, 109,180,224
8, 109,180,224
8, 109,180,223
npk_PO4_0.8mgL_0
Light Source Color - WHITE	 , 29/03/2024,12:26:55
9, 110,180,224
9, 36638,26092,13434
9, 36521,25990,13298
9, 36472,25937,13243
9, 36445,25904,13206
9, 36415,25873,13176
9, 36441,25872,13162
9, 36431,25853,13137
9, 36400,25832,13114
9, 36381,25815,13094
9, 36360,25794,13076
npk_PO4_0.8mgL_0
Light Source Color - OFF	 , 29/03/2024,12:27:07
10, 36338,25778,13058
10, 2396,1794,1032
10, 109,180,224
10, 109,180,224
10, 109,180,223
10, 109,180,223
10, 109,180,224
10, 110,180,224
10, 110,180,224
10, 110,180,224
10, 110,180,224
npk_PO4_0.8mgL_0
Light Source Color - RED	 , 29/03/2024,12:27:19
11, 110,180,224
11, 1317,758,11297
11, 1315,757,11272
11, 1313,756,11250
11, 1312,755,11239
11, 1312,755,11231
11, 1311,754,11226
11, 1311,754,11224
11, 1310,754,11218
11, 1310,754,11213
11, 1310,753,11209
npk_PO4_0.8mgL_0
Light Source Color - OFF	 , 29/03/2024,12:27:31
12, 1309,753,11205
12, 109,180,224
12, 110,180,224
12, 110,180,224
12, 110,180,224
12, 110,180,224
12, 110,180,224
12, 110,180,224
12, 110,180,224
12, 110,180,224
12, 110,180,224
npk_PO4_0.8mgL_0
Light Source Color - GREEN	 , 29/03/2024,12:27:43
13, 110,180,224
13, 6751,17443,2310
13, 6730,17402,2308
13, 6725,17388,2307
13, 6715,17368,2306
13, 6709,17357,2305
13, 6705,17348,2304
13, 6700,17337,2303
13, 6699,17336,2303
13, 6697,17332,2303
13, 6696,17330,2303
npk_PO4_0.8mgL_0
Light Source Color - OFF	 , 29/03/2024,12:27:56
14, 6694,17326,2302
14, 109,180,224
14, 109,180,224
14, 110,180,224
14, 110,180,224
14, 110,180,224
14, 110,180,224
14, 109,180,224
14, 109,180,224
14, 110,180,224
14, 110,180,224
npk_PO4_0.8mgL_0
Light Source Color - BLUE	 , 29/03/2024,12:28:08
15, 110,180,224
15, 29921,8849,569
15, 29919,8852,569
15, 29929,8855,569
15, 29927,8857,569
15, 29922,8856,569
15, 29920,8855,569
15, 29907,8852,569
15, 29903,8852,569
15, 29921,8856,569
15, 29919,8855,569
npk_PO4_0.8mgL_0
Light Source Color - OFF	 , 29/03/2024,12:28:20
