Tube_blank_0.6mgL_0  :  ปริมาณ 0.6 มิลลิกรัมต่อลิตร...NPK_RGBGLOVE_Auto_TCS
Light Source Color - OFF
N,P,K
0,1,1,0
0,1,1,0
0,1,1,0
0,1,1,0
0,1,1,0
0,1,1,0
0,1,1,0
0,1,1,0
0,1,1,0
0,1,1,0
0,1,1,0
0,1,1,0
0,1,1,0
0,1,1,0
0,1,1,0
0,1,1,0
Light Source Color - WHITE	 , 29/03/2024,12:03:03
1,1,1,0
1,255,255,255
1,255,255,255
1,255,255,255
1,255,255,255
1,255,255,255
1,255,255,255
1,255,255,255
1,255,255,255
1,255,255,255
1,255,255,255
1,255,255,255
1,255,255,255
1,255,255,255
1,255,255,255
1,255,255,255
1,255,255,255
1,255,255,255
Light Source Color - OFF	 , 29/03/2024,12:03:16
2,255,255,255
2,1,1,0
2,1,1,0
2,1,1,0
2,1,1,0
2,1,1,0
2,1,1,0
2,1,1,0
2,1,1,0
2,1,1,0
2,1,1,0
2,1,1,0
2,1,1,0
2,1,1,0
2,1,1,0
2,1,1,0
2,1,1,0
2,1,1,0
Light Source Color - RED	 , 29/03/2024,12:03:28
3,1,1,0
3,255,15,30
3,255,15,30
3,255,15,30
3,255,15,30
3,255,15,30
3,255,15,30
3,255,15,30
3,255,15,30
3,255,15,30
3,255,15,30
3,255,15,30
3,255,15,30
3,255,15,30
3,255,15,30
3,255,15,30
3,255,15,30
3,255,15,30
Light Source Color - OFF	 , 29/03/2024,12:03:41
4,255,15,30
4,1,1,0
4,1,1,0
4,1,1,0
4,1,1,0
4,1,1,0
4,1,1,0
4,1,1,0
4,1,1,0
4,1,1,0
4,1,1,0
4,1,1,0
4,1,1,0
4,1,1,0
4,1,1,0
4,1,1,0
4,1,1,0
4,1,1,0
Light Source Color - GREEN	 , 29/03/2024,12:03:53
5,1,1,0
5,31,233,86
5,31,233,85
5,31,233,85
5,31,233,85
5,31,233,85
5,31,232,85
5,31,232,85
5,31,232,85
5,31,232,85
5,31,232,85
5,31,232,85
5,31,232,85
5,31,232,85
5,31,232,85
5,31,232,85
5,31,232,85
5,31,232,85
Light Source Color - OFF	 , 29/03/2024,12:04:06
6,31,232,85
6,1,1,0
6,1,1,0
6,1,1,0
6,1,1,0
6,1,1,0
6,1,1,0
6,1,1,0
6,1,1,0
6,1,1,0
6,1,1,0
6,1,1,0
6,1,1,0
6,1,1,0
6,1,1,0
6,1,1,0
6,1,1,0
6,1,1,0
Light Source Color - BLUE	 , 29/03/2024,12:04:19
7,2,15,49
7,5,85,255
7,5,85,255
7,5,85,255
7,5,85,255
7,5,85,255
7,5,85,255
7,5,85,255
7,5,85,255
7,5,85,255
7,5,85,255
7,5,85,255
7,5,85,255
7,5,85,255
7,5,85,255
7,5,85,255
7,5,85,255
7,5,85,255
Light Source Color - OFF	 , 29/03/2024,12:04:31
8,5,85,255
8,1,1,0
8,1,1,0
8,1,1,0
8,1,1,0
8,1,1,0
8,1,1,0
8,1,1,0
8,1,1,0
8,1,1,0
8,1,1,0
8,1,1,0
8,1,1,0
8,1,1,0
8,1,1,0
8,1,1,0
8,1,1,0
8,1,1,0
Light Source Color - WHITE	 , 29/03/2024,12:04:44
9,1,1,0
9,255,255,255
9,255,255,255
9,255,255,255
9,255,255,255
9,255,255,255
9,255,255,255
9,255,255,255
9,255,255,255
9,255,255,255
9,255,255,255
9,255,255,255
9,255,255,255
9,255,255,255
9,255,255,255
9,255,255,255
9,255,255,255
9,255,255,255
Light Source Color - OFF	 , 29/03/2024,12:04:57
10,255,255,255
10,1,1,0
10,1,1,0
10,1,1,0
10,1,1,0
10,1,1,0
10,1,1,0
10,1,1,0
10,1,1,0
10,1,1,0
10,1,1,0
10,1,1,0
10,1,1,0
10,1,1,0
10,1,1,0
10,1,1,0
10,1,1,0
10,1,1,0
Light Source Color - RED	 , 29/03/2024,12:05:09
11,1,1,0
11,255,15,30
11,255,15,30
11,255,15,30
11,255,15,30
11,255,15,30
11,255,15,30
11,255,15,30
11,255,15,30
11,255,15,30
11,255,15,30
11,255,15,30
11,255,15,30
11,255,15,30
11,255,15,30
11,255,15,30
11,255,15,30
11,255,15,30
Light Source Color - OFF	 , 29/03/2024,12:05:22
12,243,13,27
12,1,1,0
12,1,1,0
12,1,1,0
12,1,1,0
12,1,1,0
12,1,1,0
12,1,1,0
12,1,1,0
12,1,1,0
12,1,1,0
12,1,1,0
12,1,1,0
12,1,1,0
12,1,1,0
12,1,1,0
12,1,1,0
12,1,1,0
Light Source Color - GREEN	 , 29/03/2024,12:05:34
13,1,1,0
13,31,233,85
13,31,233,85
13,31,233,85
13,31,233,85
13,31,232,85
13,31,232,85
13,31,232,85
13,31,232,85
13,31,232,85
13,31,232,85
13,31,232,85
13,31,232,85
13,31,232,85
13,31,232,85
13,31,232,85
13,31,232,85
13,31,232,85
Light Source Color - OFF	 , 29/03/2024,12:05:47
14,31,232,85
14,1,1,0
14,1,1,0
14,1,1,0
14,1,1,0
14,1,1,0
14,1,1,0
14,1,1,0
14,1,1,0
14,1,1,0
14,1,1,0
14,1,1,0
14,1,1,0
14,1,1,0
14,1,1,0
14,1,1,0
14,1,1,0
14,1,1,0
Light Source Color - BLUE	 , 29/03/2024,12:06:00
15,1,1,0
15,5,85,255
15,5,85,255
15,5,85,255
15,5,85,255
15,5,85,255
15,5,85,255
15,5,85,255
15,5,85,255
15,5,85,255
15,5,85,255
15,5,85,255
15,5,85,255
15,5,85,255
15,5,85,255
15,5,85,255
15,5,85,255
15,5,85,255
Light Source Color - OFF	 , 29/03/2024,12:06:12
