Tube_blank_0.4mgL_0  :  ปริมาณ 0.4 มิลลิกรัมต่อลิตร...NPK_RGBGLOVE_Auto_TCS
Light Source Color - OFF
N,P,K
0,1,1,0
0,1,1,0
0,1,1,0
0,1,1,0
0,1,1,0
0,1,1,0
0,1,1,0
0,1,1,0
0,1,1,0
0,1,1,0
0,1,1,0
0,1,1,0
0,1,1,0
0,1,1,0
0,1,1,0
0,1,1,0
Light Source Color - WHITE	 , 29/03/2024,11:46:37
1,15,14,16
1,255,255,255
1,255,255,255
1,255,255,255
1,255,255,255
1,255,255,255
1,255,255,255
1,255,255,255
1,255,255,255
1,255,255,255
1,255,255,255
1,255,255,255
1,255,255,255
1,255,255,255
1,255,255,255
1,255,255,255
1,255,255,255
1,255,255,255
Light Source Color - OFF	 , 29/03/2024,11:46:49
2,255,255,255
2,1,1,0
2,1,1,0
2,1,1,0
2,1,1,0
2,1,1,0
2,1,1,0
2,1,1,0
2,1,1,0
2,1,1,0
2,1,1,0
2,1,1,0
2,1,1,0
2,1,1,0
2,1,1,0
2,1,1,0
2,1,1,0
2,1,1,0
Light Source Color - RED	 , 29/03/2024,11:47:02
3,1,1,0
3,255,16,32
3,255,16,32
3,255,16,32
3,255,16,32
3,255,16,32
3,255,16,32
3,255,16,32
3,255,16,32
3,255,16,32
3,255,16,32
3,255,16,32
3,255,16,32
3,255,16,32
3,255,16,32
3,255,16,32
3,255,16,32
3,255,16,32
Light Source Color - OFF	 , 29/03/2024,11:47:14
4,223,12,25
4,1,1,0
4,1,1,0
4,1,1,0
4,1,1,0
4,1,1,0
4,1,1,0
4,1,1,0
4,1,1,0
4,1,1,0
4,1,1,0
4,1,1,0
4,1,1,0
4,1,1,0
4,1,1,0
4,1,1,0
4,1,1,0
4,1,1,0
Light Source Color - GREEN	 , 29/03/2024,11:47:27
5,1,1,0
5,31,226,84
5,31,226,84
5,31,226,84
5,31,225,84
5,31,225,84
5,31,225,84
5,31,225,84
5,31,225,84
5,31,225,84
5,31,225,84
5,31,225,84
5,31,225,84
5,31,225,84
5,31,225,84
5,31,225,84
5,31,225,84
5,31,225,84
Light Source Color - OFF	 , 29/03/2024,11:47:39
6,31,225,84
6,1,1,0
6,1,1,0
6,1,1,0
6,1,1,0
6,1,1,0
6,1,1,0
6,1,1,0
6,1,1,0
6,1,1,0
6,1,1,0
6,1,1,0
6,1,1,0
6,1,1,0
6,1,1,0
6,1,1,0
6,1,1,0
6,1,1,0
Light Source Color - BLUE	 , 29/03/2024,11:47:52
7,1,1,0
7,5,85,255
7,5,85,255
7,5,85,255
7,5,85,255
7,5,85,255
7,5,85,255
7,5,85,255
7,5,85,255
7,5,85,255
7,5,85,255
7,5,85,255
7,5,85,255
7,5,85,255
7,5,85,255
7,5,85,255
7,5,85,255
7,5,85,255
Light Source Color - OFF	 , 29/03/2024,11:48:04
8,4,69,226
8,1,1,0
8,1,1,0
8,1,1,0
8,1,1,0
8,1,1,0
8,1,1,0
8,1,1,0
8,1,1,0
8,1,1,0
8,1,1,0
8,1,1,0
8,1,1,0
8,1,1,0
8,1,1,0
8,1,1,0
8,1,1,0
8,1,1,0
Light Source Color - WHITE	 , 29/03/2024,11:48:17
9,1,1,0
9,255,255,255
9,255,255,255
9,255,255,255
9,255,255,255
9,255,255,255
9,255,255,255
9,255,255,255
9,255,255,255
9,255,255,255
9,255,255,255
9,255,255,255
9,255,255,255
9,255,255,255
9,255,255,255
9,255,255,255
9,255,255,255
9,255,255,255
Light Source Color - OFF	 , 29/03/2024,11:48:30
10,255,255,255
10,1,1,0
10,1,1,0
10,1,1,0
10,1,1,0
10,1,1,0
10,1,1,0
10,1,1,0
10,1,1,0
10,1,1,0
10,1,1,0
10,1,1,0
10,1,1,0
10,1,1,0
10,1,1,0
10,1,1,0
10,1,1,0
10,1,1,0
Light Source Color - RED	 , 29/03/2024,11:48:42
11,1,1,0
11,255,16,32
11,255,16,32
11,255,16,32
11,255,16,32
11,255,16,32
11,255,16,32
11,255,16,32
11,255,16,32
11,255,16,32
11,255,16,32
11,255,16,32
11,255,16,32
11,255,16,32
11,255,16,32
11,255,16,32
11,255,16,32
11,255,16,32
Light Source Color - OFF	 , 29/03/2024,11:48:55
12,255,15,30
12,1,1,0
12,1,1,0
12,1,1,0
12,1,1,0
12,1,1,0
12,1,1,0
12,1,1,0
12,1,1,0
12,1,1,0
12,1,1,0
12,1,1,0
12,1,1,0
12,1,1,0
12,1,1,0
12,1,1,0
12,1,1,0
12,1,1,0
Light Source Color - GREEN	 , 29/03/2024,11:49:07
13,1,1,0
13,31,226,84
13,31,225,84
13,31,225,84
13,31,225,84
13,31,225,84
13,31,225,84
13,31,225,84
13,31,225,84
13,31,225,84
13,31,225,83
13,31,224,83
13,31,224,83
13,31,224,83
13,31,224,83
13,31,224,83
13,31,224,83
13,31,224,83
Light Source Color - OFF	 , 29/03/2024,11:49:20
14,31,224,83
14,1,1,0
14,1,1,0
14,1,1,0
14,1,1,0
14,1,1,0
14,1,1,0
14,1,1,0
14,1,1,0
14,1,1,0
14,1,1,0
14,1,1,0
14,1,1,0
14,1,1,0
14,1,1,0
14,1,1,0
14,1,1,0
14,1,1,0
Light Source Color - BLUE	 , 29/03/2024,11:49:32
15,1,1,0
15,5,85,255
15,5,85,255
15,5,85,255
15,5,85,255
15,5,85,255
15,5,85,255
15,5,85,255
15,5,85,255
15,5,85,255
15,5,85,255
15,5,85,255
15,5,85,255
15,5,85,255
15,5,85,255
15,5,85,255
15,5,85,255
15,5,85,255
Light Source Color - OFF	 , 29/03/2024,11:49:45
