A_240ms_1x_0  :  Time_240ms. Gain_1x
Light Source Color - OFF
N,P,K,C
0, 30,51,62,150
0, 30,51,62,150
0, 30,51,62,150
0, 30,51,62,150
0, 30,51,62,150
0, 30,51,62,150
0, 30,51,62,150
0, 30,51,62,150
Light Source Color - WHITE	 , 08/05/2024,14:28:12
1, 30,51,62,150
1, 1492,1284,1470,4094
1, 1489,1283,1461,4081
1, 1488,1282,1457,4076
1, 1487,1282,1452,4069
1, 1487,1282,1449,4067
1, 1486,1281,1446,4061
1, 1485,1280,1443,4057
1, 1485,1281,1441,4056
Light Source Color - OFF	 , 08/05/2024,14:28:17
2, 1484,1280,1438,4052
2, 30,51,62,150
2, 30,51,62,150
2, 30,51,62,150
2, 30,51,62,150
2, 30,51,62,150
2, 30,51,62,150
2, 30,51,62,150
2, 30,51,62,150
Light Source Color - RED	 , 08/05/2024,14:28:23
3, 30,51,70,158
3, 174,116,1339,1502
3, 174,116,1336,1498
3, 173,116,1334,1496
3, 173,116,1333,1495
3, 173,116,1332,1494
3, 173,115,1332,1494
3, 173,115,1331,1493
3, 173,115,1330,1493
Light Source Color - OFF	 , 08/05/2024,14:28:29
4, 173,115,1330,1492
4, 30,51,62,150
4, 30,51,62,150
4, 30,51,62,150
4, 30,51,62,150
4, 30,51,62,150
4, 30,51,62,150
4, 30,51,62,150
4, 30,51,62,150
Light Source Color - GREEN	 , 08/05/2024,14:28:34
5, 30,51,62,150
5, 346,915,190,1474
5, 345,914,190,1473
5, 345,913,190,1472
5, 345,913,190,1472
5, 345,913,190,1472
5, 345,913,190,1472
5, 345,913,190,1472
5, 345,913,190,1472
Light Source Color - OFF	 , 08/05/2024,14:28:40
6, 345,913,190,1471
6, 30,51,62,150
6, 30,51,62,150
6, 30,51,62,150
6, 30,51,62,150
6, 30,51,62,150
6, 30,51,62,150
6, 30,51,62,150
6, 30,51,62,150
Light Source Color - BLUE	 , 08/05/2024,14:28:45
7, 30,51,62,150
7, 1126,412,77,1577
7, 1125,412,77,1576
7, 1125,412,77,1576
7, 1125,412,77,1576
7, 1125,412,77,1576
7, 1125,413,77,1576
7, 1125,412,77,1576
7, 1125,413,77,1576
Light Source Color - OFF	 , 08/05/2024,14:28:51
8, 1125,412,77,1576
8, 30,51,62,150
8, 30,51,62,150
8, 30,51,62,150
8, 30,51,62,150
8, 30,51,62,150
8, 30,51,62,150
8, 30,51,62,150
8, 30,51,62,150
Light Source Color - WHITE	 , 08/05/2024,14:28:57
9, 30,51,62,150
9, 1491,1284,1465,4088
9, 1488,1282,1455,4073
9, 1486,1281,1449,4065
9, 1485,1281,1446,4061
9, 1484,1280,1442,4055
9, 1484,1280,1440,4054
9, 1483,1279,1437,4049
9, 1483,1279,1434,4046
Light Source Color - OFF	 , 08/05/2024,14:29:02
10, 1220,1058,1185,3342
10, 30,51,62,150
10, 30,51,62,150
10, 30,51,62,150
10, 30,51,62,150
10, 30,51,62,150
10, 30,51,62,150
10, 30,51,62,150
10, 30,51,62,150
Light Source Color - RED	 , 08/05/2024,14:29:08
11, 30,51,62,150
11, 173,116,1333,1495
11, 173,115,1331,1493
11, 173,115,1329,1491
11, 173,115,1328,1490
11, 173,115,1327,1489
11, 173,115,1326,1488
11, 173,115,1326,1487
11, 173,115,1325,1487
Light Source Color - OFF	 , 08/05/2024,14:29:14
12, 158,108,1190,1344
12, 30,51,62,150
12, 30,51,62,150
12, 30,51,62,150
12, 30,51,62,150
12, 30,51,62,150
12, 30,51,62,150
12, 30,51,62,150
12, 30,51,62,150
Light Source Color - GREEN	 , 08/05/2024,14:29:19
13, 30,51,62,150
13, 345,914,190,1473
13, 345,913,190,1472
13, 345,913,190,1472
13, 345,912,190,1472
13, 345,912,190,1471
13, 345,912,190,1471
13, 345,912,190,1471
13, 344,912,190,1470
Light Source Color - OFF	 , 08/05/2024,14:29:25
14, 320,844,180,1366
14, 30,51,62,150
14, 30,51,62,150
14, 30,51,62,150
14, 30,51,62,150
14, 30,51,62,150
14, 30,51,62,150
14, 30,51,62,150
14, 30,51,62,150
Light Source Color - BLUE	 , 08/05/2024,14:29:31
15, 30,51,62,150
15, 1125,412,77,1576
15, 1126,413,77,1577
15, 1125,413,77,1576
15, 1125,413,77,1576
15, 1125,413,77,1576
15, 1125,413,77,1576
15, 1125,413,77,1576
15, 1124,413,77,1576
Light Source Color - OFF	 , 08/05/2024,14:29:36
