A_300ms_1x_0  :  Time_300ms. Gain_1x
Light Source Color - OFF
N,P,K,C
0, 37,64,78,188
0, 37,64,78,188
0, 37,64,78,188
0, 37,64,78,188
0, 37,64,78,188
0, 37,64,78,188
0, 37,64,78,188
Light Source Color - WHITE	 , 08/05/2024,14:29:57
1, 71,92,111,280
1, 1865,1605,1835,5115
1, 1863,1604,1825,5102
1, 1859,1602,1816,5088
1, 1858,1602,1811,5082
1, 1858,1602,1807,5079
1, 1856,1600,1802,5070
1, 1855,1600,1799,5066
Light Source Color - OFF	 , 08/05/2024,14:30:03
2, 1855,1600,1797,5064
2, 37,64,78,187
2, 37,64,78,187
2, 37,64,78,187
2, 37,64,78,187
2, 37,64,78,187
2, 37,64,78,187
2, 37,64,78,188
Light Source Color - RED	 , 08/05/2024,14:30:09
3, 37,64,78,187
3, 217,145,1672,1875
3, 217,145,1668,1871
3, 217,144,1665,1868
3, 217,144,1664,1867
3, 217,144,1663,1866
3, 216,144,1662,1864
3, 216,144,1661,1863
Light Source Color - OFF	 , 08/05/2024,14:30:14
4, 216,144,1661,1863
4, 37,64,78,187
4, 37,64,78,188
4, 37,64,78,188
4, 37,64,78,188
4, 37,64,78,188
4, 37,64,78,188
4, 37,64,78,188
Light Source Color - GREEN	 , 08/05/2024,14:30:20
5, 37,64,78,188
5, 432,1143,238,1842
5, 432,1142,238,1842
5, 431,1141,238,1840
5, 431,1141,238,1840
5, 431,1141,238,1840
5, 431,1141,238,1839
5, 431,1141,238,1839
Light Source Color - OFF	 , 08/05/2024,14:30:25
6, 431,1141,238,1839
6, 37,64,78,187
6, 37,64,78,188
6, 37,64,78,188
6, 37,64,78,188
6, 37,64,78,188
6, 37,64,78,188
6, 37,64,78,188
Light Source Color - BLUE	 , 08/05/2024,14:30:31
7, 37,64,78,188
7, 1408,516,96,1972
7, 1408,516,96,1972
7, 1406,516,96,1970
7, 1407,516,96,1970
7, 1407,516,96,1971
7, 1408,516,96,1972
7, 1406,516,96,1970
Light Source Color - OFF	 , 08/05/2024,14:30:36
8, 1407,516,96,1971
8, 37,64,78,187
8, 37,64,78,188
8, 37,64,78,188
8, 37,64,78,188
8, 37,64,78,188
8, 37,64,78,188
8, 37,64,78,188
Light Source Color - WHITE	 , 08/05/2024,14:30:42
9, 57,80,97,241
9, 1864,1605,1827,5106
9, 1862,1604,1817,5093
9, 1858,1602,1808,5079
9, 1857,1601,1803,5074
9, 1857,1601,1800,5070
9, 1855,1600,1795,5061
9, 1854,1600,1792,5058
Light Source Color - OFF	 , 08/05/2024,14:30:47
10, 1854,1599,1789,5055
10, 37,64,78,187
10, 37,64,78,187
10, 37,64,78,187
10, 37,64,78,187
10, 37,64,78,187
10, 37,64,78,188
10, 37,64,78,188
Light Source Color - RED	 , 08/05/2024,14:30:53
11, 37,64,78,187
11, 217,144,1665,1868
11, 216,144,1662,1864
11, 216,144,1659,1861
11, 216,144,1657,1860
11, 216,144,1657,1859
11, 216,144,1655,1857
11, 216,144,1655,1857
Light Source Color - OFF	 , 08/05/2024,14:30:58
12, 216,144,1654,1856
12, 37,64,78,187
12, 37,64,78,187
12, 37,64,78,188
12, 37,64,78,188
12, 37,64,78,188
12, 37,64,78,188
12, 37,64,78,188
Light Source Color - GREEN	 , 08/05/2024,14:31:04
13, 37,64,78,188
13, 432,1142,238,1841
13, 431,1142,238,1840
13, 431,1141,238,1839
13, 431,1141,238,1839
13, 431,1140,238,1839
13, 431,1140,238,1838
13, 430,1140,238,1838
Light Source Color - OFF	 , 08/05/2024,14:31:09
14, 431,1140,238,1838
14, 37,64,78,187
14, 37,64,78,188
14, 37,64,78,188
14, 37,64,78,188
14, 37,64,78,188
14, 37,64,78,188
14, 37,64,78,188
Light Source Color - BLUE	 , 08/05/2024,14:31:15
15, 37,64,78,188
15, 1407,516,96,1971
15, 1408,516,96,1972
15, 1406,516,96,1970
15, 1406,516,96,1970
15, 1407,516,96,1971
15, 1406,516,96,1970
15, 1406,516,96,1970
Light Source Color - OFF	 , 08/05/2024,14:31:20
