A_360ms_1x_0  :  Time_360ms. Gain_1x
Light Source Color - OFF
N,P,K,C
0, 45,77,94,226
0, 44,77,93,225
0, 44,77,94,225
0, 44,77,93,225
0, 44,77,93,225
0, 44,77,93,225
0, 44,77,93,225
Light Source Color - WHITE	 , 08/05/2024,14:31:44
1, 44,77,93,225
1, 2243,1930,2205,6149
1, 2238,1927,2190,6128
1, 2236,1926,2180,6116
1, 2231,1923,2170,6098
1, 2230,1922,2165,6092
1, 2229,1922,2161,6086
1, 2229,1922,2157,6081
Light Source Color - OFF	 , 08/05/2024,14:31:50
2, 2228,1921,2153,6076
2, 44,77,93,225
2, 44,77,93,225
2, 44,77,93,225
2, 44,77,93,225
2, 44,77,93,225
2, 44,77,93,225
2, 44,77,93,225
Light Source Color - RED	 , 08/05/2024,14:31:56
3, 44,77,93,225
3, 261,174,2004,2248
3, 260,173,1999,2243
3, 260,173,1997,2240
3, 260,173,1995,2238
3, 260,173,1994,2237
3, 260,173,1993,2236
3, 260,173,1992,2234
Light Source Color - OFF	 , 08/05/2024,14:32:02
4, 253,170,1931,2170
4, 44,76,93,225
4, 44,77,93,225
4, 44,77,93,225
4, 44,77,93,225
4, 44,77,93,225
4, 44,77,93,225
4, 44,77,93,225
Light Source Color - GREEN	 , 08/05/2024,14:32:08
5, 44,77,93,225
5, 519,1372,285,2212
5, 518,1370,285,2208
5, 517,1369,285,2208
5, 517,1369,285,2207
5, 517,1369,285,2207
5, 517,1369,285,2207
5, 517,1369,285,2207
Light Source Color - OFF	 , 08/05/2024,14:32:14
6, 517,1368,285,2206
6, 44,77,93,225
6, 44,77,93,225
6, 44,77,93,225
6, 44,77,93,225
6, 44,77,93,225
6, 44,77,93,225
6, 44,77,93,225
Light Source Color - BLUE	 , 08/05/2024,14:32:20
7, 44,77,93,225
7, 1690,619,116,2367
7, 1690,619,116,2367
7, 1690,619,116,2367
7, 1690,620,116,2367
7, 1690,620,116,2367
7, 1690,620,116,2367
7, 1690,620,116,2367
Light Source Color - OFF	 , 08/05/2024,14:32:26
8, 1688,619,116,2364
8, 44,77,93,225
8, 44,77,93,225
8, 44,77,93,225
8, 44,77,93,225
8, 44,77,93,225
8, 44,77,93,225
8, 44,77,93,225
Light Source Color - WHITE	 , 08/05/2024,14:32:32
9, 44,77,93,225
9, 2236,1926,2187,6121
9, 2233,1924,2175,6105
9, 2232,1923,2167,6096
9, 2230,1923,2161,6088
9, 2229,1922,2156,6082
9, 2228,1922,2151,6076
9, 2228,1921,2148,6071
Light Source Color - OFF	 , 08/05/2024,14:32:38
10, 2227,1921,2144,6067
10, 44,76,93,225
10, 44,76,93,225
10, 44,77,93,225
10, 44,77,93,225
10, 44,77,93,225
10, 44,77,93,225
10, 44,77,93,225
Light Source Color - RED	 , 08/05/2024,14:32:44
11, 44,77,93,225
11, 260,173,1997,2240
11, 260,173,1991,2234
11, 259,173,1989,2231
11, 259,173,1987,2230
11, 259,173,1985,2227
11, 259,172,1984,2226
11, 259,172,1983,2225
Light Source Color - OFF	 , 08/05/2024,14:32:50
12, 259,172,1982,2224
12, 44,77,93,225
12, 44,77,93,225
12, 44,77,93,225
12, 44,77,93,225
12, 44,77,93,225
12, 44,77,93,225
12, 44,77,93,225
Light Source Color - GREEN	 , 08/05/2024,14:32:56
13, 44,77,93,225
13, 518,1370,285,2208
13, 517,1369,285,2207
13, 517,1369,285,2207
13, 517,1368,285,2206
13, 517,1368,285,2206
13, 517,1368,285,2206
13, 517,1368,285,2206
Light Source Color - OFF	 , 08/05/2024,14:33:02
14, 517,1368,285,2205
14, 44,77,93,225
14, 44,77,93,225
14, 44,77,93,225
14, 44,77,93,225
14, 44,77,93,225
14, 44,77,93,225
14, 44,77,93,225
Light Source Color - BLUE	 , 08/05/2024,14:33:08
15, 44,77,93,225
15, 1690,619,116,2368
15, 1690,620,116,2367
15, 1689,620,116,2367
15, 1690,620,116,2367
15, 1687,619,116,2364
15, 1687,619,116,2364
15, 1687,619,116,2364
Light Source Color - OFF	 , 08/05/2024,14:33:14
