A_401ms_1x_0  :  Time_401ms. Gain_1x
Light Source Color - OFF
N,P,K,C
0, 50,85,104,251
0, 50,85,104,251
0, 50,85,104,251
0, 50,85,104,251
0, 50,85,104,251
0, 50,85,104,251
Light Source Color - WHITE	 , 08/05/2024,14:33:33
1, 50,85,104,251
1, 2499,2150,2453,6848
1, 2493,2146,2433,6819
1, 2490,2144,2422,6804
1, 2488,2143,2413,6793
1, 2486,2142,2407,6784
1, 2484,2141,2401,6776
Light Source Color - OFF	 , 08/05/2024,14:33:39
2, 2483,2141,2396,6769
2, 49,85,104,250
2, 49,85,104,250
2, 49,85,104,251
2, 49,85,104,251
2, 49,85,104,251
2, 49,85,104,251
Light Source Color - RED	 , 08/05/2024,14:33:44
3, 49,85,104,251
3, 290,193,2230,2501
3, 289,193,2223,2494
3, 289,193,2220,2490
3, 289,193,2218,2488
3, 289,192,2216,2486
3, 289,192,2215,2485
Light Source Color - OFF	 , 08/05/2024,14:33:50
4, 289,192,2213,2483
4, 49,85,104,250
4, 49,85,104,250
4, 49,85,104,251
4, 49,85,104,251
4, 49,85,104,251
4, 49,85,104,251
Light Source Color - GREEN	 , 08/05/2024,14:33:56
5, 49,85,104,251
5, 577,1527,318,2461
5, 577,1525,318,2459
5, 576,1525,318,2458
5, 576,1524,318,2458
5, 576,1524,318,2457
5, 576,1524,318,2457
Light Source Color - OFF	 , 08/05/2024,14:34:01
6, 575,1523,318,2456
6, 49,85,104,250
6, 49,85,104,251
6, 49,85,104,251
6, 49,85,104,251
6, 49,85,104,251
6, 49,85,104,251
Light Source Color - BLUE	 , 08/05/2024,14:34:07
7, 49,85,104,251
7, 1882,690,129,2636
7, 1881,690,129,2635
7, 1881,690,129,2634
7, 1880,690,129,2634
7, 1880,690,129,2634
7, 1880,690,129,2634
Light Source Color - OFF	 , 08/05/2024,14:34:12
8, 1880,689,129,2633
8, 49,85,104,250
8, 49,85,104,251
8, 49,85,104,251
8, 49,85,104,251
8, 49,85,104,251
8, 49,85,104,251
Light Source Color - WHITE	 , 08/05/2024,14:34:18
9, 49,85,104,251
9, 2491,2145,2433,6816
9, 2487,2143,2418,6796
9, 2485,2142,2408,6783
9, 2483,2140,2401,6773
9, 2481,2139,2395,6764
9, 2480,2139,2390,6758
Light Source Color - OFF	 , 08/05/2024,14:34:23
10, 2479,2138,2385,6751
10, 49,85,104,250
10, 49,85,104,250
10, 49,85,104,250
10, 49,85,104,250
10, 49,85,104,250
10, 49,85,104,251
Light Source Color - RED	 , 08/05/2024,14:34:29
11, 65,92,242,396
11, 289,193,2218,2488
11, 289,192,2213,2483
11, 288,192,2211,2480
11, 288,192,2210,2480
11, 288,192,2208,2478
11, 288,192,2207,2477
Light Source Color - OFF	 , 08/05/2024,14:34:34
12, 252,176,1890,2140
12, 49,85,104,250
12, 49,85,104,251
12, 49,85,104,251
12, 49,85,104,251
12, 49,85,104,251
12, 49,85,104,251
Light Source Color - GREEN	 , 08/05/2024,14:34:40
13, 49,85,104,251
13, 577,1526,318,2461
13, 576,1525,318,2458
13, 576,1524,318,2457
13, 575,1523,318,2456
13, 575,1523,318,2456
13, 575,1523,318,2455
Light Source Color - OFF	 , 08/05/2024,14:34:45
14, 575,1523,318,2455
14, 49,85,104,250
14, 49,85,104,250
14, 49,85,104,250
14, 49,85,104,251
14, 49,85,104,251
14, 50,85,104,251
Light Source Color - BLUE	 , 08/05/2024,14:34:51
15, 50,85,104,251
15, 1882,690,129,2636
15, 1881,690,129,2635
15, 1880,690,129,2634
15, 1880,690,129,2634
15, 1880,690,129,2634
15, 1880,690,129,2634
Light Source Color - OFF	 , 08/05/2024,14:34:57
