A_420ms_1x_0  :  Time_420ms. Gain_1x
Light Source Color - OFF
N,P,K,C
0, 52,89,109,263
0, 52,89,109,263
0, 52,89,109,263
0, 52,89,109,263
0, 52,89,109,263
0, 52,89,109,263
Light Source Color - WHITE	 , 08/05/2024,14:35:20
1, 52,89,109,263
1, 2618,2253,2568,7173
1, 2613,2249,2549,7146
1, 2610,2248,2537,7130
1, 2607,2246,2529,7118
1, 2606,2245,2522,7109
1, 2604,2244,2516,7100
Light Source Color - OFF	 , 08/05/2024,14:35:26
2, 2602,2243,2511,7092
2, 52,89,109,262
2, 52,89,109,262
2, 52,89,109,262
2, 52,89,109,262
2, 52,89,109,262
2, 52,89,109,263
Light Source Color - RED	 , 08/05/2024,14:35:32
3, 90,107,447,621
3, 304,203,2339,2624
3, 304,202,2331,2615
3, 303,202,2327,2611
3, 303,202,2325,2608
3, 303,202,2323,2606
3, 303,202,2321,2605
Light Source Color - OFF	 , 08/05/2024,14:35:38
4, 303,202,2320,2603
4, 52,89,109,263
4, 52,89,109,263
4, 52,89,109,263
4, 52,89,109,263
4, 52,89,109,263
4, 52,89,109,263
Light Source Color - GREEN	 , 08/05/2024,14:35:43
5, 52,89,109,263
5, 605,1599,333,2579
5, 604,1598,333,2577
5, 604,1598,333,2577
5, 604,1598,333,2577
5, 604,1598,333,2576
5, 604,1597,333,2576
Light Source Color - OFF	 , 08/05/2024,14:35:49
6, 603,1597,333,2575
6, 52,89,109,263
6, 52,89,109,263
6, 52,89,109,263
6, 52,89,109,263
6, 52,89,109,263
6, 52,89,109,263
Light Source Color - BLUE	 , 08/05/2024,14:35:55
7, 52,89,109,263
7, 1973,723,135,2763
7, 1972,723,135,2762
7, 1971,723,135,2761
7, 1971,723,135,2760
7, 1970,723,135,2760
7, 1972,723,135,2763
Light Source Color - OFF	 , 08/05/2024,14:36:00
8, 1972,723,135,2762
8, 52,89,109,263
8, 52,89,109,263
8, 52,89,109,263
8, 52,89,109,263
8, 52,89,109,263
8, 52,89,109,263
Light Source Color - WHITE	 , 08/05/2024,14:36:06
9, 52,89,109,263
9, 2615,2251,2555,7155
9, 2609,2247,2536,7128
9, 2606,2246,2525,7113
9, 2604,2244,2517,7102
9, 2602,2243,2511,7093
9, 2601,2242,2505,7085
Light Source Color - OFF	 , 08/05/2024,14:36:12
10, 2599,2241,2500,7078
10, 52,89,109,262
10, 52,89,109,262
10, 52,89,109,262
10, 52,89,109,262
10, 52,89,109,263
10, 52,89,109,263
Light Source Color - RED	 , 08/05/2024,14:36:17
11, 52,89,109,263
11, 303,202,2329,2613
11, 303,202,2321,2605
11, 302,202,2318,2601
11, 302,201,2316,2599
11, 302,201,2314,2597
11, 302,201,2313,2595
Light Source Color - OFF	 , 08/05/2024,14:36:23
12, 302,201,2312,2594
12, 52,89,109,263
12, 52,89,109,263
12, 52,89,109,263
12, 52,89,109,263
12, 52,89,109,263
12, 52,89,109,263
Light Source Color - GREEN	 , 08/05/2024,14:36:29
13, 75,151,118,357
13, 604,1598,333,2577
13, 604,1598,333,2577
13, 604,1597,333,2576
13, 603,1597,333,2575
13, 603,1596,333,2574
13, 603,1596,333,2574
Light Source Color - OFF	 , 08/05/2024,14:36:34
14, 603,1596,333,2573
14, 52,89,109,263
14, 52,89,109,263
14, 52,89,109,263
14, 52,89,109,263
14, 52,89,109,263
14, 52,89,109,263
Light Source Color - BLUE	 , 08/05/2024,14:36:40
15, 52,89,109,263
15, 1972,723,135,2762
15, 1971,723,135,2761
15, 1970,723,135,2761
15, 1970,723,135,2760
15, 1973,724,135,2764
15, 1972,724,135,2764
Light Source Color - OFF	 , 08/05/2024,14:36:46
