A_480ms_1x_0  :  Time_480ms. Gain_1x
Light Source Color - OFF
N,P,K,C
0, 59,102,125,301
0, 59,102,125,301
0, 59,102,125,301
0, 59,102,125,301
0, 59,102,125,300
0, 59,102,125,300
Light Source Color - WHITE	 , 08/05/2024,14:37:04
1, 59,102,125,301
1, 2996,2577,2935,8205
1, 2988,2572,2908,8164
1, 2983,2569,2893,8144
1, 2980,2567,2883,8129
1, 2977,2566,2874,8117
1, 2978,2566,2871,8115
Light Source Color - OFF	 , 08/05/2024,14:37:10
2, 2976,2565,2864,8105
2, 59,102,124,300
2, 59,102,124,300
2, 59,102,125,300
2, 59,102,125,300
2, 59,102,125,300
2, 59,102,125,300
Light Source Color - RED	 , 08/05/2024,14:37:16
3, 59,102,125,300
3, 347,231,2665,2989
3, 346,231,2657,2981
3, 346,231,2653,2977
3, 346,231,2652,2975
3, 346,230,2650,2973
3, 346,230,2648,2971
Light Source Color - OFF	 , 08/05/2024,14:37:22
4, 345,230,2646,2969
4, 59,102,125,300
4, 59,102,125,300
4, 59,102,125,300
4, 59,102,125,300
4, 59,102,125,300
4, 59,102,125,300
Light Source Color - GREEN	 , 08/05/2024,14:37:28
5, 59,102,125,300
5, 691,1828,381,2947
5, 691,1827,381,2946
5, 690,1826,381,2945
5, 690,1826,381,2944
5, 689,1825,381,2943
5, 689,1825,381,2942
Light Source Color - OFF	 , 08/05/2024,14:37:34
6, 618,1629,351,2642
6, 59,102,125,300
6, 59,102,125,300
6, 59,102,125,300
6, 59,102,125,300
6, 59,102,125,300
6, 59,102,125,300
Light Source Color - BLUE	 , 08/05/2024,14:37:40
7, 59,102,125,300
7, 2257,827,154,3161
7, 2255,827,154,3159
7, 2254,827,154,3157
7, 2253,826,154,3156
7, 2255,827,154,3159
7, 2255,827,154,3159
Light Source Color - OFF	 , 08/05/2024,14:37:47
8, 2254,827,154,3158
8, 59,102,125,300
8, 59,102,125,300
8, 59,102,125,300
8, 59,102,125,300
8, 59,102,125,300
8, 59,102,125,300
Light Source Color - WHITE	 , 08/05/2024,14:37:53
9, 59,102,125,300
9, 2988,2572,2912,8169
9, 2982,2568,2891,8139
9, 2983,2569,2885,8135
9, 2980,2567,2874,8120
9, 2977,2566,2865,8107
9, 2974,2564,2858,8097
Light Source Color - OFF	 , 08/05/2024,14:37:59
10, 2972,2563,2852,8087
10, 59,102,124,300
10, 59,102,125,300
10, 59,102,125,300
10, 59,102,125,300
10, 59,102,125,300
10, 59,102,125,300
Light Source Color - RED	 , 08/05/2024,14:38:05
11, 72,108,236,418
11, 347,231,2659,2984
11, 346,230,2649,2973
11, 345,230,2645,2968
11, 345,230,2642,2965
11, 345,230,2640,2963
11, 345,230,2639,2962
Light Source Color - OFF	 , 08/05/2024,14:38:11
12, 345,230,2638,2961
12, 59,102,125,300
12, 59,102,125,300
12, 59,102,125,300
12, 59,102,125,300
12, 59,102,125,300
12, 59,102,125,300
Light Source Color - GREEN	 , 08/05/2024,14:38:17
13, 59,102,125,300
13, 691,1827,381,2946
13, 690,1825,381,2943
13, 689,1824,381,2942
13, 689,1825,381,2942
13, 689,1824,381,2942
13, 689,1824,381,2941
Light Source Color - OFF	 , 08/05/2024,14:38:23
14, 688,1823,380,2940
14, 59,102,124,300
14, 59,102,124,300
14, 59,102,125,300
14, 59,102,125,300
14, 59,102,125,300
14, 59,102,125,300
Light Source Color - BLUE	 , 08/05/2024,14:38:29
15, 59,102,125,300
15, 2253,826,154,3156
15, 2255,827,154,3159
15, 2254,827,154,3158
15, 2253,827,154,3157
15, 2253,827,154,3156
15, 2251,826,154,3155
Light Source Color - OFF	 , 08/05/2024,14:38:35
