A_499ms_1x_0  :  Time_499ms. Gain_1x
Light Source Color - OFF
N,P,K,C
0, 62,106,130,313
0, 62,106,130,313
0, 62,106,130,313
0, 62,106,130,313
0, 62,106,130,312
Light Source Color - WHITE	 , 08/05/2024,14:39:00
1, 301,308,361,959
1, 3118,2681,3058,8541
1, 3109,2676,3028,8498
1, 3104,2673,3012,8475
1, 3101,2671,3001,8459
1, 3097,2669,2992,8445
1, 3099,2670,2988,8444
Light Source Color - OFF	 , 08/05/2024,14:39:06
2, 3097,2669,2981,8433
2, 62,106,129,312
2, 62,106,129,312
2, 62,106,129,312
2, 62,106,129,312
2, 62,106,130,312
2, 62,106,130,312
Light Source Color - RED	 , 08/05/2024,14:39:13
3, 62,106,129,312
3, 361,240,2772,3109
3, 361,240,2768,3105
3, 360,240,2763,3100
3, 360,240,2760,3096
3, 360,240,2757,3094
3, 360,239,2756,3091
Light Source Color - OFF	 , 08/05/2024,14:39:19
4, 326,224,2456,2774
4, 62,106,129,312
4, 62,106,130,312
4, 62,106,129,312
4, 62,106,129,312
4, 62,106,130,312
4, 62,106,130,312
Light Source Color - GREEN	 , 08/05/2024,14:39:25
5, 62,106,130,312
5, 719,1901,396,3065
5, 718,1900,396,3062
5, 718,1899,396,3062
5, 718,1899,396,3062
5, 717,1898,396,3061
5, 717,1898,396,3060
Light Source Color - OFF	 , 08/05/2024,14:39:31
6, 717,1897,396,3059
6, 62,106,129,312
6, 62,106,130,312
6, 62,106,130,312
6, 62,106,130,312
6, 62,106,129,312
6, 62,106,130,312
Light Source Color - BLUE	 , 08/05/2024,14:39:38
7, 62,106,130,312
7, 2347,860,161,3286
7, 2345,860,160,3284
7, 2344,859,160,3283
7, 2345,860,160,3284
7, 2345,860,161,3285
7, 2344,860,160,3283
Light Source Color - OFF	 , 08/05/2024,14:39:44
8, 2343,859,160,3282
8, 62,106,129,312
8, 62,106,129,312
8, 62,106,130,312
8, 62,106,129,312
8, 62,106,129,312
8, 62,106,129,312
Light Source Color - WHITE	 , 08/05/2024,14:39:50
9, 222,241,284,744
9, 3113,2678,3044,8518
9, 3104,2673,3013,8475
9, 3099,2670,2998,8453
9, 3096,2668,2987,8437
9, 3092,2666,2978,8423
9, 3094,2667,2975,8423
Light Source Color - OFF	 , 08/05/2024,14:39:56
10, 3092,2666,2968,8413
10, 62,106,129,311
10, 62,106,129,312
10, 62,106,129,312
10, 62,106,129,312
10, 62,106,129,312
10, 62,106,129,312
Light Source Color - RED	 , 08/05/2024,14:40:03
11, 62,106,129,312
11, 360,240,2761,3097
11, 359,240,2756,3093
11, 359,239,2752,3088
11, 359,239,2749,3084
11, 359,239,2746,3082
11, 359,239,2745,3080
Light Source Color - OFF	 , 08/05/2024,14:40:09
12, 332,227,2513,2834
12, 62,106,129,312
12, 62,106,130,312
12, 62,106,130,312
12, 62,106,129,312
12, 62,106,130,312
12, 62,106,130,312
Light Source Color - GREEN	 , 08/05/2024,14:40:15
13, 62,106,130,312
13, 718,1900,396,3063
13, 717,1898,396,3060
13, 717,1897,396,3058
13, 717,1897,396,3059
13, 717,1897,396,3058
13, 716,1896,396,3058
Light Source Color - OFF	 , 08/05/2024,14:40:22
14, 716,1896,396,3057
14, 62,106,129,312
14, 62,106,129,312
14, 62,106,130,312
14, 62,106,129,312
14, 62,106,129,312
14, 62,106,130,312
Light Source Color - BLUE	 , 08/05/2024,14:40:28
15, 62,106,130,312
15, 2345,859,160,3284
15, 2343,859,160,3282
15, 2342,859,160,3281
15, 2341,859,160,3280
15, 2343,860,160,3283
15, 2343,860,160,3282
Light Source Color - OFF	 , 08/05/2024,14:40:34
