A_540ms_1x_0  :  Time_540ms. Gain_1x
Light Source Color - OFF
N,P,K,C
0, 67,115,140,338
0, 67,115,140,338
0, 67,115,140,338
0, 67,115,140,338
0, 67,115,140,338
Light Source Color - WHITE	 , 08/05/2024,14:41:12
1, 67,115,140,338
1, 3374,2900,3312,9242
1, 3365,2895,3283,9201
1, 3363,2894,3274,9191
1, 3361,2893,3261,9174
1, 3357,2891,3250,9157
Light Source Color - OFF	 , 08/05/2024,14:41:18
2, 3353,2889,3241,9144
2, 67,115,140,337
2, 67,115,140,338
2, 67,115,140,338
2, 67,115,140,338
2, 67,115,140,338
Light Source Color - RED	 , 08/05/2024,14:41:24
3, 67,115,140,338
3, 392,261,3014,3381
3, 391,260,3004,3370
3, 391,260,3001,3367
3, 390,260,2998,3363
3, 390,260,2995,3360
Light Source Color - OFF	 , 08/05/2024,14:41:29
4, 390,260,2993,3358
4, 67,115,140,337
4, 67,115,140,338
4, 67,115,140,338
4, 67,115,140,338
4, 67,115,140,338
Light Source Color - GREEN	 , 08/05/2024,14:41:35
5, 67,115,140,338
5, 779,2059,428,3319
5, 778,2057,428,3316
5, 778,2056,428,3315
5, 777,2056,428,3315
5, 777,2055,428,3313
Light Source Color - OFF	 , 08/05/2024,14:41:40
6, 776,2054,428,3312
6, 138,308,169,634
6, 67,115,140,338
6, 67,115,140,338
6, 67,115,140,338
6, 67,115,140,338
Light Source Color - BLUE	 , 08/05/2024,14:41:46
7, 67,115,140,338
7, 2539,930,174,3555
7, 2537,930,174,3554
7, 2538,930,174,3555
7, 2539,930,174,3556
7, 2537,930,174,3554
Light Source Color - OFF	 , 08/05/2024,14:41:52
8, 2536,930,173,3552
8, 242,173,142,566
8, 67,115,140,338
8, 67,115,140,338
8, 67,115,140,338
8, 67,115,140,338
Light Source Color - WHITE	 , 08/05/2024,14:41:57
9, 67,115,140,338
9, 3366,2896,3290,9210
9, 3357,2891,3262,9170
9, 3357,2891,3254,9162
9, 3354,2889,3241,9145
9, 3350,2887,3231,9129
Light Source Color - OFF	 , 08/05/2024,14:42:03
10, 3347,2885,3222,9115
10, 436,427,487,1326
10, 67,115,140,338
10, 67,115,140,338
10, 67,115,140,338
10, 67,115,140,338
Light Source Color - RED	 , 08/05/2024,14:42:09
11, 67,115,140,338
11, 390,260,2997,3363
11, 390,260,2988,3353
11, 389,259,2986,3351
11, 389,259,2983,3347
11, 389,259,2980,3344
Light Source Color - OFF	 , 08/05/2024,14:42:14
12, 389,259,2978,3342
12, 101,130,444,659
12, 67,115,140,338
12, 67,115,140,338
12, 67,115,140,338
12, 67,115,140,338
Light Source Color - GREEN	 , 08/05/2024,14:42:20
13, 67,115,140,338
13, 778,2057,428,3316
13, 777,2055,428,3313
13, 777,2055,428,3313
13, 776,2054,428,3312
13, 776,2053,428,3311
Light Source Color - OFF	 , 08/05/2024,14:42:25
14, 775,2053,428,3310
14, 121,264,162,567
14, 67,115,140,338
14, 67,115,140,338
14, 67,115,140,338
14, 67,115,140,338
Light Source Color - BLUE	 , 08/05/2024,14:42:31
15, 67,115,140,338
15, 2538,930,174,3555
15, 2536,930,174,3553
15, 2537,930,174,3555
15, 2537,931,174,3555
15, 2536,930,174,3552
Light Source Color - OFF	 , 08/05/2024,14:42:37
