A_600ms_1x_0  :  Time_600ms. Gain_1x
Light Source Color - OFF
N,P,K,C
0, 74,128,156,376
0, 74,128,156,376
0, 74,128,156,376
0, 74,128,156,376
0, 74,128,156,376
Light Source Color - WHITE	 , 08/05/2024,14:44:03
1, 74,128,156,376
1, 3752,3223,3710,10303
1, 3750,3222,3694,10285
1, 3744,3219,3673,10255
1, 3739,3216,3658,10233
1, 3739,3217,3651,10229
Light Source Color - OFF	 , 08/05/2024,14:44:09
2, 3735,3214,3640,10211
2, 74,128,156,375
2, 74,128,156,375
2, 74,128,156,375
2, 74,128,156,375
2, 74,128,156,375
Light Source Color - RED	 , 08/05/2024,14:44:15
3, 74,128,156,375
3, 438,292,3383,3793
3, 437,291,3377,3786
3, 437,291,3370,3779
3, 436,291,3365,3774
3, 436,291,3364,3773
Light Source Color - OFF	 , 08/05/2024,14:44:21
4, 436,290,3361,3769
4, 74,128,156,375
4, 74,128,156,375
4, 74,128,156,375
4, 74,128,156,375
4, 74,128,156,375
Light Source Color - GREEN	 , 08/05/2024,14:44:27
5, 74,128,156,375
5, 868,2292,476,3695
5, 867,2291,476,3693
5, 866,2290,476,3691
5, 866,2289,476,3689
5, 866,2288,476,3689
Light Source Color - OFF	 , 08/05/2024,14:44:32
6, 866,2288,476,3689
6, 74,128,156,375
6, 74,128,156,375
6, 74,128,156,376
6, 74,128,156,375
6, 74,128,156,376
Light Source Color - BLUE	 , 08/05/2024,14:44:38
7, 74,128,156,376
7, 2826,1033,193,3956
7, 2823,1033,193,3952
7, 2825,1034,193,3956
7, 2824,1033,193,3954
7, 2823,1033,193,3953
Light Source Color - OFF	 , 08/05/2024,14:44:44
8, 2825,1034,193,3955
8, 74,128,156,375
8, 74,128,156,375
8, 74,128,156,376
8, 74,128,156,375
8, 74,128,156,375
Light Source Color - WHITE	 , 08/05/2024,14:44:50
9, 74,128,156,376
9, 3748,3222,3684,10275
9, 3738,3216,3651,10226
9, 3737,3216,3641,10217
9, 3732,3213,3626,10194
9, 3728,3210,3614,10175
Light Source Color - OFF	 , 08/05/2024,14:44:56
10, 3728,3211,3608,10170
10, 74,127,155,375
10, 74,128,156,375
10, 74,128,156,375
10, 74,128,156,375
10, 74,128,156,375
Light Source Color - RED	 , 08/05/2024,14:45:02
11, 74,128,156,375
11, 436,290,3357,3766
11, 435,290,3345,3752
11, 435,289,3342,3749
11, 434,289,3338,3744
11, 434,289,3335,3741
Light Source Color - OFF	 , 08/05/2024,14:45:08
12, 434,289,3334,3740
12, 74,128,156,375
12, 74,128,156,375
12, 74,128,156,375
12, 74,128,156,375
12, 74,128,156,375
Light Source Color - GREEN	 , 08/05/2024,14:45:14
13, 89,168,162,437
13, 867,2290,476,3692
13, 865,2287,476,3687
13, 864,2285,476,3684
13, 864,2286,476,3685
13, 864,2285,476,3684
Light Source Color - OFF	 , 08/05/2024,14:45:20
14, 863,2284,476,3682
14, 92,178,163,452
14, 74,128,156,375
14, 74,128,156,375
14, 74,128,156,375
14, 74,128,156,375
Light Source Color - BLUE	 , 08/05/2024,14:45:26
15, 74,128,156,375
15, 2609,962,190,3674
15, 2822,1034,193,3952
15, 2820,1033,193,3950
15, 2821,1034,193,3951
15, 2821,1034,193,3951
Light Source Color - OFF	 , 08/05/2024,14:45:32
