A_614ms_1x_0  :  Time_614ms. Gain_1x
Light Source Color - OFF
N,P,K,C
0, 76,131,160,385
0, 76,131,160,385
0, 76,131,160,384
0, 76,131,160,384
0, 76,131,160,385
Light Source Color - WHITE	 , 08/05/2024,14:45:52
1, 76,131,160,384
1, 3078,2658,3049,8477
1, 3832,3296,3743,10483
1, 3825,3292,3721,10452
1, 3823,3291,3713,10440
1, 3821,3290,3700,10425
Light Source Color - OFF	 , 08/05/2024,14:45:58
2, 3816,3287,3688,10407
2, 876,806,914,2527
2, 76,131,159,384
2, 76,131,159,384
2, 76,131,159,384
2, 76,131,159,384
Light Source Color - RED	 , 08/05/2024,14:46:04
3, 76,131,159,384
3, 374,265,2795,3176
3, 445,296,3423,3839
3, 445,296,3417,3833
3, 444,296,3415,3830
3, 444,296,3411,3827
Light Source Color - OFF	 , 08/05/2024,14:46:10
4, 444,296,3408,3824
4, 127,154,615,866
4, 76,131,159,384
4, 76,131,159,384
4, 76,131,159,384
4, 76,131,159,384
Light Source Color - GREEN	 , 08/05/2024,14:46:16
5, 76,131,159,384
5, 807,2126,455,3445
5, 883,2336,487,3767
5, 885,2340,487,3773
5, 885,2340,487,3774
5, 885,2340,487,3773
Light Source Color - OFF	 , 08/05/2024,14:46:22
6, 884,2339,487,3771
6, 113,232,174,539
6, 76,131,159,384
6, 76,131,159,384
6, 76,131,159,384
6, 76,131,159,384
Light Source Color - BLUE	 , 08/05/2024,14:46:28
7, 76,131,159,384
7, 2882,1055,197,4036
7, 2893,1059,198,4051
7, 2891,1059,197,4049
7, 2893,1060,198,4052
7, 2892,1060,198,4050
Light Source Color - OFF	 , 08/05/2024,14:46:34
8, 2764,1018,196,3884
8, 76,131,159,384
8, 76,131,159,384
8, 76,131,159,384
8, 76,131,160,384
8, 76,131,159,384
Light Source Color - WHITE	 , 08/05/2024,14:46:40
9, 411,412,481,1286
9, 3854,3310,3757,10531
9, 3842,3302,3718,10474
9, 3839,3301,3707,10459
9, 3836,3300,3691,10440
9, 3831,3296,3678,10419
Light Source Color - OFF	 , 08/05/2024,14:46:46
10, 3587,3092,3443,9762
10, 76,131,159,383
10, 76,131,159,384
10, 76,131,159,384
10, 76,131,159,384
10, 76,131,159,384
Light Source Color - RED	 , 08/05/2024,14:46:52
11, 114,148,501,745
11, 445,296,3416,3832
11, 443,295,3403,3818
11, 443,295,3400,3814
11, 443,295,3396,3810
11, 443,295,3393,3807
Light Source Color - OFF	 , 08/05/2024,14:46:58
12, 443,295,3392,3805
12, 76,131,159,384
12, 76,131,159,384
12, 76,131,159,384
12, 76,131,159,384
12, 76,131,159,384
Light Source Color - GREEN	 , 08/05/2024,14:47:05
13, 76,131,159,384
13, 886,2342,487,3776
13, 884,2339,487,3771
13, 884,2339,487,3771
13, 884,2338,487,3770
13, 883,2337,487,3768
Light Source Color - OFF	 , 08/05/2024,14:47:11
14, 883,2337,487,3769
14, 76,131,159,384
14, 76,131,159,384
14, 76,131,159,384
14, 76,131,159,384
14, 76,131,159,384
Light Source Color - BLUE	 , 08/05/2024,14:47:17
15, 76,131,159,384
15, 2894,1060,198,4052
15, 2891,1060,197,4049
15, 2892,1060,198,4050
15, 2891,1060,198,4049
15, 2889,1059,197,4046
Light Source Color - OFF	 , 08/05/2024,14:47:23
