B_2.4ms_1x_0  :  Time_2.4ms. Gain_1x
Light Source Color - OFF
N,P,K,C
0, 0,5,6,15
0, 0,0,1,1
0, 0,0,1,1
0, 0,0,1,1
0, 0,0,1,1
0, 0,0,1,1
0, 0,0,1,1
0, 0,0,1,1
0, 0,0,1,1
0, 0,0,1,1
0, 0,0,1,1
0, 0,0,1,1
0, 0,0,1,1
Light Source Color - WHITE	 , 08/05/2024,15:27:27
1, 18,16,22,55
1, 18,16,22,54
1, 18,16,22,54
1, 18,16,22,54
1, 18,16,22,54
1, 18,16,22,54
1, 18,16,22,54
1, 18,16,21,54
1, 18,16,21,54
1, 18,16,21,54
1, 18,16,21,54
1, 18,16,21,54
1, 18,16,21,54
1, 18,16,21,54
Light Source Color - OFF	 , 08/05/2024,15:27:33
2, 0,0,1,1
2, 0,0,1,1
2, 0,0,1,1
2, 0,0,1,1
2, 0,0,1,1
2, 0,0,1,1
2, 0,0,1,1
2, 0,0,1,1
2, 0,0,1,1
2, 0,0,1,1
2, 0,0,1,1
2, 0,0,1,1
2, 0,0,1,1
2, 0,0,1,1
Light Source Color - RED	 , 08/05/2024,15:27:38
3, 2,1,20,22
3, 2,1,20,22
3, 2,1,20,22
3, 2,1,20,22
3, 2,1,20,22
3, 2,1,20,22
3, 2,1,20,22
3, 2,1,20,22
3, 2,1,20,22
3, 2,1,20,22
3, 2,1,20,22
3, 2,1,20,22
3, 2,1,20,22
3, 2,1,20,22
Light Source Color - OFF	 , 08/05/2024,15:27:44
4, 0,0,1,1
4, 0,0,1,1
4, 0,0,1,1
4, 0,0,1,1
4, 0,0,1,1
4, 0,0,1,1
4, 0,0,1,1
4, 0,0,1,1
4, 0,0,1,1
4, 0,0,1,1
4, 0,0,1,1
4, 0,0,1,1
4, 0,0,1,1
4, 0,0,1,1
Light Source Color - GREEN	 , 08/05/2024,15:27:50
5, 4,12,2,19
5, 4,12,2,19
5, 4,12,2,19
5, 4,12,2,19
5, 4,12,2,19
5, 4,12,2,19
5, 4,12,2,19
5, 4,12,2,19
5, 4,12,2,19
5, 4,12,2,19
5, 4,12,2,19
5, 4,12,2,19
5, 4,12,2,19
5, 4,12,2,19
Light Source Color - OFF	 , 08/05/2024,15:27:55
6, 0,0,1,1
6, 0,0,1,1
6, 0,0,1,1
6, 0,0,1,1
6, 0,0,1,1
6, 0,0,1,1
6, 0,0,1,1
6, 0,0,1,1
6, 0,0,1,1
6, 0,0,1,1
6, 0,0,1,1
6, 0,0,1,1
6, 0,0,1,1
6, 0,0,1,1
Light Source Color - BLUE	 , 08/05/2024,15:28:01
7, 13,5,1,18
7, 13,5,1,19
7, 13,5,1,19
7, 13,5,1,19
7, 13,5,1,19
7, 13,5,1,19
7, 13,5,1,18
7, 13,5,1,19
7, 13,5,1,19
7, 13,5,1,19
7, 13,5,1,19
7, 13,5,1,19
7, 13,5,1,19
7, 13,5,1,19
Light Source Color - OFF	 , 08/05/2024,15:28:07
8, 0,0,1,1
8, 0,0,1,1
8, 0,0,1,1
8, 0,0,1,1
8, 0,0,1,1
8, 0,0,1,1
8, 0,0,1,1
8, 0,0,1,1
8, 0,0,1,1
8, 0,0,1,1
8, 0,0,1,1
8, 0,0,1,1
8, 0,0,1,1
8, 0,0,1,1
Light Source Color - WHITE	 , 08/05/2024,15:28:12
9, 18,16,22,54
9, 18,16,22,54
9, 18,16,22,54
9, 18,16,22,54
9, 18,16,22,54
9, 18,16,21,54
9, 18,16,21,54
9, 18,16,21,54
9, 18,16,21,54
9, 18,16,21,54
9, 18,16,21,54
9, 18,16,21,54
9, 18,16,21,54
9, 18,16,21,54
Light Source Color - OFF	 , 08/05/2024,15:28:18
10, 0,0,1,1
10, 0,0,1,1
10, 0,0,1,1
10, 0,0,1,1
10, 0,0,1,1
10, 0,0,1,1
10, 0,0,1,1
10, 0,0,1,1
10, 0,0,1,1
10, 0,0,1,1
10, 0,0,1,1
10, 0,0,1,1
10, 0,0,1,1
10, 0,0,1,1
Light Source Color - RED	 , 08/05/2024,15:28:24
11, 2,1,20,22
11, 2,1,20,22
11, 2,1,20,22
11, 2,1,20,22
11, 2,1,20,22
11, 2,1,20,22
11, 2,1,20,22
11, 2,1,20,22
11, 2,1,20,22
11, 2,1,20,22
11, 2,1,20,22
11, 2,1,20,22
11, 2,1,20,22
11, 2,1,20,22
Light Source Color - OFF	 , 08/05/2024,15:28:30
12, 0,0,1,1
12, 0,0,1,1
12, 0,0,1,1
12, 0,0,1,1
12, 0,0,1,1
12, 0,0,1,1
12, 0,0,1,1
12, 0,0,1,1
12, 0,0,1,1
12, 0,0,1,1
12, 0,0,1,1
12, 0,0,1,1
12, 0,0,1,1
12, 0,0,1,1
Light Source Color - GREEN	 , 08/05/2024,15:28:35
13, 4,12,2,19
13, 4,12,2,19
13, 4,12,2,19
13, 4,12,2,19
13, 4,12,2,19
13, 4,12,2,19
13, 4,12,2,19
13, 4,12,2,19
13, 4,12,2,19
13, 4,12,2,19
13, 4,12,2,19
13, 4,12,2,19
13, 4,12,2,19
13, 4,12,2,19
Light Source Color - OFF	 , 08/05/2024,15:28:41
14, 0,0,1,1
14, 0,0,1,1
14, 0,0,1,1
14, 0,0,1,1
14, 0,0,1,1
14, 0,0,1,1
14, 0,0,1,1
14, 0,0,1,1
14, 0,0,1,1
14, 0,0,1,1
14, 0,0,1,1
14, 0,0,1,1
14, 0,0,1,1
14, 0,0,1,1
Light Source Color - BLUE	 , 08/05/2024,15:28:47
15, 13,5,1,19
15, 13,5,1,19
15, 13,5,1,19
15, 13,5,1,19
15, 13,5,1,18
15, 13,5,1,19
15, 13,5,1,19
15, 13,5,1,19
15, 13,5,1,19
15, 13,5,1,19
15, 13,5,1,19
15, 13,5,1,19
15, 13,5,1,19
15, 13,5,1,19
Light Source Color - OFF	 , 08/05/2024,15:28:52
