B_240ms_1x_0  :  Time_240ms. Gain_1x
Light Source Color - OFF
N,P,K,C
0, 30,53,65,154
0, 30,52,65,154
0, 30,52,65,154
0, 30,52,65,154
0, 30,52,65,154
0, 30,52,65,154
0, 30,52,65,154
0, 30,52,65,154
Light Source Color - WHITE	 , 08/05/2024,15:11:26
1, 30,52,65,154
1, 1843,1653,2166,5439
1, 1842,1652,2158,5429
1, 1840,1651,2149,5417
1, 1839,1650,2143,5410
1, 1838,1650,2140,5405
1, 1837,1649,2135,5399
1, 1836,1649,2131,5394
1, 1836,1649,2128,5392
Light Source Color - OFF	 , 08/05/2024,15:11:32
2, 1835,1648,2125,5386
2, 30,52,64,154
2, 30,52,64,154
2, 30,52,64,154
2, 30,52,64,154
2, 30,52,64,154
2, 30,52,64,154
2, 30,52,64,154
2, 30,52,65,154
Light Source Color - RED	 , 08/05/2024,15:11:37
3, 30,52,65,154
3, 246,150,1995,2200
3, 246,150,1991,2195
3, 246,150,1989,2193
3, 245,150,1987,2191
3, 245,150,1986,2190
3, 245,150,1985,2189
3, 245,150,1984,2188
3, 245,150,1983,2187
Light Source Color - OFF	 , 08/05/2024,15:11:43
4, 179,120,1397,1566
4, 30,52,64,154
4, 30,52,64,154
4, 30,52,65,154
4, 30,52,65,154
4, 30,52,65,154
4, 30,52,65,154
4, 30,52,65,154
4, 30,52,65,154
Light Source Color - GREEN	 , 08/05/2024,15:11:49
5, 124,314,104,553
5, 446,1208,239,1919
5, 446,1208,239,1918
5, 446,1207,239,1918
5, 446,1207,239,1918
5, 445,1207,239,1917
5, 446,1207,239,1918
5, 445,1207,239,1917
5, 445,1207,239,1917
Light Source Color - OFF	 , 08/05/2024,15:11:55
6, 402,1088,221,1735
6, 30,52,64,154
6, 30,52,64,154
6, 30,52,65,154
6, 30,52,65,154
6, 30,52,65,154
6, 30,52,65,154
6, 30,52,65,154
6, 30,52,65,154
Light Source Color - BLUE	 , 08/05/2024,15:12:00
7, 37,55,65,163
7, 1345,485,82,1864
7, 1344,485,82,1863
7, 1344,485,82,1863
7, 1345,486,82,1863
7, 1344,485,82,1863
7, 1344,486,82,1863
7, 1344,486,82,1863
7, 1344,485,82,1862
Light Source Color - OFF	 , 08/05/2024,15:12:06
8, 1344,485,82,1862
8, 30,52,64,154
8, 30,52,65,154
8, 30,52,65,154
8, 30,52,65,154
8, 30,52,65,154
8, 30,52,65,154
8, 30,52,65,154
8, 30,52,65,154
Light Source Color - WHITE	 , 08/05/2024,15:12:12
9, 30,52,65,154
9, 1842,1652,2159,5429
9, 1840,1651,2151,5419
9, 1838,1650,2142,5408
9, 1837,1649,2136,5400
9, 1837,1649,2133,5397
9, 1836,1649,2128,5391
9, 1835,1648,2124,5385
9, 1835,1648,2122,5383
Light Source Color - OFF	 , 08/05/2024,15:12:18
10, 1834,1648,2119,5379
10, 30,52,64,154
10, 30,52,64,154
10, 30,52,64,154
10, 30,52,64,154
10, 30,52,64,154
10, 30,52,64,154
10, 30,52,64,154
10, 30,52,64,154
Light Source Color - RED	 , 08/05/2024,15:12:24
11, 30,52,64,154
11, 246,150,1989,2193
11, 245,150,1985,2189
11, 245,150,1983,2187
11, 245,150,1981,2185
11, 245,150,1980,2184
11, 245,150,1979,2183
11, 245,150,1978,2182
11, 245,149,1978,2181
Light Source Color - OFF	 , 08/05/2024,15:12:29
12, 190,125,1490,1664
12, 30,52,64,154
12, 30,52,64,154
12, 30,52,65,154
12, 30,52,64,154
12, 30,52,64,154
12, 30,52,65,154
12, 30,52,65,154
12, 30,52,65,154
Light Source Color - GREEN	 , 08/05/2024,15:12:35
13, 95,232,92,429
13, 446,1208,239,1919
13, 446,1207,239,1917
13, 445,1207,239,1917
13, 445,1207,239,1917
13, 445,1206,239,1917
13, 445,1206,239,1916
13, 445,1206,239,1916
13, 445,1206,239,1916
Light Source Color - OFF	 , 08/05/2024,15:12:41
14, 440,1192,237,1895
14, 30,52,64,154
14, 30,52,64,154
14, 30,52,64,154
14, 30,52,65,154
14, 30,52,64,154
14, 30,52,65,154
14, 30,52,65,154
14, 30,52,65,154
Light Source Color - BLUE	 , 08/05/2024,15:12:47
15, 30,52,65,154
15, 1344,485,82,1862
15, 1344,485,82,1863
15, 1344,485,82,1862
15, 1344,486,82,1863
15, 1344,485,82,1862
15, 1343,485,82,1862
15, 1344,486,82,1863
15, 1343,485,82,1862
Light Source Color - OFF	 , 08/05/2024,15:12:52
