B_300ms_1x_0  :  Time_300ms. Gain_1x
Light Source Color - OFF
N,P,K,C
0, 38,66,81,193
0, 38,66,81,193
0, 38,66,81,193
0, 38,66,81,193
0, 38,66,81,193
0, 38,66,81,193
0, 38,66,81,193
Light Source Color - WHITE	 , 08/05/2024,15:09:43
1, 38,66,81,193
1, 2303,2065,2715,6804
1, 2297,2061,2695,6774
1, 2296,2061,2687,6765
1, 2296,2061,2680,6759
1, 2293,2059,2672,6747
1, 2293,2059,2668,6743
1, 2293,2060,2664,6739
Light Source Color - OFF	 , 08/05/2024,15:09:49
2, 2290,2058,2658,6729
2, 37,65,80,192
2, 37,65,81,192
2, 37,65,81,193
2, 37,65,81,193
2, 37,65,81,193
2, 37,65,81,193
2, 38,66,81,193
Light Source Color - RED	 , 08/05/2024,15:09:55
3, 37,65,81,193
3, 308,188,2496,2752
3, 307,188,2491,2746
3, 307,188,2487,2742
3, 307,188,2485,2740
3, 307,188,2484,2739
3, 307,187,2482,2737
3, 307,187,2481,2736
Light Source Color - OFF	 , 08/05/2024,15:10:00
4, 258,166,2052,2281
4, 37,65,81,193
4, 37,66,81,193
4, 37,65,81,193
4, 37,65,81,193
4, 38,66,81,193
4, 38,66,81,193
4, 37,65,81,193
Light Source Color - GREEN	 , 08/05/2024,15:10:06
5, 38,66,81,193
5, 557,1509,299,2398
5, 557,1509,299,2397
5, 557,1509,299,2397
5, 557,1508,299,2396
5, 557,1508,299,2396
5, 557,1509,299,2397
5, 556,1508,299,2396
Light Source Color - OFF	 , 08/05/2024,15:10:12
6, 556,1508,299,2396
6, 38,65,81,193
6, 37,65,81,193
6, 37,65,81,193
6, 38,66,81,193
6, 37,65,81,193
6, 38,66,81,193
6, 38,66,81,193
Light Source Color - BLUE	 , 08/05/2024,15:10:17
7, 37,65,81,193
7, 1681,606,103,2329
7, 1679,606,103,2326
7, 1679,606,103,2327
7, 1680,607,103,2328
7, 1679,606,103,2326
7, 1679,606,103,2327
7, 1680,607,103,2328
Light Source Color - OFF	 , 08/05/2024,15:10:23
8, 1656,599,103,2297
8, 37,65,81,193
8, 37,65,81,193
8, 37,65,81,193
8, 37,65,81,193
8, 38,66,81,193
8, 37,65,81,193
8, 37,65,81,193
Light Source Color - WHITE	 , 08/05/2024,15:10:28
9, 524,495,648,1615
9, 2300,2063,2701,6785
9, 2298,2062,2688,6769
9, 2295,2060,2675,6752
9, 2294,2060,2669,6745
9, 2294,2060,2664,6741
9, 2291,2059,2658,6730
9, 2291,2059,2654,6726
Light Source Color - OFF	 , 08/05/2024,15:10:34
10, 1814,1637,2107,5341
10, 37,65,80,192
10, 37,65,81,192
10, 37,65,81,192
10, 37,65,81,192
10, 37,65,81,193
10, 37,65,81,193
10, 37,65,81,193
Light Source Color - RED	 , 08/05/2024,15:10:40
11, 37,65,81,193
11, 307,188,2486,2741
11, 307,187,2482,2737
11, 306,187,2480,2734
11, 306,187,2477,2731
11, 306,187,2476,2730
11, 306,187,2475,2729
11, 306,187,2473,2727
Light Source Color - OFF	 , 08/05/2024,15:10:45
12, 306,187,2472,2727
12, 37,65,81,193
12, 37,65,81,193
12, 37,65,81,193
12, 38,66,81,193
12, 37,65,81,193
12, 38,65,81,193
12, 38,66,81,193
Light Source Color - GREEN	 , 08/05/2024,15:10:51
13, 37,65,81,193
13, 557,1510,299,2398
13, 557,1508,299,2396
13, 557,1508,299,2396
13, 557,1508,299,2396
13, 556,1508,299,2395
13, 556,1508,299,2395
13, 556,1508,299,2395
Light Source Color - OFF	 , 08/05/2024,15:10:57
14, 556,1507,299,2395
14, 37,65,81,193
14, 38,66,81,193
14, 37,65,81,193
14, 37,66,81,193
14, 38,66,81,193
14, 37,65,81,193
14, 37,66,81,193
Light Source Color - BLUE	 , 08/05/2024,15:11:02
15, 353,169,85,602
15, 1680,606,103,2327
15, 1680,607,103,2329
15, 1679,607,103,2327
15, 1679,607,103,2327
15, 1680,607,103,2328
15, 1681,607,103,2329
15, 1679,607,103,2327
Light Source Color - OFF	 , 08/05/2024,15:11:08
