B_360ms_1x_0  :  Time_360ms. Gain_1x
Light Source Color - OFF
N,P,K,C
0, 45,79,97,232
0, 45,79,97,231
0, 45,79,97,231
0, 45,79,97,231
0, 45,79,97,231
0, 45,79,97,231
Light Source Color - WHITE	 , 08/05/2024,15:07:52
1, 45,79,97,231
1, 2763,2476,3268,8171
1, 2753,2471,3238,8127
1, 2751,2470,3227,8114
1, 2750,2469,3219,8104
1, 2749,2469,3212,8095
1, 2748,2468,3205,8088
1, 2747,2468,3200,8082
Light Source Color - OFF	 , 08/05/2024,15:07:58
2, 2746,2468,3195,8077
2, 45,78,97,231
2, 45,79,97,231
2, 45,79,97,231
2, 45,79,97,231
2, 45,79,97,231
2, 45,79,97,231
2, 45,79,97,231
Light Source Color - RED	 , 08/05/2024,15:08:04
3, 102,104,604,769
3, 369,226,2997,3304
3, 369,225,2991,3298
3, 369,225,2988,3295
3, 368,225,2985,3292
3, 368,225,2984,3290
3, 368,225,2982,3288
3, 368,225,2981,3287
Light Source Color - OFF	 , 08/05/2024,15:08:10
4, 321,203,2556,2837
4, 45,79,97,231
4, 45,79,97,231
4, 45,79,97,231
4, 45,79,97,231
4, 45,79,97,231
4, 45,79,97,231
4, 45,79,97,231
Light Source Color - GREEN	 , 08/05/2024,15:08:17
5, 124,299,130,567
5, 669,1811,359,2877
5, 669,1811,359,2876
5, 668,1810,359,2876
5, 668,1810,359,2876
5, 668,1810,359,2876
5, 668,1810,359,2876
5, 668,1810,359,2876
Light Source Color - OFF	 , 08/05/2024,15:08:23
6, 612,1655,335,2638
6, 45,79,97,231
6, 45,79,97,231
6, 45,79,97,231
6, 45,79,97,231
6, 45,79,97,231
6, 45,79,97,231
6, 45,79,97,231
Light Source Color - BLUE	 , 08/05/2024,15:08:29
7, 182,124,99,409
7, 2015,727,124,2792
7, 2015,727,124,2792
7, 2015,728,124,2792
7, 2015,728,124,2792
7, 2015,728,124,2793
7, 2016,728,124,2794
7, 2016,728,124,2794
Light Source Color - OFF	 , 08/05/2024,15:08:35
8, 1970,713,123,2733
8, 45,79,97,231
8, 45,79,97,231
8, 45,79,97,231
8, 45,79,97,231
8, 45,79,97,231
8, 45,79,97,231
8, 45,79,97,231
Light Source Color - WHITE	 , 08/05/2024,15:08:41
9, 77,106,134,323
9, 2758,2474,3243,8140
9, 2755,2472,3226,8118
9, 2753,2472,3214,8104
9, 2751,2471,3206,8095
9, 2750,2471,3199,8086
9, 2749,2470,3193,8080
9, 2745,2468,3184,8065
Light Source Color - OFF	 , 08/05/2024,15:08:47
10, 2744,2467,3179,8059
10, 45,78,97,231
10, 45,79,97,231
10, 45,79,97,231
10, 45,79,97,231
10, 45,79,97,231
10, 45,79,97,231
10, 45,79,97,231
Light Source Color - RED	 , 08/05/2024,15:08:53
11, 45,79,97,231
11, 369,225,2986,3293
11, 368,225,2980,3286
11, 368,225,2977,3283
11, 368,225,2974,3280
11, 367,225,2972,3278
11, 367,224,2970,3275
11, 367,224,2969,3274
Light Source Color - OFF	 , 08/05/2024,15:08:59
12, 367,224,2967,3273
12, 45,79,97,231
12, 45,79,97,231
12, 45,79,97,231
12, 45,79,97,231
12, 45,79,97,231
12, 45,79,97,231
12, 45,79,97,231
Light Source Color - GREEN	 , 08/05/2024,15:09:05
13, 45,79,97,231
13, 669,1811,359,2877
13, 668,1811,359,2876
13, 668,1810,359,2876
13, 668,1810,359,2876
13, 668,1810,359,2875
13, 667,1809,359,2873
13, 667,1809,359,2873
Light Source Color - OFF	 , 08/05/2024,15:09:12
14, 667,1809,359,2873
14, 45,79,97,231
14, 45,79,97,231
14, 45,79,97,231
14, 45,79,97,231
14, 45,79,97,231
14, 45,79,97,231
14, 45,79,97,231
Light Source Color - BLUE	 , 08/05/2024,15:09:18
15, 45,79,97,231
15, 2016,728,124,2793
15, 2016,728,124,2793
15, 2016,728,124,2793
15, 2016,728,124,2794
15, 2013,727,124,2790
15, 2013,728,124,2790
15, 2013,728,124,2791
Light Source Color - OFF	 , 08/05/2024,15:09:24
