B_401ms_1x_0  :  Time_401ms. Gain_1x
Light Source Color - OFF
N,P,K,C
0, 50,88,108,258
0, 50,88,108,258
0, 50,88,108,258
0, 50,88,108,258
0, 50,88,108,258
0, 50,88,108,258
Light Source Color - WHITE	 , 08/05/2024,15:05:58
1, 374,374,488,1207
1, 3063,2749,3616,9055
1, 3059,2746,3596,9029
1, 3056,2745,3583,9013
1, 3054,2744,3573,9000
1, 3052,2743,3565,8990
1, 3051,2742,3557,8981
Light Source Color - OFF	 , 08/05/2024,15:06:04
2, 3049,2742,3551,8972
2, 50,87,107,257
2, 50,87,108,257
2, 50,87,108,257
2, 50,87,108,257
2, 50,87,108,257
2, 50,87,108,257
Light Source Color - RED	 , 08/05/2024,15:06:10
3, 50,87,108,257
3, 411,251,3332,3674
3, 410,251,3325,3666
3, 410,251,3320,3662
3, 410,250,3318,3659
3, 410,250,3316,3656
3, 409,250,3314,3654
Light Source Color - OFF	 , 08/05/2024,15:06:15
4, 409,250,3312,3652
4, 50,87,108,257
4, 50,87,108,257
4, 50,87,108,257
4, 50,87,108,257
4, 50,87,108,257
4, 50,87,108,257
Light Source Color - GREEN	 , 08/05/2024,15:06:21
5, 50,87,108,257
5, 744,2015,399,3202
5, 744,2015,399,3200
5, 743,2014,399,3200
5, 743,2014,399,3199
5, 743,2013,399,3199
5, 743,2013,399,3199
Light Source Color - OFF	 , 08/05/2024,15:06:26
6, 743,2013,399,3198
6, 50,87,108,257
6, 50,88,108,257
6, 50,88,108,257
6, 50,88,108,257
6, 50,88,108,257
6, 50,88,108,257
Light Source Color - BLUE	 , 08/05/2024,15:06:32
7, 50,88,108,257
7, 2243,809,138,3107
7, 2242,810,138,3107
7, 2242,810,138,3107
7, 2241,810,138,3106
7, 2241,810,138,3106
7, 2241,810,138,3106
Light Source Color - OFF	 , 08/05/2024,15:06:38
8, 2241,810,138,3106
8, 50,88,108,257
8, 50,87,108,257
8, 50,87,108,257
8, 50,88,108,257
8, 50,88,108,257
8, 50,87,108,257
Light Source Color - WHITE	 , 08/05/2024,15:06:43
9, 50,87,108,257
9, 3066,2751,3609,9053
9, 3061,2748,3585,9022
9, 3057,2747,3571,9004
9, 3056,2746,3561,8991
9, 3054,2745,3552,8981
9, 3052,2744,3545,8972
Light Source Color - OFF	 , 08/05/2024,15:06:49
10, 3051,2744,3539,8964
10, 50,87,107,257
10, 50,87,108,257
10, 50,87,108,257
10, 50,87,108,257
10, 50,87,108,257
10, 50,88,108,257
Light Source Color - RED	 , 08/05/2024,15:06:54
11, 50,88,108,257
11, 410,251,3323,3664
11, 409,250,3314,3654
11, 409,250,3309,3650
11, 409,250,3306,3646
11, 409,250,3304,3644
11, 409,250,3303,3642
Light Source Color - OFF	 , 08/05/2024,15:07:00
12, 409,250,3301,3641
12, 50,88,108,257
12, 50,88,108,257
12, 50,88,108,257
12, 50,88,108,257
12, 50,88,108,257
12, 50,88,108,257
Light Source Color - GREEN	 , 08/05/2024,15:07:06
13, 50,88,108,257
13, 744,2016,399,3203
13, 744,2015,400,3201
13, 743,2014,400,3200
13, 743,2014,400,3199
13, 743,2013,400,3199
13, 743,2013,400,3198
Light Source Color - OFF	 , 08/05/2024,15:07:11
14, 613,1654,345,2649
14, 50,87,108,257
14, 50,88,108,257
14, 50,88,108,257
14, 50,88,108,257
14, 50,88,108,257
14, 50,88,108,258
Light Source Color - BLUE	 , 08/05/2024,15:07:17
15, 332,180,111,623
15, 2240,809,138,3105
15, 2240,809,137,3104
15, 2243,810,138,3108
15, 2242,810,138,3108
15, 2242,810,138,3108
15, 2242,811,138,3108
Light Source Color - OFF	 , 08/05/2024,15:07:22
