B_420ms_1x_0  :  Time_420ms. Gain_1x
Light Source Color - OFF
N,P,K,C
0, 53,92,113,270
0, 53,92,113,270
0, 53,92,113,270
0, 53,92,113,270
0, 53,92,113,270
0, 53,92,113,270
Light Source Color - WHITE	 , 08/05/2024,15:04:08
1, 53,92,113,270
1, 3209,2879,3805,9502
1, 3203,2876,3776,9465
1, 3199,2874,3761,9445
1, 3197,2873,3749,9429
1, 3194,2872,3740,9417
1, 3193,2871,3731,9407
Light Source Color - OFF	 , 08/05/2024,15:04:14
2, 3191,2870,3724,9396
2, 52,92,113,269
2, 53,92,113,269
2, 53,92,113,269
2, 53,92,113,269
2, 53,92,113,269
2, 53,92,113,270
Light Source Color - RED	 , 08/05/2024,15:04:20
3, 53,92,113,270
3, 431,263,3493,3852
3, 430,263,3485,3843
3, 430,263,3480,3838
3, 429,262,3478,3835
3, 429,262,3475,3833
3, 429,262,3473,3830
Light Source Color - OFF	 , 08/05/2024,15:04:26
4, 429,262,3472,3828
4, 53,92,113,269
4, 53,92,113,269
4, 53,92,113,269
4, 53,92,113,270
4, 53,92,113,270
4, 53,92,113,270
Light Source Color - GREEN	 , 08/05/2024,15:04:31
5, 53,92,113,270
5, 780,2112,418,3356
5, 779,2111,418,3354
5, 779,2110,418,3353
5, 779,2110,418,3352
5, 779,2110,418,3352
5, 778,2109,418,3351
Light Source Color - OFF	 , 08/05/2024,15:04:37
6, 778,2109,418,3351
6, 53,92,113,269
6, 53,92,113,269
6, 53,92,113,269
6, 53,92,113,270
6, 53,92,113,269
6, 53,92,113,269
Light Source Color - BLUE	 , 08/05/2024,15:04:43
7, 53,92,113,269
7, 2347,847,144,3252
7, 2346,847,144,3252
7, 2346,847,144,3251
7, 2346,847,144,3251
7, 2345,847,144,3250
7, 2345,847,144,3250
Light Source Color - OFF	 , 08/05/2024,15:04:49
8, 2345,847,144,3250
8, 53,92,113,269
8, 53,92,113,269
8, 53,92,113,270
8, 53,92,113,270
8, 53,92,113,270
8, 53,92,113,270
Light Source Color - WHITE	 , 08/05/2024,15:04:54
9, 53,92,113,270
9, 3210,2881,3789,9489
9, 3204,2877,3759,9451
9, 3200,2876,3743,9430
9, 3198,2874,3732,9416
9, 3195,2873,3722,9403
9, 3194,2873,3715,9394
Light Source Color - OFF	 , 08/05/2024,15:05:00
10, 3192,2872,3708,9385
10, 52,92,113,269
10, 52,92,113,269
10, 53,92,113,269
10, 53,92,113,269
10, 53,92,113,270
10, 53,92,113,270
Light Source Color - RED	 , 08/05/2024,15:05:06
11, 53,92,113,270
11, 430,263,3479,3837
11, 429,262,3471,3828
11, 429,262,3466,3823
11, 428,262,3464,3820
11, 428,262,3461,3817
11, 428,262,3460,3815
Light Source Color - OFF	 , 08/05/2024,15:05:12
12, 428,261,3458,3813
12, 53,92,113,269
12, 53,92,113,269
12, 53,92,113,269
12, 53,92,113,269
12, 53,92,113,270
12, 53,92,113,270
Light Source Color - GREEN	 , 08/05/2024,15:05:17
13, 158,386,157,718
13, 780,2112,418,3355
13, 779,2110,419,3353
13, 779,2110,419,3352
13, 778,2109,419,3351
13, 778,2109,419,3350
13, 778,2109,419,3350
Light Source Color - OFF	 , 08/05/2024,15:05:23
14, 778,2108,419,3350
14, 53,92,113,270
14, 53,92,113,270
14, 53,92,113,270
14, 53,92,113,270
14, 53,92,113,270
14, 53,92,113,270
Light Source Color - BLUE	 , 08/05/2024,15:05:29
15, 53,92,113,270
15, 2347,848,144,3253
15, 2346,848,144,3252
15, 2346,848,144,3252
15, 2346,848,144,3251
15, 2345,848,144,3251
15, 2345,848,144,3251
Light Source Color - OFF	 , 08/05/2024,15:05:35
