B_480ms_1x_0  :  Time_480ms. Gain_1x
Light Source Color - OFF
N,P,K,C
0, 60,105,129,308
0, 60,105,129,308
0, 60,105,129,308
0, 60,105,129,308
0, 60,105,129,308
0, 60,105,129,308
Light Source Color - WHITE	 , 08/05/2024,15:02:01
1, 212,239,307,753
1, 3665,3289,4340,10848
1, 3637,3271,4299,10762
1, 3633,3268,4279,10737
1, 3631,3268,4265,10722
1, 3629,3267,4253,10708
1, 3627,3266,4243,10694
Light Source Color - OFF	 , 08/05/2024,15:02:07
2, 3545,3194,4143,10451
2, 60,105,129,307
2, 60,105,129,308
2, 60,105,129,308
2, 60,105,129,308
2, 60,105,129,308
2, 60,105,129,308
Light Source Color - RED	 , 08/05/2024,15:02:13
3, 96,121,448,646
3, 491,300,3983,4392
3, 490,300,3969,4377
3, 490,299,3963,4371
3, 490,299,3959,4366
3, 489,299,3956,4363
3, 489,299,3954,4360
Light Source Color - OFF	 , 08/05/2024,15:02:19
4, 428,271,3411,3785
4, 60,105,129,308
4, 60,105,129,308
4, 60,105,129,308
4, 60,105,129,308
4, 60,105,129,308
4, 60,105,129,308
Light Source Color - GREEN	 , 08/05/2024,15:02:26
5, 60,105,129,308
5, 890,2411,478,3831
5, 889,2409,478,3828
5, 889,2408,478,3826
5, 888,2408,478,3825
5, 888,2407,478,3824
5, 888,2408,478,3826
Light Source Color - OFF	 , 08/05/2024,15:02:32
6, 888,2408,478,3825
6, 60,105,129,308
6, 60,105,129,308
6, 60,105,129,308
6, 60,105,129,308
6, 60,105,129,308
6, 60,105,129,308
Light Source Color - BLUE	 , 08/05/2024,15:02:38
7, 60,105,129,308
7, 2680,968,165,3714
7, 2678,968,165,3713
7, 2677,968,165,3711
7, 2676,968,164,3710
7, 2679,969,165,3714
7, 2679,969,165,3714
Light Source Color - OFF	 , 08/05/2024,15:02:44
8, 2677,968,165,3712
8, 60,105,129,308
8, 60,105,129,308
8, 60,105,129,308
8, 60,105,129,308
8, 60,105,129,308
8, 60,105,129,308
Light Source Color - WHITE	 , 08/05/2024,15:02:50
9, 60,105,129,308
9, 3652,3281,4307,10795
9, 3645,3278,4276,10755
9, 3641,3275,4258,10732
9, 3642,3276,4252,10727
9, 3640,3276,4240,10714
9, 3637,3274,4230,10700
Light Source Color - OFF	 , 08/05/2024,15:02:56
10, 3635,3273,4221,10687
10, 60,105,129,307
10, 60,105,129,308
10, 60,105,129,308
10, 60,105,129,308
10, 60,105,129,308
10, 60,105,129,308
Light Source Color - RED	 , 08/05/2024,15:03:03
11, 60,105,129,308
11, 490,299,3963,4371
11, 489,299,3953,4360
11, 489,299,3948,4354
11, 489,299,3946,4352
11, 489,298,3943,4349
11, 488,298,3941,4346
Light Source Color - OFF	 , 08/05/2024,15:03:09
12, 488,298,3939,4344
12, 60,105,129,308
12, 60,105,129,308
12, 60,105,129,308
12, 60,105,129,308
12, 60,105,129,308
12, 60,105,129,308
Light Source Color - GREEN	 , 08/05/2024,15:03:15
13, 60,105,129,308
13, 889,2409,478,3827
13, 888,2408,478,3825
13, 888,2408,478,3826
13, 888,2408,478,3826
13, 888,2407,478,3825
13, 888,2407,478,3824
Light Source Color - OFF	 , 08/05/2024,15:03:21
14, 887,2406,478,3823
14, 60,105,129,308
14, 60,105,129,308
14, 60,105,129,308
14, 60,105,129,308
14, 60,105,129,308
14, 60,105,129,308
Light Source Color - BLUE	 , 08/05/2024,15:03:27
15, 60,105,129,308
15, 2678,968,165,3712
15, 2680,969,165,3715
15, 2680,969,165,3715
15, 2679,969,165,3714
15, 2678,969,165,3713
15, 2677,969,165,3712
Light Source Color - OFF	 , 08/05/2024,15:03:33
