B_499ms_1x_0  :  Time_499ms. Gain_1x
Light Source Color - OFF
N,P,K,C
0, 63,109,134,320
0, 63,109,134,320
0, 62,109,134,320
0, 62,109,134,320
0, 62,109,134,320
Light Source Color - WHITE	 , 08/05/2024,15:00:02
1, 188,220,282,688
1, 3811,3420,4515,11281
1, 3802,3415,4473,11227
1, 3797,3412,4452,11199
1, 3793,3411,4437,11179
1, 3790,3409,4424,11162
1, 3791,3410,4419,11159
Light Source Color - OFF	 , 08/05/2024,15:00:08
2, 3789,3409,4409,11147
2, 62,109,134,320
2, 62,109,134,320
2, 62,109,134,320
2, 62,109,134,320
2, 62,109,134,320
2, 62,109,134,320
Light Source Color - RED	 , 08/05/2024,15:00:15
3, 62,109,134,320
3, 511,312,4137,4562
3, 510,312,4126,4550
3, 510,311,4123,4547
3, 509,311,4119,4542
3, 509,311,4115,4539
3, 509,311,4112,4535
Light Source Color - OFF	 , 08/05/2024,15:00:21
4, 509,311,4110,4533
4, 62,109,134,320
4, 62,109,134,320
4, 62,109,134,320
4, 62,109,134,320
4, 62,109,134,320
4, 62,109,134,320
Light Source Color - GREEN	 , 08/05/2024,15:00:27
5, 62,109,134,320
5, 926,2508,497,3985
5, 925,2506,497,3982
5, 924,2505,497,3980
5, 924,2504,497,3979
5, 924,2505,497,3980
5, 924,2505,497,3980
Light Source Color - OFF	 , 08/05/2024,15:00:34
6, 924,2504,497,3979
6, 62,109,134,320
6, 62,109,134,320
6, 62,109,134,320
6, 62,109,134,320
6, 62,109,134,320
6, 62,109,134,320
Light Source Color - BLUE	 , 08/05/2024,15:00:40
7, 62,109,134,320
7, 2787,1007,171,3862
7, 2788,1007,171,3864
7, 2788,1008,171,3864
7, 2787,1007,171,3863
7, 2785,1007,171,3862
7, 2784,1007,171,3860
Light Source Color - OFF	 , 08/05/2024,15:00:46
8, 2603,947,168,3625
8, 62,109,134,320
8, 62,109,134,320
8, 62,109,134,320
8, 62,109,134,320
8, 62,109,134,320
8, 62,109,134,320
Light Source Color - WHITE	 , 08/05/2024,15:00:52
9, 62,109,134,320
9, 3807,3419,4482,11245
9, 3799,3414,4447,11199
9, 3795,3412,4428,11174
9, 3795,3413,4421,11168
9, 3793,3412,4408,11154
9, 3790,3411,4397,11139
Light Source Color - OFF	 , 08/05/2024,15:00:59
10, 3788,3409,4388,11126
10, 62,109,134,320
10, 62,109,134,320
10, 62,109,134,320
10, 62,109,134,320
10, 62,109,134,320
10, 62,109,134,320
Light Source Color - RED	 , 08/05/2024,15:01:05
11, 62,109,134,320
11, 509,311,4117,4541
11, 509,311,4112,4535
11, 508,311,4105,4528
11, 508,310,4101,4523
11, 508,310,4098,4520
11, 508,310,4096,4517
Light Source Color - OFF	 , 08/05/2024,15:01:11
12, 508,310,4095,4516
12, 62,109,134,320
12, 62,109,134,320
12, 62,109,134,320
12, 62,109,134,320
12, 62,109,134,320
12, 62,109,134,320
Light Source Color - GREEN	 , 08/05/2024,15:01:18
13, 62,109,134,320
13, 925,2506,497,3982
13, 924,2505,497,3979
13, 924,2503,497,3978
13, 924,2504,497,3979
13, 924,2504,497,3978
13, 923,2503,497,3978
Light Source Color - OFF	 , 08/05/2024,15:01:24
14, 923,2503,497,3977
14, 62,109,134,320
14, 62,109,134,320
14, 62,109,134,320
14, 62,109,134,320
14, 62,109,134,320
14, 62,109,134,320
Light Source Color - BLUE	 , 08/05/2024,15:01:30
15, 277,180,137,599
15, 2789,1008,171,3866
15, 2788,1008,171,3865
15, 2787,1008,171,3864
15, 2786,1008,171,3862
15, 2784,1007,171,3860
15, 2787,1008,171,3864
Light Source Color - OFF	 , 08/05/2024,15:01:37
