B_540ms_1x_0  :  Time_540ms. Gain_1x
Light Source Color - OFF
N,P,K,C
0, 68,118,145,346
0, 68,118,145,346
0, 68,118,145,346
0, 68,118,145,346
0, 68,118,145,346
Light Source Color - WHITE	 , 08/05/2024,14:58:08
1, 68,118,145,346
1, 4107,3689,4866,12161
1, 4098,3684,4826,12109
1, 4094,3682,4804,12082
1, 4095,3684,4796,12077
1, 4093,3683,4782,12060
Light Source Color - OFF	 , 08/05/2024,14:58:14
2, 4090,3681,4769,12043
2, 67,117,144,345
2, 67,118,144,345
2, 67,118,144,346
2, 67,118,144,346
2, 67,118,144,345
Light Source Color - RED	 , 08/05/2024,14:58:20
3, 68,118,144,346
3, 553,338,4477,4937
3, 552,337,4462,4921
3, 551,336,4455,4913
3, 551,336,4453,4911
3, 551,336,4449,4907
Light Source Color - OFF	 , 08/05/2024,14:58:25
4, 550,336,4446,4903
4, 67,118,144,345
4, 67,118,144,346
4, 68,118,145,346
4, 67,118,144,346
4, 67,118,144,346
Light Source Color - GREEN	 , 08/05/2024,14:58:31
5, 145,333,177,675
5, 1001,2710,537,4305
5, 1000,2708,537,4302
5, 999,2707,537,4300
5, 998,2706,537,4301
5, 999,2707,537,4301
Light Source Color - OFF	 , 08/05/2024,14:58:37
6, 998,2706,537,4300
6, 67,118,144,345
6, 67,118,144,346
6, 67,118,145,346
6, 68,118,145,346
6, 67,118,144,346
Light Source Color - BLUE	 , 08/05/2024,14:58:42
7, 67,118,144,346
7, 3011,1088,185,4173
7, 3010,1088,185,4173
7, 3009,1088,185,4171
7, 3008,1088,185,4170
7, 3010,1089,185,4173
Light Source Color - OFF	 , 08/05/2024,14:58:48
8, 3009,1089,185,4172
8, 67,118,144,346
8, 67,118,144,346
8, 68,118,145,346
8, 68,118,145,346
8, 67,118,145,346
Light Source Color - WHITE	 , 08/05/2024,14:58:54
9, 67,118,144,346
9, 3807,3424,4506,11274
9, 4099,3686,4810,12094
9, 4093,3683,4786,12063
9, 4089,3680,4769,12041
9, 4089,3681,4763,12035
Light Source Color - OFF	 , 08/05/2024,14:58:59
10, 4088,3681,4751,12023
10, 67,117,144,345
10, 67,118,144,345
10, 67,118,144,346
10, 68,118,145,346
10, 68,118,145,346
Light Source Color - RED	 , 08/05/2024,14:59:05
11, 67,118,145,346
11, 551,336,4452,4910
11, 550,336,4446,4903
11, 550,336,4439,4895
11, 549,335,4434,4891
11, 549,335,4431,4887
Light Source Color - OFF	 , 08/05/2024,14:59:11
12, 549,335,4430,4886
12, 67,118,145,346
12, 67,118,145,346
12, 67,118,145,346
12, 68,118,145,346
12, 68,118,145,346
Light Source Color - GREEN	 , 08/05/2024,14:59:16
13, 68,118,145,346
13, 1000,2708,537,4303
13, 999,2708,537,4302
13, 999,2707,538,4301
13, 998,2707,538,4300
13, 998,2706,537,4299
Light Source Color - OFF	 , 08/05/2024,14:59:22
14, 998,2706,538,4300
14, 67,118,145,346
14, 68,118,145,346
14, 67,118,145,346
14, 68,118,145,346
14, 68,118,145,346
Light Source Color - BLUE	 , 08/05/2024,14:59:27
15, 68,118,145,346
15, 3011,1088,185,4173
15, 3008,1088,185,4171
15, 3011,1089,185,4175
15, 3010,1089,185,4173
15, 3009,1089,185,4172
Light Source Color - OFF	 , 08/05/2024,14:59:33
