B_600ms_1x_0  :  Time_600ms. Gain_1x
Light Source Color - OFF
N,P,K,C
0, 75,131,160,384
0, 75,131,160,384
0, 75,131,160,384
0, 75,131,160,384
0, 75,131,160,384
Light Source Color - WHITE	 , 08/05/2024,14:56:17
1, 75,131,160,384
1, 4494,4049,5416,13402
1, 4488,4045,5394,13372
1, 4477,4039,5364,13326
1, 4473,4037,5344,13302
1, 4479,4042,5337,13306
Light Source Color - OFF	 , 08/05/2024,14:56:23
2, 4482,4044,5322,13297
2, 75,130,160,383
2, 75,130,160,383
2, 75,130,160,383
2, 75,130,160,383
2, 75,130,160,384
Light Source Color - RED	 , 08/05/2024,14:56:29
3, 75,131,160,384
3, 615,376,4993,5506
3, 615,376,4984,5496
3, 614,375,4975,5486
3, 614,375,4969,5480
3, 613,375,4967,5477
Light Source Color - OFF	 , 08/05/2024,14:56:35
4, 613,374,4963,5473
4, 75,130,160,383
4, 75,130,160,383
4, 75,131,160,384
4, 75,130,160,384
4, 75,131,160,384
Light Source Color - GREEN	 , 08/05/2024,14:56:41
5, 75,131,160,384
5, 1109,3004,595,4772
5, 1108,3002,595,4769
5, 1108,3003,596,4770
5, 1108,3002,596,4769
5, 1107,3001,596,4768
Light Source Color - OFF	 , 08/05/2024,14:56:47
6, 1107,3002,596,4769
6, 75,130,160,383
6, 75,130,160,383
6, 75,131,160,384
6, 75,131,160,384
6, 75,130,160,384
Light Source Color - BLUE	 , 08/05/2024,14:56:53
7, 75,131,160,384
7, 3331,1203,205,4617
7, 3328,1203,205,4614
7, 3330,1204,205,4616
7, 3329,1204,205,4616
7, 3328,1203,205,4614
Light Source Color - OFF	 , 08/05/2024,14:56:59
8, 3329,1204,205,4616
8, 75,131,160,384
8, 75,131,160,384
8, 75,131,160,384
8, 75,131,160,384
8, 75,131,160,384
Light Source Color - WHITE	 , 08/05/2024,14:57:04
9, 75,131,160,384
9, 4511,4062,5395,13413
9, 4503,4058,5347,13356
9, 4502,4058,5333,13341
9, 4500,4057,5312,13318
9, 4495,4055,5295,13296
Light Source Color - OFF	 , 08/05/2024,14:57:11
10, 4236,3827,4986,12533
10, 75,130,160,383
10, 75,130,160,383
10, 75,130,160,383
10, 75,131,160,384
10, 75,130,160,384
Light Source Color - RED	 , 08/05/2024,14:57:17
11, 75,130,160,383
11, 609,373,4928,5437
11, 612,374,4949,5458
11, 611,373,4941,5449
11, 611,373,4938,5447
11, 611,373,4934,5442
Light Source Color - OFF	 , 08/05/2024,14:57:23
12, 611,373,4931,5438
12, 111,147,485,728
12, 75,131,160,384
12, 75,131,160,384
12, 75,131,160,384
12, 75,131,160,384
Light Source Color - GREEN	 , 08/05/2024,14:57:29
13, 75,131,160,384
13, 966,2607,536,4166
13, 1108,3003,596,4772
13, 1107,3002,596,4769
13, 1107,3002,596,4769
13, 1107,3001,596,4769
Light Source Color - OFF	 , 08/05/2024,14:57:34
14, 1106,3001,596,4767
14, 277,693,246,1243
14, 75,131,160,384
14, 75,131,160,384
14, 75,131,160,384
14, 75,131,160,384
Light Source Color - BLUE	 , 08/05/2024,14:57:40
15, 75,131,160,384
15, 3332,1205,205,4619
15, 3335,1206,205,4624
15, 3336,1207,205,4625
15, 3334,1206,205,4623
15, 3337,1207,205,4627
Light Source Color - OFF	 , 08/05/2024,14:57:46
