B_614ms_1x_0  :  Time_614ms. Gain_1x
Light Source Color - OFF
N,P,K,C
0, 77,133,164,392
0, 77,133,164,392
0, 77,133,163,391
0, 77,133,163,391
0, 77,133,164,392
Light Source Color - WHITE	 , 08/05/2024,14:54:02
1, 77,133,163,391
1, 3556,3237,4495,10839
1, 4497,4070,5557,13556
1, 4495,4070,5528,13527
1, 4507,4079,5518,13539
1, 4527,4094,5501,13556
Light Source Color - OFF	 , 08/05/2024,14:54:08
2, 4532,4098,5485,13550
2, 1094,1039,1379,3397
2, 77,133,163,391
2, 77,133,163,391
2, 77,133,163,391
2, 77,133,163,391
Light Source Color - RED	 , 08/05/2024,14:54:14
3, 77,133,163,391
3, 516,333,4102,4567
3, 632,386,5138,5665
3, 631,385,5128,5654
3, 631,385,5124,5650
3, 631,385,5119,5644
Light Source Color - OFF	 , 08/05/2024,14:54:20
4, 630,385,5114,5639
4, 167,174,976,1252
4, 77,133,163,391
4, 77,133,163,391
4, 77,133,163,391
4, 77,133,163,391
Light Source Color - GREEN	 , 08/05/2024,14:54:26
5, 77,133,163,391
5, 994,2683,549,4285
5, 1131,3064,607,4867
5, 1130,3062,607,4864
5, 1130,3063,607,4865
5, 1130,3063,608,4865
Light Source Color - OFF	 , 08/05/2024,14:54:32
6, 1129,3061,607,4863
6, 168,387,202,778
6, 77,133,163,391
6, 77,133,163,391
6, 77,133,163,391
6, 77,133,164,392
Light Source Color - BLUE	 , 08/05/2024,14:54:38
7, 77,133,164,392
7, 3178,1155,206,4424
7, 3364,1217,209,4667
7, 3366,1218,209,4669
7, 3371,1220,209,4675
7, 3357,1215,208,4657
Light Source Color - OFF	 , 08/05/2024,14:54:44
8, 3348,1213,208,4646
8, 124,149,164,454
8, 77,133,164,392
8, 77,133,164,391
8, 77,133,164,392
8, 77,133,164,392
Light Source Color - WHITE	 , 08/05/2024,14:54:50
9, 177,223,287,691
9, 4454,4041,5538,13467
9, 4470,4055,5486,13447
9, 4491,4071,5462,13460
9, 4489,4069,5452,13447
9, 4468,4056,5433,13395
Light Source Color - OFF	 , 08/05/2024,14:54:56
10, 4529,4097,5410,13476
10, 77,133,163,391
10, 77,133,164,391
10, 77,133,163,391
10, 77,133,164,392
10, 77,133,164,392
Light Source Color - RED	 , 08/05/2024,14:55:02
11, 95,142,330,568
11, 629,384,5103,5627
11, 628,383,5083,5605
11, 627,383,5074,5596
11, 627,383,5072,5593
11, 627,382,5067,5588
Light Source Color - OFF	 , 08/05/2024,14:55:09
12, 588,365,4722,5222
12, 77,133,164,392
12, 77,133,164,392
12, 77,133,164,392
12, 77,133,164,392
12, 77,133,164,392
Light Source Color - GREEN	 , 08/05/2024,14:55:15
13, 197,133,164,392
13, 1131,3064,608,4868
13, 1129,3062,608,4864
13, 1129,3062,608,4864
13, 1129,3062,608,4864
13, 1128,3061,608,4863
Light Source Color - OFF	 , 08/05/2024,14:55:21
14, 1128,3061,608,4863
14, 77,133,164,392
14, 77,133,164,392
14, 77,133,164,392
14, 77,134,164,392
14, 77,133,164,392
Light Source Color - BLUE	 , 08/05/2024,14:55:27
15, 77,133,164,392
15, 3389,1226,209,4700
15, 3386,1226,209,4696
15, 3387,1226,209,4698
15, 3386,1226,209,4697
15, 3384,1226,209,4694
Light Source Color - OFF	 , 08/05/2024,14:55:33
