BLACK_614ms_60x_0  :  Time_614ms. Gain_60x
Light Source Color - OFF
N,P,K,C
0, 4708,8168,10039,24011
0, 4709,8168,10039,24012
0, 4707,8165,10035,24001
0, 4706,8163,10032,23998
Light Source Color - WHITE	 , 08/05/2024,19:26:06
1, 4704,8161,10030,23987
1, 65535,65535,65535,65535
1, 65535,65535,65535,65535
1, 65535,65535,65535,65535
1, 65535,65535,65535,65535
1, 65535,65535,65535,65535
Light Source Color - OFF	 , 08/05/2024,19:26:13
2, 65535,65535,65535,65535
2, 4698,8150,10017,23952
2, 4702,8155,10025,23970
2, 4700,8154,10024,23965
2, 4701,8155,10023,23967
2, 4705,8160,10031,23985
Light Source Color - RED	 , 08/05/2024,19:26:19
3, 4704,8161,10031,23985
3, 13112,12063,65535,65535
3, 13093,12044,65535,65535
3, 13082,12034,65535,65535
3, 13083,12038,65535,65535
3, 13079,12036,65535,65535
Light Source Color - OFF	 , 08/05/2024,19:26:26
4, 13072,12030,65535,65535
4, 4701,8154,10022,23965
4, 4701,8153,10022,23965
4, 4703,8158,10027,23977
4, 4704,8159,10029,23982
4, 4703,8159,10028,23977
Light Source Color - GREEN	 , 08/05/2024,19:26:33
5, 4702,8156,10027,23971
5, 31530,65535,20347,65535
5, 31528,65535,20341,65535
5, 31506,65535,20331,65535
5, 31487,65535,20324,65535
5, 31469,65535,20314,65535
Light Source Color - OFF	 , 08/05/2024,19:26:39
6, 30659,65535,20002,65535
6, 4702,8156,10025,23971
6, 4703,8159,10030,23982
6, 4703,8159,10028,23977
6, 4702,8158,10027,23973
6, 4700,8154,10031,23978
Light Source Color - BLUE	 , 08/05/2024,19:26:46
7, 4705,8162,10032,23988
7, 65535,39523,11321,65535
7, 65535,39520,11315,65535
7, 65535,39507,11310,65535
7, 65535,39491,11306,65535
7, 65535,39546,11317,65535
Light Source Color - OFF	 , 08/05/2024,19:26:52
8, 65535,39534,11314,65535
8, 4703,8158,10029,23975
8, 4703,8158,10028,23979
8, 4701,8155,10025,23967
8, 4705,8162,10033,23986
8, 4705,8162,10033,23988
Light Source Color - WHITE	 , 08/05/2024,19:26:59
9, 4703,8160,10029,23977
9, 65535,65535,65535,65535
9, 65535,65535,65535,65535
9, 65535,65535,65535,65535
9, 65535,65535,65535,65535
9, 65535,65535,65535,65535
Light Source Color - OFF	 , 08/05/2024,19:27:05
10, 65535,65535,65535,65535
10, 4695,8146,10011,23939
10, 4700,8154,10019,23960
10, 4703,8157,10024,23974
10, 4702,8157,10023,23970
10, 4702,8155,10023,23971
Light Source Color - RED	 , 08/05/2024,19:27:12
11, 5917,8719,21275,35844
11, 13100,12053,65535,65535
11, 13077,12035,65535,65535
11, 13064,12024,65535,65535
11, 13059,12014,65535,65535
11, 13064,12021,65535,65535
Light Source Color - OFF	 , 08/05/2024,19:27:19
12, 13060,12016,65535,65535
12, 4702,8156,10023,23975
12, 4702,8156,10024,23973
12, 4701,8156,10021,23971
12, 4704,8160,10027,23983
12, 4703,8159,10026,23981
Light Source Color - GREEN	 , 08/05/2024,19:27:25
13, 4703,8158,10025,23981
13, 31474,65535,20313,65535
13, 31442,65535,20297,65535
13, 31444,65535,20297,65535
13, 31428,65535,20288,65535
13, 31418,65535,20288,65535
Light Source Color - OFF	 , 08/05/2024,19:27:32
14, 31409,65535,20276,65535
14, 4701,8156,10024,23969
14, 4700,8155,10021,23966
14, 4705,8163,10028,23987
14, 4704,8159,10028,23985
14, 4701,8157,10024,23979
Light Source Color - BLUE	 , 08/05/2024,19:27:38
15, 4701,8155,10024,23975
15, 65535,39421,11291,65535
15, 65535,39458,11303,65535
15, 65535,39458,11299,65535
15, 65535,39449,11295,65535
15, 65535,39438,11287,65535
Light Source Color - OFF	 , 08/05/2024,19:27:45
