BLACK_420ms_1x_0  :  Time_420ms. Gain_1x
Light Source Color - OFF
N,P,K,C
0, 52,91,111,267
0, 52,91,111,266
0, 52,91,111,266
0, 52,91,111,266
0, 52,91,111,266
Light Source Color - WHITE	 , 08/05/2024,19:10:42
1, 52,91,111,266
1, 1395,1217,1084,3626
1, 1390,1214,1074,3609
1, 1389,1214,1071,3604
1, 1388,1213,1068,3600
1, 1388,1213,1066,3597
1, 1387,1213,1064,3595
Light Source Color - OFF	 , 08/05/2024,19:10:49
2, 1387,1213,1062,3593
2, 52,91,111,266
2, 52,91,111,266
2, 52,91,111,266
2, 52,91,111,266
2, 52,91,111,266
2, 52,91,111,266
Light Source Color - RED	 , 08/05/2024,19:10:55
3, 52,91,111,266
3, 145,134,969,1177
3, 145,133,966,1174
3, 145,133,964,1172
3, 144,133,964,1171
3, 144,133,963,1170
3, 144,133,963,1170
Light Source Color - OFF	 , 08/05/2024,19:11:01
4, 144,133,962,1169
4, 52,91,111,266
4, 52,91,111,266
4, 52,91,111,266
4, 52,91,111,266
4, 52,91,111,266
4, 52,91,111,266
Light Source Color - GREEN	 , 08/05/2024,19:11:07
5, 52,91,111,266
5, 349,901,223,1517
5, 348,901,223,1517
5, 348,901,223,1516
5, 348,900,223,1515
5, 348,900,223,1515
5, 348,900,223,1515
Light Source Color - OFF	 , 08/05/2024,19:11:14
6, 348,900,223,1515
6, 52,91,111,266
6, 52,91,111,266
6, 52,91,111,266
6, 52,91,111,266
6, 52,91,111,266
6, 52,91,111,266
Light Source Color - BLUE	 , 08/05/2024,19:11:20
7, 52,91,111,266
7, 1126,437,124,1667
7, 1126,437,124,1667
7, 1126,437,124,1667
7, 1125,436,124,1665
7, 1125,436,124,1665
7, 1125,436,124,1665
Light Source Color - OFF	 , 08/05/2024,19:11:26
8, 1125,436,124,1665
8, 52,91,111,266
8, 52,91,111,266
8, 52,91,111,266
8, 52,91,111,266
8, 52,91,111,266
8, 52,91,111,266
Light Source Color - WHITE	 , 08/05/2024,19:11:32
9, 52,91,111,266
9, 1393,1216,1078,3618
9, 1391,1215,1072,3608
9, 1390,1214,1068,3603
9, 1389,1214,1065,3600
9, 1387,1212,1062,3592
9, 1386,1212,1060,3589
Light Source Color - OFF	 , 08/05/2024,19:11:39
10, 1386,1212,1058,3587
10, 52,91,110,266
10, 52,91,111,266
10, 52,91,111,266
10, 52,91,111,266
10, 52,91,111,266
10, 52,91,111,266
Light Source Color - RED	 , 08/05/2024,19:11:45
11, 52,91,111,266
11, 145,133,965,1173
11, 144,133,963,1170
11, 144,133,962,1169
11, 144,133,961,1168
11, 144,133,960,1167
11, 144,133,959,1166
Light Source Color - OFF	 , 08/05/2024,19:11:51
12, 144,133,959,1166
12, 52,91,111,266
12, 52,91,111,266
12, 52,91,111,266
12, 52,91,111,266
12, 52,91,111,266
12, 52,91,111,266
Light Source Color - GREEN	 , 08/05/2024,19:11:57
13, 52,91,111,266
13, 348,901,223,1516
13, 348,900,223,1516
13, 348,900,223,1516
13, 348,900,223,1516
13, 348,900,223,1515
13, 347,899,223,1514
Light Source Color - OFF	 , 08/05/2024,19:12:04
14, 347,899,223,1514
14, 52,91,111,266
14, 52,91,111,266
14, 52,91,111,266
14, 52,91,111,266
14, 52,91,111,266
14, 52,91,111,266
Light Source Color - BLUE	 , 08/05/2024,19:12:10
15, 52,91,111,266
15, 1126,437,124,1667
15, 1126,437,124,1667
15, 1126,437,124,1667
15, 1126,437,124,1667
15, 1126,437,124,1667
15, 1126,437,124,1667
Light Source Color - OFF	 , 08/05/2024,19:12:16
