BLACK_180ms_1x_0  :  Time_180ms. Gain_1x
Light Source Color - OFF
N,P,K,C
0, 22,39,48,114
0, 22,39,47,114
0, 22,39,47,114
0, 22,39,47,114
0, 22,39,47,114
0, 22,39,47,114
0, 22,39,47,114
Light Source Color - WHITE	 , 08/05/2024,18:59:36
1, 346,310,284,926
1, 598,522,466,1556
1, 597,521,464,1552
1, 597,521,462,1551
1, 597,521,461,1549
1, 596,521,460,1548
1, 596,521,459,1547
1, 596,521,459,1546
1, 596,520,458,1545
Light Source Color - OFF	 , 08/05/2024,18:59:42
2, 596,520,457,1544
2, 22,39,47,114
2, 22,39,47,114
2, 22,39,47,114
2, 22,39,47,114
2, 22,39,47,114
2, 22,39,47,114
2, 22,39,47,114
2, 22,39,47,114
Light Source Color - RED	 , 08/05/2024,18:59:48
3, 22,39,47,114
3, 62,57,417,506
3, 62,57,416,506
3, 62,57,416,505
3, 62,57,416,505
3, 62,57,415,504
3, 62,57,415,504
3, 62,57,415,504
3, 62,57,415,504
Light Source Color - OFF	 , 08/05/2024,18:59:54
4, 37,45,181,255
4, 22,39,47,114
4, 22,39,47,114
4, 22,39,47,114
4, 22,39,47,114
4, 22,39,47,114
4, 22,39,47,114
4, 22,39,47,114
4, 22,39,47,114
Light Source Color - GREEN	 , 08/05/2024,19:00:00
5, 79,193,69,353
5, 150,387,96,651
5, 149,386,96,651
5, 149,386,96,650
5, 149,386,96,650
5, 149,386,96,650
5, 149,386,96,650
5, 149,386,96,650
5, 149,386,96,650
Light Source Color - OFF	 , 08/05/2024,19:00:06
6, 149,386,96,650
6, 22,39,47,114
6, 22,39,47,114
6, 22,39,47,114
6, 22,39,47,114
6, 22,39,47,114
6, 22,39,47,114
6, 22,39,47,114
6, 22,39,47,114
Light Source Color - BLUE	 , 08/05/2024,19:00:11
7, 338,140,51,526
7, 483,187,53,715
7, 483,187,53,715
7, 483,187,53,714
7, 483,187,53,714
7, 483,187,53,714
7, 483,187,53,714
7, 483,187,53,714
7, 483,187,53,714
Light Source Color - OFF	 , 08/05/2024,19:00:17
8, 240,109,50,398
8, 22,39,47,114
8, 22,39,47,114
8, 22,39,47,114
8, 22,39,47,114
8, 22,39,47,114
8, 22,39,47,114
8, 22,39,47,114
8, 22,39,47,114
Light Source Color - WHITE	 , 08/05/2024,19:00:23
9, 226,210,196,625
9, 598,522,464,1554
9, 597,521,462,1550
9, 597,521,460,1549
9, 597,521,459,1547
9, 596,521,458,1546
9, 596,521,458,1545
9, 596,520,457,1543
9, 596,520,456,1543
Light Source Color - OFF	 , 08/05/2024,19:00:29
10, 595,520,455,1542
10, 22,39,47,114
10, 22,39,47,114
10, 22,39,47,114
10, 22,39,47,114
10, 22,39,47,114
10, 22,39,47,114
10, 22,39,47,114
10, 22,39,47,114
Light Source Color - RED	 , 08/05/2024,19:00:35
11, 45,50,262,342
11, 62,57,415,505
11, 62,57,415,504
11, 62,57,414,503
11, 62,57,414,503
11, 62,57,414,503
11, 62,57,413,502
11, 62,57,413,502
11, 62,57,413,502
Light Source Color - OFF	 , 08/05/2024,19:00:40
12, 48,51,285,366
12, 22,39,47,114
12, 22,39,47,114
12, 22,39,47,114
12, 22,39,47,114
12, 22,39,47,114
12, 22,39,47,114
12, 22,39,47,114
12, 22,39,47,114
Light Source Color - GREEN	 , 08/05/2024,19:00:46
13, 37,79,53,176
13, 149,386,96,650
13, 149,386,96,650
13, 149,386,96,650
13, 149,386,96,650
13, 149,386,96,650
13, 149,386,96,650
13, 149,386,96,650
13, 149,386,96,650
Light Source Color - OFF	 , 08/05/2024,19:00:52
14, 71,172,66,319
14, 22,39,47,114
14, 22,39,47,114
14, 22,39,47,114
14, 22,39,47,114
14, 22,39,47,114
14, 22,39,47,114
14, 22,39,47,114
14, 22,39,47,114
Light Source Color - BLUE	 , 08/05/2024,19:00:58
15, 238,108,50,396
15, 483,187,53,715
15, 483,187,53,714
15, 483,187,53,714
15, 483,187,53,714
15, 483,187,53,714
15, 482,187,53,714
15, 482,187,53,714
15, 482,187,53,714
Light Source Color - OFF	 , 08/05/2024,19:01:04
