BLACK_360ms_1x_0  :  Time_360ms. Gain_1x
Light Source Color - OFF
N,P,K,C
0, 45,78,95,229
0, 45,78,95,228
0, 45,78,95,228
0, 45,78,95,228
0, 45,78,95,228
0, 45,78,95,228
Light Source Color - WHITE	 , 08/05/2024,19:06:57
1, 45,78,95,228
1, 1199,1045,927,3111
1, 1181,1033,922,3076
1, 1182,1035,919,3077
1, 1181,1034,916,3072
1, 1182,1034,914,3071
1, 1182,1035,912,3070
Light Source Color - OFF	 , 08/05/2024,19:07:03
2, 1171,1026,903,3041
2, 45,78,95,228
2, 45,78,95,228
2, 45,78,95,228
2, 45,78,95,228
2, 45,78,95,228
2, 45,78,95,228
Light Source Color - RED	 , 08/05/2024,19:07:09
3, 45,78,95,228
3, 124,115,831,1009
3, 124,114,828,1006
3, 124,114,827,1005
3, 124,114,827,1005
3, 124,114,826,1004
3, 124,114,826,1004
Light Source Color - OFF	 , 08/05/2024,19:07:14
4, 124,114,825,1003
4, 45,78,95,228
4, 45,78,95,228
4, 45,78,95,228
4, 45,78,95,228
4, 45,78,95,228
4, 45,78,95,228
Light Source Color - GREEN	 , 08/05/2024,19:07:20
5, 103,238,117,475
5, 298,772,191,1299
5, 298,772,191,1299
5, 298,771,191,1298
5, 298,771,191,1298
5, 298,771,191,1299
5, 298,771,191,1299
Light Source Color - OFF	 , 08/05/2024,19:07:26
6, 298,771,191,1298
6, 45,78,95,228
6, 45,78,95,228
6, 45,78,95,228
6, 45,78,95,228
6, 45,78,95,228
6, 45,78,95,228
Light Source Color - BLUE	 , 08/05/2024,19:07:32
7, 45,78,95,228
7, 963,373,106,1426
7, 963,374,106,1426
7, 963,374,106,1426
7, 964,374,106,1427
7, 963,374,106,1425
7, 963,374,106,1426
Light Source Color - OFF	 , 08/05/2024,19:07:38
8, 682,283,103,1059
8, 45,78,95,228
8, 45,78,95,228
8, 45,78,95,228
8, 45,78,95,228
8, 45,78,95,228
8, 45,78,95,228
Light Source Color - WHITE	 , 08/05/2024,19:07:44
9, 101,125,136,369
9, 1189,1039,924,3092
9, 1188,1038,920,3086
9, 1186,1037,915,3078
9, 1185,1037,913,3076
9, 1185,1037,911,3074
9, 1184,1036,909,3070
Light Source Color - OFF	 , 08/05/2024,19:07:49
10, 1183,1036,908,3068
10, 45,78,95,228
10, 45,78,95,228
10, 45,78,95,228
10, 45,78,95,228
10, 45,78,95,228
10, 45,78,95,228
Light Source Color - RED	 , 08/05/2024,19:07:55
11, 75,78,95,228
11, 124,114,827,1005
11, 124,114,826,1004
11, 124,114,825,1003
11, 124,114,824,1002
11, 124,114,824,1001
11, 124,114,823,1001
Light Source Color - OFF	 , 08/05/2024,19:08:01
12, 115,110,745,918
12, 45,78,95,228
12, 45,78,95,228
12, 45,78,95,228
12, 45,78,95,228
12, 45,78,95,228
12, 45,78,95,228
Light Source Color - GREEN	 , 08/05/2024,19:08:07
13, 45,78,95,228
13, 298,772,191,1300
13, 298,771,191,1298
13, 298,771,191,1298
13, 298,771,191,1298
13, 298,771,191,1298
13, 298,771,191,1297
Light Source Color - OFF	 , 08/05/2024,19:08:13
14, 298,771,191,1298
14, 45,78,95,228
14, 45,78,95,228
14, 45,78,95,228
14, 45,78,95,228
14, 45,78,95,228
14, 45,78,95,228
Light Source Color - BLUE	 , 08/05/2024,19:08:19
15, 214,132,97,448
15, 964,374,106,1427
15, 964,374,106,1427
15, 963,374,106,1426
15, 963,374,106,1426
15, 963,374,106,1427
15, 964,374,106,1427
Light Source Color - OFF	 , 08/05/2024,19:08:24
