BLACK_154ms_1x_0  :  Time_154ms. Gain_1x
Light Source Color - OFF
N,P,K,C
0, 19,33,41,98
0, 19,33,41,97
0, 19,33,41,97
0, 19,33,41,97
0, 19,33,41,97
0, 19,33,41,97
0, 19,33,41,97
0, 19,33,41,97
Light Source Color - WHITE	 , 08/05/2024,18:57:55
1, 401,353,323,1059
1, 509,444,400,1328
1, 509,444,398,1325
1, 509,444,397,1324
1, 509,444,396,1323
1, 508,444,395,1322
1, 508,444,394,1321
1, 508,444,394,1320
1, 508,444,393,1319
Light Source Color - OFF	 , 08/05/2024,18:58:00
2, 358,318,285,946
2, 19,33,40,97
2, 19,33,40,97
2, 19,33,40,97
2, 19,33,40,97
2, 19,33,40,97
2, 19,33,40,97
2, 19,33,40,97
2, 19,33,40,97
Light Source Color - RED	 , 08/05/2024,18:58:06
3, 27,37,118,180
3, 53,49,358,434
3, 53,49,357,434
3, 53,49,357,433
3, 53,49,357,433
3, 53,49,356,433
3, 53,49,356,433
3, 53,49,356,432
3, 53,49,356,432
Light Source Color - OFF	 , 08/05/2024,18:58:12
4, 46,45,288,360
4, 19,33,40,97
4, 19,33,40,97
4, 19,33,40,97
4, 19,33,40,97
4, 19,33,40,97
4, 19,33,40,97
4, 19,33,40,97
4, 19,33,40,97
Light Source Color - GREEN	 , 08/05/2024,18:58:17
5, 41,93,49,190
5, 128,330,82,555
5, 128,330,82,555
5, 128,330,82,555
5, 127,330,82,555
5, 127,330,82,555
5, 127,330,82,555
5, 127,330,82,555
5, 127,330,82,555
Light Source Color - OFF	 , 08/05/2024,18:58:23
6, 47,109,51,214
6, 19,33,40,97
6, 19,33,40,97
6, 19,33,40,97
6, 19,33,40,97
6, 19,33,40,97
6, 19,33,40,97
6, 19,33,40,97
6, 19,33,41,97
Light Source Color - BLUE	 , 08/05/2024,18:58:28
7, 298,123,44,461
7, 412,159,45,610
7, 412,159,45,610
7, 412,159,45,610
7, 412,160,45,610
7, 412,160,45,609
7, 412,160,45,609
7, 412,159,45,609
7, 412,159,45,609
Light Source Color - OFF	 , 08/05/2024,18:58:34
8, 143,73,42,259
8, 19,33,40,97
8, 19,33,40,97
8, 19,33,40,97
8, 19,33,40,97
8, 19,33,41,97
8, 19,33,41,97
8, 19,33,41,97
8, 19,33,41,97
Light Source Color - WHITE	 , 08/05/2024,18:58:39
9, 347,308,280,919
9, 509,444,397,1325
9, 509,444,395,1323
9, 508,444,394,1321
9, 508,444,393,1320
9, 508,444,393,1319
9, 508,444,392,1318
9, 508,444,391,1317
9, 508,444,391,1317
Light Source Color - OFF	 , 08/05/2024,18:58:45
10, 426,375,332,1113
10, 19,33,40,97
10, 19,33,40,97
10, 19,33,40,97
10, 19,33,40,97
10, 19,33,40,97
10, 19,33,40,97
10, 19,33,40,97
10, 19,33,40,97
Light Source Color - RED	 , 08/05/2024,18:58:51
11, 23,35,77,137
11, 53,49,356,432
11, 53,49,355,431
11, 53,49,355,431
11, 53,49,355,431
11, 53,49,354,430
11, 53,49,354,430
11, 53,49,354,430
11, 53,49,354,430
Light Source Color - OFF	 , 08/05/2024,18:58:56
12, 50,47,325,399
12, 19,33,40,97
12, 19,33,40,97
12, 19,33,40,97
12, 19,33,40,97
12, 19,33,40,97
12, 19,33,40,97
12, 19,33,40,97
12, 19,33,40,97
Light Source Color - GREEN	 , 08/05/2024,18:59:02
13, 25,49,43,123
13, 128,330,82,555
13, 127,330,82,555
13, 127,330,82,555
13, 127,330,82,555
13, 127,330,82,555
13, 127,330,82,555
13, 127,329,82,555
13, 127,329,82,555
Light Source Color - OFF	 , 08/05/2024,18:59:07
14, 57,136,55,257
14, 19,33,40,97
14, 19,33,40,97
14, 19,33,40,97
14, 19,33,40,97
14, 19,33,40,97
14, 19,33,40,97
14, 19,33,40,97
14, 19,33,41,97
Light Source Color - BLUE	 , 08/05/2024,18:59:13
15, 238,104,43,383
15, 412,160,45,610
15, 412,160,45,610
15, 412,160,45,609
15, 412,160,45,610
15, 412,160,45,609
15, 412,160,45,609
15, 412,160,45,609
15, 412,160,45,609
Light Source Color - OFF	 , 08/05/2024,18:59:18
