BLACK_480ms_1x_0  :  Time_480ms. Gain_1x
Light Source Color - OFF
N,P,K,C
0, 60,104,127,305
0, 60,104,127,305
0, 60,104,127,305
0, 60,104,127,305
0, 60,104,127,305
Light Source Color - WHITE	 , 08/05/2024,19:12:37
1, 348,346,337,1027
1, 1593,1390,1233,4136
1, 1591,1389,1226,4126
1, 1589,1388,1222,4120
1, 1588,1387,1219,4116
1, 1590,1389,1217,4117
Light Source Color - OFF	 , 08/05/2024,19:12:42
2, 1526,1335,1170,3956
2, 59,103,126,304
2, 60,104,126,304
2, 60,104,126,304
2, 60,104,126,304
2, 60,104,126,304
Light Source Color - RED	 , 08/05/2024,19:12:48
3, 60,104,126,304
3, 165,153,1105,1343
3, 165,152,1103,1340
3, 165,152,1101,1339
3, 165,152,1101,1338
3, 165,152,1100,1337
Light Source Color - OFF	 , 08/05/2024,19:12:54
4, 165,152,1099,1336
4, 60,104,126,304
4, 60,104,126,304
4, 60,104,126,304
4, 60,104,126,304
4, 60,104,126,304
Light Source Color - GREEN	 , 08/05/2024,19:13:00
5, 60,104,126,304
5, 398,1030,255,1734
5, 398,1029,255,1733
5, 398,1029,255,1732
5, 398,1029,255,1732
5, 398,1029,255,1732
Light Source Color - OFF	 , 08/05/2024,19:13:05
6, 398,1029,255,1732
6, 60,104,126,304
6, 60,104,126,304
6, 60,104,126,304
6, 60,104,126,304
6, 60,104,126,304
Light Source Color - BLUE	 , 08/05/2024,19:13:11
7, 60,104,126,304
7, 1287,499,142,1905
7, 1287,499,142,1905
7, 1286,499,142,1904
7, 1286,499,142,1904
7, 1286,499,142,1904
Light Source Color - OFF	 , 08/05/2024,19:13:17
8, 1286,499,142,1904
8, 60,104,126,304
8, 60,104,126,304
8, 60,104,126,304
8, 60,104,126,304
8, 60,104,126,304
Light Source Color - WHITE	 , 08/05/2024,19:13:23
9, 60,104,126,304
9, 1594,1391,1232,4137
9, 1591,1389,1224,4125
9, 1590,1388,1219,4118
9, 1588,1388,1215,4113
9, 1587,1387,1213,4108
Light Source Color - OFF	 , 08/05/2024,19:13:29
10, 1587,1387,1210,4105
10, 59,103,126,304
10, 60,103,126,304
10, 60,104,126,304
10, 60,104,126,304
10, 60,104,126,304
Light Source Color - RED	 , 08/05/2024,19:13:34
11, 60,104,126,304
11, 165,152,1103,1341
11, 165,152,1100,1337
11, 165,152,1098,1336
11, 165,152,1097,1334
11, 165,152,1097,1334
Light Source Color - OFF	 , 08/05/2024,19:13:40
12, 165,152,1096,1333
12, 60,104,126,304
12, 60,104,126,304
12, 60,104,126,304
12, 60,104,126,304
12, 60,104,126,304
Light Source Color - GREEN	 , 08/05/2024,19:13:46
13, 149,347,160,680
13, 398,1029,255,1732
13, 398,1029,255,1733
13, 398,1029,255,1733
13, 398,1029,255,1732
13, 398,1029,255,1732
Light Source Color - OFF	 , 08/05/2024,19:13:52
14, 359,922,240,1568
14, 60,103,126,304
14, 60,104,126,304
14, 60,104,126,304
14, 60,104,126,304
14, 60,104,127,304
Light Source Color - BLUE	 , 08/05/2024,19:13:57
15, 103,117,127,360
15, 1286,499,142,1904
15, 1286,499,142,1904
15, 1286,499,142,1904
15, 1286,499,142,1904
15, 1286,499,142,1903
Light Source Color - OFF	 , 08/05/2024,19:14:03
