BLACK_401ms_1x_0  :  Time_401ms. Gain_1x
Light Source Color - OFF
N,P,K,C
0, 50,87,106,254
0, 50,87,106,254
0, 50,87,106,254
0, 50,87,106,254
0, 50,87,106,254
Light Source Color - WHITE	 , 08/05/2024,19:08:51
1, 428,404,383,1203
1, 1326,1158,1033,3450
1, 1325,1157,1028,3443
1, 1324,1157,1024,3439
1, 1324,1157,1022,3436
1, 1323,1157,1020,3433
1, 1323,1157,1018,3431
Light Source Color - OFF	 , 08/05/2024,19:08:57
2, 1321,1155,1015,3425
2, 50,86,106,254
2, 50,86,106,254
2, 50,87,106,254
2, 50,86,106,254
2, 50,86,106,254
2, 50,87,106,254
Light Source Color - RED	 , 08/05/2024,19:09:04
3, 50,87,106,254
3, 138,128,926,1125
3, 138,127,923,1121
3, 138,127,922,1120
3, 138,127,921,1120
3, 138,127,921,1119
3, 138,127,920,1119
Light Source Color - OFF	 , 08/05/2024,19:09:10
4, 120,119,759,947
4, 50,86,106,254
4, 50,86,106,254
4, 50,87,106,254
4, 50,87,106,254
4, 50,87,106,254
4, 50,87,106,254
Light Source Color - GREEN	 , 08/05/2024,19:09:16
5, 50,86,106,254
5, 333,860,213,1448
5, 332,860,213,1448
5, 332,860,213,1447
5, 332,859,213,1446
5, 332,859,213,1446
5, 332,859,213,1446
Light Source Color - OFF	 , 08/05/2024,19:09:22
6, 332,859,213,1446
6, 50,86,106,254
6, 50,86,106,254
6, 50,86,106,254
6, 50,87,106,254
6, 50,87,106,254
6, 50,87,106,254
Light Source Color - BLUE	 , 08/05/2024,19:09:28
7, 176,127,107,418
7, 1074,416,118,1590
7, 1074,416,118,1590
7, 1074,417,118,1590
7, 1074,417,119,1590
7, 1074,417,119,1591
7, 1073,416,118,1589
Light Source Color - OFF	 , 08/05/2024,19:09:34
8, 1073,416,118,1589
8, 50,86,106,254
8, 50,87,106,254
8, 50,87,106,254
8, 50,86,106,254
8, 50,86,106,254
8, 50,87,106,254
Light Source Color - WHITE	 , 08/05/2024,19:09:40
9, 50,87,106,254
9, 1326,1158,1028,3445
9, 1324,1157,1023,3438
9, 1324,1157,1020,3434
9, 1323,1157,1017,3431
9, 1323,1157,1015,3429
9, 1323,1156,1013,3427
Light Source Color - OFF	 , 08/05/2024,19:09:46
10, 1280,1121,982,3319
10, 50,86,105,254
10, 50,86,106,254
10, 50,86,106,254
10, 50,86,106,254
10, 50,86,106,254
10, 50,86,106,254
Light Source Color - RED	 , 08/05/2024,19:09:52
11, 50,86,106,254
11, 138,127,922,1121
11, 138,127,920,1118
11, 138,127,918,1116
11, 138,127,918,1116
11, 138,127,917,1115
11, 138,127,917,1115
Light Source Color - OFF	 , 08/05/2024,19:09:59
12, 138,127,917,1114
12, 50,86,106,254
12, 50,86,106,254
12, 50,86,106,254
12, 50,86,106,254
12, 50,87,106,254
12, 50,87,106,254
Light Source Color - GREEN	 , 08/05/2024,19:10:05
13, 66,132,112,323
13, 332,860,213,1447
13, 332,859,213,1447
13, 332,859,213,1446
13, 332,859,213,1446
13, 332,858,213,1445
13, 332,858,213,1445
Light Source Color - OFF	 , 08/05/2024,19:10:11
14, 332,858,213,1445
14, 50,86,106,254
14, 50,86,106,254
14, 50,86,106,254
14, 50,86,106,254
14, 50,86,106,254
14, 50,86,106,254
Light Source Color - BLUE	 , 08/05/2024,19:10:17
15, 316,172,109,601
15, 1073,416,118,1588
15, 1073,416,118,1589
15, 1073,416,118,1589
15, 1073,416,118,1589
15, 1073,417,118,1589
15, 1074,417,118,1590
Light Source Color - OFF	 , 08/05/2024,19:10:23
