BLACK_600ms_1x_0  :  Time_600ms. Gain_1x
Light Source Color - OFF
N,P,K,C
0, 75,130,158,381
0, 75,130,158,381
0, 75,130,158,381
0, 75,130,158,381
Light Source Color - WHITE	 , 08/05/2024,19:18:05
1, 75,130,158,380
1, 1995,1740,1540,5176
1, 1995,1740,1535,5170
1, 1992,1739,1527,5159
1, 1990,1737,1522,5151
1, 1988,1736,1518,5144
Light Source Color - OFF	 , 08/05/2024,19:18:12
2, 1986,1735,1514,5137
2, 74,129,158,380
2, 74,129,158,380
2, 74,129,158,380
2, 74,129,158,380
2, 74,129,158,380
Light Source Color - RED	 , 08/05/2024,19:18:18
3, 86,135,264,492
3, 207,191,1382,1679
3, 207,191,1377,1674
3, 206,190,1375,1671
3, 206,190,1374,1670
3, 206,190,1372,1668
Light Source Color - OFF	 , 08/05/2024,19:18:25
4, 177,177,1104,1384
4, 74,129,158,380
4, 75,130,158,380
4, 74,129,158,380
4, 74,129,158,380
4, 75,130,158,380
Light Source Color - GREEN	 , 08/05/2024,19:18:31
5, 75,130,158,380
5, 498,1288,319,2168
5, 498,1287,319,2167
5, 497,1286,319,2165
5, 497,1286,318,2165
5, 497,1286,319,2166
Light Source Color - OFF	 , 08/05/2024,19:18:38
6, 497,1286,319,2165
6, 74,129,158,380
6, 74,129,158,380
6, 74,129,158,380
6, 75,130,158,380
6, 75,130,158,380
Light Source Color - BLUE	 , 08/05/2024,19:18:44
7, 75,130,158,380
7, 1610,624,177,2383
7, 1609,624,177,2382
7, 1608,624,177,2381
7, 1610,625,177,2383
7, 1609,624,177,2382
Light Source Color - OFF	 , 08/05/2024,19:18:51
8, 1609,624,177,2381
8, 74,129,158,380
8, 74,129,158,380
8, 74,130,158,380
8, 75,130,158,380
8, 75,130,158,380
Light Source Color - WHITE	 , 08/05/2024,19:18:57
9, 74,129,158,380
9, 1993,1739,1535,5168
9, 1992,1738,1530,5161
9, 1990,1738,1522,5151
9, 1988,1736,1517,5143
9, 1986,1735,1513,5136
Light Source Color - OFF	 , 08/05/2024,19:19:04
10, 1985,1734,1509,5130
10, 74,129,158,380
10, 74,129,158,380
10, 74,129,158,380
10, 74,129,158,380
10, 74,129,158,380
Light Source Color - RED	 , 08/05/2024,19:19:10
11, 74,129,158,380
11, 206,190,1374,1671
11, 206,190,1373,1669
11, 206,190,1371,1667
11, 206,190,1369,1665
11, 206,190,1368,1664
Light Source Color - OFF	 , 08/05/2024,19:19:17
12, 191,183,1232,1519
12, 74,129,158,380
12, 74,130,158,380
12, 74,129,158,380
12, 74,129,158,380
12, 74,129,158,380
Light Source Color - GREEN	 , 08/05/2024,19:19:23
13, 75,130,158,380
13, 498,1287,319,2167
13, 497,1286,319,2166
13, 497,1286,319,2164
13, 497,1285,318,2163
13, 497,1285,319,2164
Light Source Color - OFF	 , 08/05/2024,19:19:30
14, 497,1285,319,2164
14, 74,129,158,380
14, 74,129,158,380
14, 74,129,158,380
14, 74,129,158,380
14, 74,129,158,380
Light Source Color - BLUE	 , 08/05/2024,19:19:36
15, 74,129,158,380
15, 1609,624,177,2382
15, 1608,624,177,2381
15, 1607,624,177,2380
15, 1608,624,177,2381
15, 1608,624,177,2382
Light Source Color - OFF	 , 08/05/2024,19:19:43
