BLACK_199ms_1x_0  :  Time_199ms. Gain_1x
Light Source Color - OFF
N,P,K,C
0, 25,43,53,126
0, 25,43,53,126
0, 25,43,53,126
0, 25,43,53,126
0, 25,43,53,126
0, 25,43,53,126
0, 25,43,53,126
Light Source Color - WHITE	 , 08/05/2024,19:01:25
1, 184,177,169,527
1, 663,578,515,1722
1, 662,577,513,1719
1, 661,577,511,1716
1, 661,577,509,1714
1, 661,577,508,1713
1, 660,577,507,1712
1, 660,577,507,1711
1, 660,576,506,1710
Light Source Color - OFF	 , 08/05/2024,19:01:31
2, 660,576,505,1708
2, 25,43,52,126
2, 25,43,52,126
2, 25,43,52,126
2, 25,43,52,126
2, 25,43,52,126
2, 25,43,53,126
2, 25,43,53,126
2, 25,43,53,126
Light Source Color - RED	 , 08/05/2024,19:01:37
3, 27,44,70,145
3, 69,63,461,559
3, 69,63,460,558
3, 69,63,459,558
3, 69,63,459,558
3, 69,63,459,557
3, 69,63,458,557
3, 69,63,458,557
3, 69,63,458,556
Light Source Color - OFF	 , 08/05/2024,19:01:42
4, 63,60,403,498
4, 25,43,52,126
4, 25,43,52,126
4, 25,43,53,126
4, 25,43,53,126
4, 25,43,53,126
4, 25,43,53,126
4, 25,43,53,126
4, 25,43,53,126
Light Source Color - GREEN	 , 08/05/2024,19:01:48
5, 55,126,64,255
5, 165,428,106,720
5, 165,428,106,720
5, 165,428,106,720
5, 165,427,106,719
5, 165,427,106,719
5, 165,427,106,719
5, 165,427,106,719
5, 165,427,106,719
Light Source Color - OFF	 , 08/05/2024,19:01:54
6, 165,427,106,719
6, 25,43,52,126
6, 25,43,52,126
6, 25,43,53,126
6, 25,43,53,126
6, 25,43,53,126
6, 25,43,53,126
6, 25,43,53,126
6, 25,43,53,126
Light Source Color - BLUE	 , 08/05/2024,19:02:00
7, 29,44,53,132
7, 535,207,59,791
7, 534,207,59,791
7, 534,207,59,791
7, 534,207,59,791
7, 534,207,59,791
7, 534,207,59,791
7, 534,207,59,791
7, 534,207,59,791
Light Source Color - OFF	 , 08/05/2024,19:02:06
8, 496,195,58,741
8, 25,43,52,126
8, 25,43,52,126
8, 25,43,53,126
8, 25,43,53,126
8, 25,43,53,126
8, 25,43,53,126
8, 25,43,53,126
8, 25,43,53,126
Light Source Color - WHITE	 , 08/05/2024,19:02:12
9, 134,134,132,399
9, 662,578,513,1720
9, 661,577,510,1716
9, 661,577,509,1713
9, 661,577,507,1712
9, 660,577,506,1711
9, 660,576,505,1709
9, 660,576,505,1708
9, 659,576,504,1707
Light Source Color - OFF	 , 08/05/2024,19:02:18
10, 659,576,503,1706
10, 25,43,52,126
10, 25,43,52,126
10, 25,43,52,126
10, 25,43,52,126
10, 25,43,52,126
10, 25,43,52,126
10, 25,43,52,126
10, 25,43,52,126
Light Source Color - RED	 , 08/05/2024,19:02:24
11, 25,43,52,126
11, 69,63,459,558
11, 69,63,458,556
11, 69,63,458,556
11, 69,63,457,556
11, 68,63,457,555
11, 68,63,457,555
11, 68,63,457,555
11, 68,63,456,555
Light Source Color - OFF	 , 08/05/2024,19:02:30
12, 68,63,456,555
12, 25,43,52,126
12, 25,43,52,126
12, 25,43,52,126
12, 25,43,52,126
12, 25,43,52,126
12, 25,43,52,126
12, 25,43,53,126
12, 25,43,52,126
Light Source Color - GREEN	 , 08/05/2024,19:02:36
13, 33,65,56,160
13, 165,428,106,720
13, 165,427,106,719
13, 165,427,106,719
13, 165,427,106,719
13, 165,427,106,719
13, 165,427,106,719
13, 165,427,106,719
13, 165,427,106,719
Light Source Color - OFF	 , 08/05/2024,19:02:42
14, 165,427,106,719
14, 25,43,52,126
14, 25,43,52,126
14, 25,43,53,126
14, 25,43,53,126
14, 25,43,52,126
14, 25,43,53,126
14, 25,43,52,126
14, 25,43,53,126
Light Source Color - BLUE	 , 08/05/2024,19:02:48
15, 25,43,53,126
15, 534,207,59,791
15, 534,207,59,791
15, 534,207,59,791
15, 534,207,59,791
15, 534,207,59,790
15, 534,207,59,790
15, 534,207,59,790
15, 534,207,59,790
Light Source Color - OFF	 , 08/05/2024,19:02:54
