BLACK_614_manual_0  :  Time_614ms. Gain_1X
Light Source Color - OFF
N,P,K
,C
1, 76,132,161,387
2, 76,132,161,388
3, 76,132,161,388
4, 76,132,161,388
5, 76,132,161,388
6, 76,132,161,387
7, 76,132,161,388
8, 76,132,161,387
9, 76,132,161,387
10, 76,132,161,387
11, 76,132,161,388
12, 76,132,161,387
13, 76,132,161,387
14, 76,132,161,388
Light Source Color - WHITE	 , 08/05/2024,18:00:53
1, 76,132,161,387
2, 1867,1633,1433,4843
3, 2038,1778,1544,5259
4, 2035,1777,1536,5247
5, 2034,1776,1533,5243
6, 2033,1776,1529,5237
7, 2031,1774,1524,5230
8, 2031,1774,1523,5228
9, 2030,1774,1519,5223
10, 2028,1773,1516,5217
11, 2028,1773,1515,5216
12, 2027,1772,1512,5212
13, 2025,1771,1510,5206
14, 2026,1771,1509,5207
15, 2026,1772,1506,5205
16, 2034,1777,1504,5216
17, 2032,1775,1503,5211
18, 2029,1773,1501,5203
19, 2029,1774,1499,5203
20, 2030,1774,1497,5202
21, 2029,1773,1495,5198
22, 2029,1773,1494,5197
Light Source Color - BLUE	 , 08/05/2024,18:01:15
1, 2028,1773,1492,5195
2, 1604,631,180,2388
3, 1605,631,180,2389
4, 1607,632,180,2391
5, 1607,632,180,2391
6, 1607,631,180,2391
7, 1608,632,180,2393
8, 1608,632,180,2392
9, 1608,632,180,2392
10, 1609,632,180,2394
11, 1608,632,180,2393
12, 1609,632,180,2393
13, 1608,632,180,2392
14, 1608,631,180,2392
15, 1609,632,180,2393
16, 1609,632,180,2394
17, 1609,632,180,2393
18, 1609,632,180,2394
19, 1609,632,180,2394
20, 1609,631,180,2393
21, 1610,632,180,2394
22, 1610,632,180,2394
23, 1609,631,180,2393
Light Source Color - GREEN	 , 08/05/2024,18:01:38
1, 1610,632,180,2395
2, 497,1289,324,2174
3, 496,1287,324,2173
4, 496,1287,324,2173
5, 496,1287,324,2172
6, 496,1287,324,2172
7, 496,1287,324,2172
8, 496,1287,324,2172
9, 496,1287,324,2171
10, 496,1287,324,2172
11, 495,1285,324,2170
12, 495,1286,324,2170
13, 496,1286,324,2171
14, 496,1286,324,2171
Light Source Color - RED	 , 08/05/2024,18:01:53
1, 490,1264,344,2160
2, 209,192,1355,1652
3, 209,192,1357,1655
4, 209,192,1358,1655
5, 209,192,1359,1656
6, 209,192,1359,1656
7, 209,192,1359,1656
8, 209,192,1359,1656
9, 209,192,1359,1656
10, 209,192,1359,1656
11, 209,192,1359,1657
12, 209,192,1359,1656
13, 209,192,1359,1656
Light Source Color - WHITE	 , 08/05/2024,18:02:06
1, 209,192,1359,1657
2, 2034,1776,1516,5226
3, 2032,1775,1508,5215
4, 2032,1775,1505,5213
5, 2031,1775,1501,5207
6, 2029,1773,1497,5201
7, 2030,1774,1496,5201
8, 2028,1773,1493,5196
9, 2027,1772,1490,5191
10, 2028,1773,1489,5191
11, 2026,1772,1487,5186
12, 2026,1771,1486,5185
13, 2026,1772,1484,5183
14, 2024,1770,1481,5178
15, 2024,1770,1480,5176
16, 2024,1770,1478,5175
17, 2022,1769,1476,5170
18, 2022,1769,1475,5169
19, 2022,1769,1474,5167
20, 2020,1768,1472,5163
21, 2020,1769,1471,5162
22, 2012,1763,1468,5146
23, 2005,1759,1466,5133
24, 2006,1760,1466,5134
25, 2007,1760,1464,5133
26, 2005,1759,1462,5130
27, 2007,1760,1461,5131
28, 2006,1760,1460,5129
29, 2006,1760,1459,5127
30, 2006,1760,1458,5127
31, 2005,1759,1456,5124
32, 2005,1759,1455,5123
33, 2005,1759,1454,5122
34, 2004,1759,1452,5118
35, 2004,1759,1451,5117
36, 2004,1759,1450,5116
37, 2002,1757,1448,5112
38, 2002,1758,1447,5111
39, 2002,1757,1446,5110
40, 2001,1756,1444,5105
41, 2001,1757,1444,5106
42, 2000,1756,1442,5103
43, 1999,1755,1441,5100
44, 2000,1756,1440,5101
45, 1999,1756,1439,5098
46, 1998,1755,1437,5095
47, 1999,1756,1437,5096
48, 1998,1755,1435,5093
49, 1998,1755,1435,5092
50, 1998,1755,1434,5091
51, 1996,1754,1432,5087
52, 1996,1754,1432,5087
53, 1996,1754,1430,5086
54, 1995,1753,1429,5082
55, 1995,1753,1428,5082
56, 1995,1753,1427,5081
57, 1993,1752,1426,5077
58, 1994,1752,1425,5077
59, 1994,1752,1424,5075
60, 1993,1752,1423,5073
61, 1994,1752,1422,5074
62, 1993,1752,1421,5071
63, 1992,1751,1420,5068
64, 1993,1752,1419,5070
65, 1992,1751,1418,5067
66, 1991,1751,1418,5066
67, 1992,1751,1417,5066
68, 1991,1750,1415,5063
69, 1991,1750,1415,5062
70, 1991,1751,1414,5061
71, 1989,1750,1413,5058
72, 1990,1750,1412,5058
73, 1989,1750,1411,5056
74, 1988,1749,1410,5053
75, 1989,1749,1410,5054
76, 1988,1749,1409,5052
77, 1987,1748,1407,5048
78, 1988,1749,1407,5050
79, 1987,1748,1406,5047
80, 1985,1747,1405,5044
81, 1987,1748,1404,5046
82, 1986,1747,1403,5043
83, 1985,1747,1403,5042
84, 1986,1747,1402,5042
85, 1985,1747,1401,5039
86, 1985,1747,1400,5039
87, 1978,1743,1399,5028
88, 1997,1754,1399,5057
89, 1997,1754,1399,5057
90, 1712,1524,1140,4320
91, 2187,1871,1382,5344
92, 1369,1243,804,3408
93, 1644,1457,1082,4135
94, 1649,1460,1083,4144
95, 1653,1462,1082,4151
96, 1655,1463,1081,4152
97, 1655,1463,1081,4151
98, 1656,1464,1081,4153
99, 1655,1464,1080,4151
100, 1655,1464,1080,4151
101, 1656,1464,1079,4151
102, 1655,1463,1078,4149
103, 1655,1463,1078,4149
104, 1655,1464,1077,4149
105, 1654,1463,1077,4147
106, 1654,1463,1076,4147
107, 1654,1463,1076,4146
108, 1654,1462,1075,4144
109, 1654,1463,1075,4144
110, 1654,1463,1074,4144
111, 1641,1453,1064,4112
112, 1435,1293,861,3571
113, 1637,1461,1059,4114
114, 1323,1207,751,3282
115, 1358,1234,773,3361
116, 1278,1170,725,3175
117, 1337,1224,789,3346
118, 1364,1244,813,3415
119, 1294,1189,752,3238
120, 1547,1392,984,3891
121, 6171,4785,3781,14218
122, 21209,15939,13001,48093
123, 21337,16028,13049,48350
124, 21367,16045,13043,48388
125, 21373,16048,13036,48390
126, 21385,16055,13033,48406
127, 21412,16074,13037,48455
128, 21411,16073,13029,48446
129, 21423,16079,13024,48460
130, 21426,16080,13016,48456
131, 21384,16056,13000,48377
132, 21413,16072,12999,48418
133, 21138,15877,12875,47838
134, 20754,15671,12831,47233
135, 20781,15686,12829,47274
136, 20787,15689,12822,47276
137, 20789,15690,12819,47276
138, 20799,15694,12812,47282
139, 20800,15696,12807,47282
140, 20801,15696,12803,47278
141, 20806,15699,12795,47279
142, 20795,15692,12787,47256
143, 20799,15695,12785,47260
144, 20798,15694,12778,47254
145, 20783,15686,12770,47224
146, 20790,15689,12766,47230
147, 20791,15689,12760,47225
148, 20779,15683,12752,47201
149, 20788,15689,12750,47214
150, 20783,15686,12743,47198
151, 20716,15645,12726,47077
152, 20729,15653,12724,47097
153, 20727,15651,12718,47089
