BLACK_614ms_16x_0  :  Time_614ms. Gain_16x
Light Source Color - OFF
N,P,K,C
0, 1224,2120,2602,6247
0, 1224,2120,2602,6247
0, 1224,2119,2601,6244
0, 1223,2118,2599,6241
Light Source Color - WHITE	 , 08/05/2024,19:24:12
1, 1223,2118,2599,6240
1, 32640,28383,25322,65535
1, 32640,28389,25235,65535
1, 32602,28369,25114,65535
1, 32573,28355,25026,65535
Light Source Color - OFF	 , 08/05/2024,19:24:18
2, 32539,28337,24954,65535
2, 1221,2115,2595,6231
2, 1222,2117,2598,6237
2, 1223,2118,2599,6240
2, 1223,2118,2599,6239
2, 1223,2118,2598,6239
Light Source Color - RED	 , 08/05/2024,19:24:24
3, 1329,2166,3584,7282
3, 3399,3122,22773,27609
3, 3393,3118,22688,27516
3, 3389,3114,22650,27473
3, 3387,3112,22626,27445
3, 3387,3113,22617,27437
Light Source Color - OFF	 , 08/05/2024,19:24:31
4, 3386,3113,22601,27421
4, 1222,2117,2598,6237
4, 1223,2117,2598,6238
4, 1222,2117,2598,6237
4, 1223,2118,2599,6240
4, 1223,2118,2600,6241
Light Source Color - GREEN	 , 08/05/2024,19:24:38
5, 1223,2117,2599,6239
5, 8167,21042,5236,35549
5, 8158,21026,5234,35523
5, 8153,21015,5233,35507
5, 8157,21026,5238,35527
5, 8154,21020,5237,35516
Light Source Color - OFF	 , 08/05/2024,19:24:44
6, 8150,21013,5235,35506
6, 1222,2117,2597,6236
6, 1222,2117,2598,6237
6, 1223,2118,2599,6240
6, 1223,2118,2599,6240
6, 1223,2118,2599,6239
Light Source Color - BLUE	 , 08/05/2024,19:24:51
7, 1223,2117,2598,6238
7, 26376,10192,2914,39052
7, 26394,10202,2917,39082
7, 26388,10202,2916,39074
7, 26374,10199,2915,39056
7, 26363,10196,2913,39040
Light Source Color - OFF	 , 08/05/2024,19:24:57
8, 23287,9207,2873,35025
8, 1222,2117,2598,6238
8, 1223,2118,2599,6240
8, 1223,2118,2598,6239
8, 1222,2117,2598,6237
8, 1223,2118,2599,6241
Light Source Color - WHITE	 , 08/05/2024,19:25:04
9, 1223,2118,2600,6241
9, 32665,28402,25331,65535
9, 32592,28363,25129,65535
9, 32554,28342,25018,65535
9, 32558,28348,24979,65535
Light Source Color - OFF	 , 08/05/2024,19:25:09
10, 32545,28344,24906,65535
10, 1221,2115,2595,6231
10, 1222,2116,2597,6234
10, 1222,2116,2597,6235
10, 1222,2116,2597,6235
10, 1223,2117,2598,6239
Light Source Color - RED	 , 08/05/2024,19:25:16
11, 1223,2118,2599,6239
11, 3392,3117,22684,27512
11, 3386,3112,22617,27437
11, 3383,3109,22585,27398
11, 3384,3111,22576,27392
11, 3382,3110,22559,27371
Light Source Color - OFF	 , 08/05/2024,19:25:23
12, 3380,3108,22540,27350
12, 1222,2116,2597,6235
12, 1222,2116,2597,6235
12, 1223,2117,2599,6238
12, 1223,2118,2599,6240
12, 1222,2117,2598,6238
Light Source Color - GREEN	 , 08/05/2024,19:25:29
13, 1222,2117,2598,6237
13, 8161,21032,5235,35532
13, 8161,21034,5238,35539
13, 8157,21025,5238,35526
13, 8153,21020,5237,35516
13, 8149,21012,5236,35503
Light Source Color - OFF	 , 08/05/2024,19:25:36
14, 7764,19964,5089,33879
14, 1222,2117,2598,6238
14, 1223,2118,2600,6241
14, 1223,2118,2599,6240
14, 1223,2118,2599,6239
14, 1223,2118,2599,6241
Light Source Color - BLUE	 , 08/05/2024,19:25:42
15, 1223,2119,2600,6242
15, 26411,10205,2918,39102
15, 26390,10203,2916,39078
15, 26378,10201,2914,39059
15, 26385,10204,2915,39071
15, 26392,10208,2916,39083
Light Source Color - OFF	 , 08/05/2024,19:25:49
