BLACK_614ms_1x_0  :  Time_614ms. Gain_1x
Light Source Color - OFF
N,P,K,C
0, 76,133,162,390
0, 76,133,162,390
0, 76,133,162,389
0, 76,133,162,389
Light Source Color - WHITE	 , 08/05/2024,19:20:03
1, 76,133,162,389
1, 2040,1780,1575,5294
1, 2040,1780,1570,5289
1, 2037,1779,1562,5277
1, 2035,1777,1557,5268
1, 2033,1776,1552,5260
Light Source Color - OFF	 , 08/05/2024,19:20:10
2, 1728,1520,1333,4498
2, 76,132,162,389
2, 76,132,162,389
2, 76,133,162,389
2, 76,132,162,389
2, 76,133,162,389
Light Source Color - RED	 , 08/05/2024,19:20:16
3, 76,133,162,389
3, 212,195,1413,1717
3, 211,195,1409,1712
3, 211,195,1406,1710
3, 211,195,1406,1709
3, 211,195,1405,1708
Light Source Color - OFF	 , 08/05/2024,19:20:23
4, 211,195,1404,1707
4, 76,132,162,389
4, 76,132,162,389
4, 76,133,162,389
4, 76,133,162,389
4, 76,133,162,389
Light Source Color - GREEN	 , 08/05/2024,19:20:30
5, 76,133,162,389
5, 509,1317,326,2217
5, 509,1317,326,2217
5, 509,1316,326,2216
5, 509,1316,326,2216
5, 508,1316,326,2215
Light Source Color - OFF	 , 08/05/2024,19:20:36
6, 480,1238,315,2094
6, 76,132,162,389
6, 76,133,162,389
6, 76,133,162,389
6, 76,132,162,389
6, 76,133,162,389
Light Source Color - BLUE	 , 08/05/2024,19:20:43
7, 76,133,162,389
7, 1647,639,182,2438
7, 1646,639,181,2437
7, 1645,639,181,2436
7, 1646,639,182,2437
7, 1646,639,182,2437
Light Source Color - OFF	 , 08/05/2024,19:20:49
8, 1646,639,181,2437
8, 76,133,162,389
8, 76,133,162,389
8, 76,133,162,389
8, 76,133,162,389
8, 76,133,162,389
Light Source Color - WHITE	 , 08/05/2024,19:20:56
9, 76,133,162,389
9, 2035,1777,1571,5281
9, 2034,1776,1565,5274
9, 2032,1776,1557,5264
9, 2030,1774,1552,5255
9, 2028,1773,1548,5249
Light Source Color - OFF	 , 08/05/2024,19:21:02
10, 2026,1772,1544,5242
10, 76,132,161,388
10, 76,132,162,389
10, 76,132,162,389
10, 76,132,162,389
10, 76,132,162,389
Light Source Color - RED	 , 08/05/2024,19:21:09
11, 106,146,433,677
11, 211,195,1409,1713
11, 211,195,1405,1708
11, 211,195,1402,1705
11, 211,194,1401,1704
11, 211,195,1401,1704
Light Source Color - OFF	 , 08/05/2024,19:21:16
12, 211,194,1400,1703
12, 76,133,162,389
12, 76,133,162,389
12, 76,132,162,389
12, 76,133,162,389
12, 76,133,162,389
Light Source Color - GREEN	 , 08/05/2024,19:21:22
13, 76,133,162,389
13, 509,1317,326,2217
13, 509,1316,326,2215
13, 509,1316,326,2216
13, 509,1316,326,2216
13, 508,1316,326,2215
Light Source Color - OFF	 , 08/05/2024,19:21:29
14, 508,1315,326,2214
14, 76,133,162,389
14, 76,133,162,389
14, 76,133,162,389
14, 76,133,162,389
14, 76,133,162,389
Light Source Color - BLUE	 , 08/05/2024,19:21:35
15, 238,185,164,600
15, 1647,639,182,2438
15, 1647,639,182,2438
15, 1646,639,182,2437
15, 1645,639,181,2436
15, 1646,639,182,2437
Light Source Color - OFF	 , 08/05/2024,19:21:42
