BLACK_240ms_1x_0  :  Time_240ms. Gain_1x
Light Source Color - OFF
N,P,K,C
0, 30,52,63,152
0, 30,52,63,152
0, 30,52,63,152
0, 30,52,63,152
0, 30,52,63,152
0, 30,52,63,152
0, 30,52,63,152
Light Source Color - WHITE	 , 08/05/2024,19:03:17
1, 30,52,63,152
1, 799,697,620,2076
1, 798,696,617,2071
1, 797,696,615,2068
1, 797,695,613,2066
1, 796,695,612,2064
1, 796,695,611,2062
1, 796,695,610,2061
Light Source Color - OFF	 , 08/05/2024,19:03:23
2, 795,695,609,2059
2, 30,52,63,152
2, 30,52,63,152
2, 30,52,63,152
2, 30,52,63,152
2, 30,52,63,152
2, 30,52,63,152
2, 30,52,63,152
Light Source Color - RED	 , 08/05/2024,19:03:28
3, 40,57,159,254
3, 83,76,554,673
3, 83,76,553,672
3, 83,76,553,672
3, 83,76,553,671
3, 83,76,552,671
3, 83,76,552,671
3, 83,76,552,670
Light Source Color - OFF	 , 08/05/2024,19:03:34
4, 56,64,307,411
4, 30,52,63,152
4, 30,52,63,152
4, 30,52,63,152
4, 30,52,63,152
4, 30,52,63,152
4, 30,52,63,152
4, 30,52,63,152
Light Source Color - GREEN	 , 08/05/2024,19:03:40
5, 30,52,63,152
5, 199,515,127,867
5, 199,515,127,867
5, 199,515,127,867
5, 199,515,127,867
5, 199,515,127,867
5, 199,515,127,867
5, 199,515,127,866
Light Source Color - OFF	 , 08/05/2024,19:03:45
6, 199,515,127,866
6, 30,52,63,152
6, 30,52,63,152
6, 30,52,63,152
6, 30,52,63,152
6, 30,52,63,152
6, 30,52,63,152
6, 30,52,63,152
Light Source Color - BLUE	 , 08/05/2024,19:03:51
7, 172,97,65,337
7, 644,249,71,953
7, 644,249,71,953
7, 644,250,71,953
7, 644,250,71,953
7, 644,250,71,953
7, 644,250,71,953
7, 644,250,71,953
Light Source Color - OFF	 , 08/05/2024,19:03:57
8, 301,139,67,505
8, 30,52,63,152
8, 30,52,63,152
8, 30,52,63,152
8, 30,52,63,152
8, 30,52,63,152
8, 30,52,63,152
8, 30,52,63,152
Light Source Color - WHITE	 , 08/05/2024,19:04:02
9, 30,52,63,152
9, 798,696,617,2072
9, 797,696,614,2067
9, 797,695,612,2064
9, 796,695,611,2062
9, 796,695,609,2061
9, 795,695,608,2059
9, 795,695,607,2058
Light Source Color - OFF	 , 08/05/2024,19:04:08
10, 795,694,606,2056
10, 30,52,63,152
10, 30,52,63,152
10, 30,52,63,152
10, 30,52,63,152
10, 30,52,63,152
10, 30,52,63,152
10, 30,52,63,152
Light Source Color - RED	 , 08/05/2024,19:04:14
11, 46,59,210,308
11, 83,76,552,671
11, 83,76,551,670
11, 83,76,551,670
11, 83,76,551,669
11, 83,76,550,669
11, 82,76,550,669
11, 82,76,550,668
Light Source Color - OFF	 , 08/05/2024,19:04:19
12, 82,76,550,668
12, 30,52,63,152
12, 30,52,63,152
12, 30,52,63,152
12, 30,52,63,152
12, 30,52,63,152
12, 30,52,63,152
12, 30,52,63,152
Light Source Color - GREEN	 , 08/05/2024,19:04:25
13, 30,52,63,152
13, 199,515,127,867
13, 199,515,127,867
13, 199,515,127,867
13, 199,515,127,866
13, 199,515,127,866
13, 199,515,127,866
13, 199,514,127,866
Light Source Color - OFF	 , 08/05/2024,19:04:31
14, 197,510,127,859
14, 30,52,63,152
14, 30,52,63,152
14, 30,52,63,152
14, 30,52,63,152
14, 30,52,63,152
14, 30,52,63,152
14, 30,52,63,152
Light Source Color - BLUE	 , 08/05/2024,19:04:37
15, 225,115,66,407
15, 644,250,71,953
15, 644,250,71,953
15, 644,250,71,953
15, 644,250,71,953
15, 643,250,71,953
15, 643,250,71,953
15, 643,250,71,953
Light Source Color - OFF	 , 08/05/2024,19:04:42
