BLACK_300ms_1x_0  :  Time_300ms. Gain_1x
Light Source Color - OFF
N,P,K,C
0, 37,65,79,190
0, 37,65,79,190
0, 37,65,79,190
0, 37,65,79,190
0, 37,65,79,190
0, 37,65,79,190
Light Source Color - WHITE	 , 08/05/2024,19:05:05
1, 37,65,79,190
1, 999,871,774,2593
1, 998,870,771,2589
1, 997,870,768,2585
1, 997,870,766,2583
1, 996,869,764,2580
1, 996,869,763,2579
1, 995,869,761,2576
Light Source Color - OFF	 , 08/05/2024,19:05:12
2, 865,760,668,2251
2, 37,65,79,190
2, 37,65,79,190
2, 37,65,79,190
2, 37,65,79,190
2, 37,65,79,190
2, 37,65,79,190
2, 37,65,79,190
Light Source Color - RED	 , 08/05/2024,19:05:18
3, 37,65,79,190
3, 104,95,693,842
3, 104,95,692,841
3, 103,95,691,839
3, 103,95,691,839
3, 103,95,690,838
3, 103,95,689,838
3, 103,95,689,837
Light Source Color - OFF	 , 08/05/2024,19:05:24
4, 103,95,689,837
4, 37,65,79,190
4, 37,65,79,190
4, 37,65,79,190
4, 37,65,79,190
4, 37,65,79,190
4, 37,65,79,190
4, 37,65,79,190
Light Source Color - GREEN	 , 08/05/2024,19:05:30
5, 116,279,109,521
5, 249,644,159,1085
5, 249,644,159,1084
5, 249,644,159,1084
5, 249,644,159,1084
5, 249,644,159,1084
5, 249,644,159,1083
5, 249,644,159,1084
Light Source Color - OFF	 , 08/05/2024,19:05:36
6, 249,643,159,1083
6, 37,65,79,190
6, 37,65,79,190
6, 37,65,79,190
6, 37,65,79,190
6, 37,65,79,190
6, 37,65,79,190
6, 37,65,79,190
Light Source Color - BLUE	 , 08/05/2024,19:05:43
7, 37,65,79,190
7, 806,312,89,1193
7, 805,312,89,1192
7, 805,312,89,1191
7, 805,312,89,1191
7, 805,312,89,1191
7, 805,312,89,1191
7, 805,312,89,1191
Light Source Color - OFF	 , 08/05/2024,19:05:49
8, 502,214,85,796
8, 37,65,79,190
8, 37,65,79,190
8, 37,65,79,190
8, 37,65,79,190
8, 37,65,79,190
8, 37,65,79,190
8, 37,65,79,190
Light Source Color - WHITE	 , 08/05/2024,19:05:55
9, 37,65,79,190
9, 998,870,771,2589
9, 997,870,768,2585
9, 996,869,764,2580
9, 996,869,763,2578
9, 995,869,761,2575
9, 995,869,760,2574
9, 994,868,758,2571
Light Source Color - OFF	 , 08/05/2024,19:06:01
10, 953,834,728,2467
10, 37,65,79,190
10, 37,65,79,190
10, 37,65,79,190
10, 37,65,79,190
10, 37,65,79,190
10, 37,65,79,190
10, 37,65,79,190
Light Source Color - RED	 , 08/05/2024,19:06:07
11, 65,78,338,465
11, 103,95,690,839
11, 103,95,689,837
11, 103,95,688,837
11, 103,95,688,836
11, 103,95,687,836
11, 103,95,687,835
11, 103,95,687,835
Light Source Color - OFF	 , 08/05/2024,19:06:13
12, 103,95,686,834
12, 37,65,79,190
12, 37,65,79,190
12, 37,65,79,190
12, 37,65,79,190
12, 37,65,79,190
12, 37,65,79,190
12, 37,65,79,190
Light Source Color - GREEN	 , 08/05/2024,19:06:20
13, 84,192,97,386
13, 249,644,159,1084
13, 249,643,159,1083
13, 249,643,159,1083
13, 249,643,159,1083
13, 249,643,159,1083
13, 248,643,159,1082
13, 248,643,159,1082
Light Source Color - OFF	 , 08/05/2024,19:06:26
14, 158,394,125,699
14, 37,65,79,190
14, 37,65,79,190
14, 37,65,79,190
14, 37,65,79,190
14, 37,65,79,190
14, 37,65,79,190
14, 37,65,79,190
Light Source Color - BLUE	 , 08/05/2024,19:06:32
15, 37,65,79,190
15, 805,312,89,1191
15, 805,312,89,1191
15, 804,312,89,1191
15, 805,312,89,1191
15, 804,312,89,1191
15, 805,312,89,1191
15, 804,312,89,1191
Light Source Color - OFF	 , 08/05/2024,19:06:38
