BLACK_499ms_1x_0  :  Time_499ms. Gain_1x
Light Source Color - OFF
N,P,K,C
0, 62,108,132,317
0, 62,108,132,317
0, 62,108,132,317
0, 62,108,132,317
0, 62,108,132,317
Light Source Color - WHITE	 , 08/05/2024,19:14:25
1, 62,108,132,317
1, 1662,1448,1288,4315
1, 1658,1447,1278,4300
1, 1656,1446,1273,4292
1, 1655,1445,1269,4287
1, 1654,1445,1266,4282
Light Source Color - OFF	 , 08/05/2024,19:14:31
2, 1653,1444,1263,4278
2, 62,108,131,316
2, 62,108,131,316
2, 62,108,131,316
2, 62,108,131,316
2, 62,108,131,316
Light Source Color - RED	 , 08/05/2024,19:14:37
3, 62,108,131,316
3, 172,159,1150,1397
3, 172,159,1147,1394
3, 172,158,1146,1392
3, 172,158,1145,1391
3, 172,158,1144,1390
Light Source Color - OFF	 , 08/05/2024,19:14:42
4, 172,158,1143,1390
4, 62,108,131,316
4, 62,108,131,316
4, 62,108,131,316
4, 62,108,131,316
4, 62,108,131,316
Light Source Color - GREEN	 , 08/05/2024,19:14:48
5, 62,108,131,316
5, 414,1071,265,1803
5, 414,1071,265,1802
5, 414,1070,265,1802
5, 414,1070,265,1801
5, 414,1071,265,1802
Light Source Color - OFF	 , 08/05/2024,19:14:54
6, 380,979,252,1661
6, 62,108,131,316
6, 62,108,131,316
6, 62,108,132,316
6, 62,108,132,317
6, 62,108,132,317
Light Source Color - BLUE	 , 08/05/2024,19:15:00
7, 396,215,136,752
7, 1340,519,148,1984
7, 1340,519,148,1983
7, 1339,519,148,1983
7, 1339,519,148,1982
7, 1339,519,148,1982
Light Source Color - OFF	 , 08/05/2024,19:15:06
8, 1338,519,148,1982
8, 62,108,131,316
8, 62,108,131,316
8, 62,108,131,316
8, 62,108,132,316
8, 62,108,132,316
Light Source Color - WHITE	 , 08/05/2024,19:15:12
9, 62,108,132,316
9, 1659,1447,1281,4304
9, 1656,1445,1272,4291
9, 1654,1444,1267,4283
9, 1653,1444,1264,4278
9, 1652,1443,1261,4274
Light Source Color - OFF	 , 08/05/2024,19:15:18
10, 1651,1443,1258,4269
10, 62,108,131,316
10, 62,108,131,316
10, 62,108,131,316
10, 62,108,131,316
10, 62,108,131,316
Light Source Color - RED	 , 08/05/2024,19:15:24
11, 62,108,131,316
11, 172,158,1146,1392
11, 172,158,1143,1389
11, 171,158,1142,1388
11, 171,158,1141,1387
11, 171,158,1140,1386
Light Source Color - OFF	 , 08/05/2024,19:15:29
12, 165,155,1082,1324
12, 62,108,131,316
12, 62,108,131,316
12, 62,108,132,316
12, 62,108,132,316
12, 62,108,132,316
Light Source Color - GREEN	 , 08/05/2024,19:15:35
13, 146,337,163,670
13, 414,1071,265,1804
13, 414,1071,265,1802
13, 414,1070,265,1802
13, 414,1070,265,1801
13, 413,1070,265,1801
Light Source Color - OFF	 , 08/05/2024,19:15:41
14, 413,1069,265,1801
14, 62,108,131,316
14, 62,108,131,316
14, 62,108,132,316
14, 62,108,132,316
14, 62,108,132,316
Light Source Color - BLUE	 , 08/05/2024,19:15:47
15, 62,108,132,316
15, 1339,519,148,1982
15, 1339,519,148,1982
15, 1338,519,148,1981
15, 1338,519,148,1981
15, 1338,519,147,1981
Light Source Color - OFF	 , 08/05/2024,19:15:53
