BLACK_540ms_1x_0  :  Time_540ms. Gain_1x
Light Source Color - OFF
N,P,K,C
0, 67,117,142,343
0, 67,117,142,343
0, 67,117,142,342
0, 67,117,142,342
Light Source Color - WHITE	 , 08/05/2024,19:16:14
1, 67,117,142,342
1, 1797,1566,1390,4664
1, 1793,1565,1381,4649
1, 1791,1563,1375,4640
1, 1789,1562,1371,4634
1, 1788,1562,1367,4628
Light Source Color - OFF	 , 08/05/2024,19:16:20
2, 1603,1407,1233,4165
2, 67,116,142,342
2, 67,117,142,342
2, 67,117,142,342
2, 67,117,142,342
2, 67,117,142,342
Light Source Color - RED	 , 08/05/2024,19:16:26
3, 67,117,142,342
3, 186,172,1243,1511
3, 186,171,1240,1507
3, 186,171,1238,1505
3, 186,171,1238,1505
3, 186,171,1237,1504
Light Source Color - OFF	 , 08/05/2024,19:16:32
4, 186,171,1236,1503
4, 67,117,142,342
4, 67,117,142,342
4, 67,117,142,342
4, 67,117,142,342
4, 67,117,142,342
Light Source Color - GREEN	 , 08/05/2024,19:16:38
5, 67,117,142,342
5, 448,1159,287,1951
5, 448,1158,287,1949
5, 448,1158,287,1950
5, 448,1158,287,1950
5, 448,1158,287,1949
Light Source Color - OFF	 , 08/05/2024,19:16:45
6, 447,1158,287,1949
6, 67,117,142,342
6, 67,117,142,342
6, 67,116,142,342
6, 67,117,142,342
6, 67,117,142,342
Light Source Color - BLUE	 , 08/05/2024,19:16:51
7, 124,135,143,417
7, 1448,561,160,2144
7, 1450,562,160,2146
7, 1449,562,160,2146
7, 1449,562,160,2145
7, 1448,562,160,2144
Light Source Color - OFF	 , 08/05/2024,19:16:57
8, 1448,562,160,2143
8, 67,117,142,342
8, 67,117,142,342
8, 67,117,142,342
8, 67,116,142,342
8, 67,117,142,342
Light Source Color - WHITE	 , 08/05/2024,19:17:03
9, 505,484,460,1438
9, 1797,1567,1388,4661
9, 1793,1564,1377,4644
9, 1791,1564,1371,4636
9, 1789,1563,1366,4629
9, 1788,1562,1363,4623
Light Source Color - OFF	 , 08/05/2024,19:17:09
10, 1787,1561,1360,4619
10, 67,116,142,342
10, 67,116,142,342
10, 67,116,142,342
10, 67,117,142,342
10, 67,117,142,342
Light Source Color - RED	 , 08/05/2024,19:17:15
11, 67,117,142,342
11, 186,172,1240,1507
11, 186,171,1236,1503
11, 186,171,1235,1501
11, 185,171,1233,1500
11, 185,171,1233,1499
Light Source Color - OFF	 , 08/05/2024,19:17:21
12, 185,171,1232,1498
12, 67,116,142,342
12, 67,116,142,342
12, 67,117,142,342
12, 67,117,142,342
12, 67,117,142,342
Light Source Color - GREEN	 , 08/05/2024,19:17:27
13, 67,117,142,342
13, 448,1158,287,1950
13, 447,1158,287,1949
13, 447,1157,287,1948
13, 447,1157,287,1948
13, 447,1157,287,1947
Light Source Color - OFF	 , 08/05/2024,19:17:34
14, 410,1054,272,1789
14, 67,116,142,342
14, 67,117,142,342
14, 67,117,142,342
14, 67,117,142,342
14, 67,117,142,342
Light Source Color - BLUE	 , 08/05/2024,19:17:40
15, 67,117,142,342
15, 1449,562,160,2144
15, 1448,562,160,2144
15, 1447,562,160,2143
15, 1447,562,160,2144
15, 1448,562,160,2145
Light Source Color - OFF	 , 08/05/2024,19:17:46
