BLACK_614ms_4x_0  :  Time_614ms. Gain_4x
Light Source Color - OFF
N,P,K,C
0, 302,528,642,1545
0, 302,528,642,1545
0, 302,528,642,1544
0, 302,528,641,1544
Light Source Color - WHITE	 , 08/05/2024,19:22:15
1, 302,527,641,1543
1, 8063,7074,6267,21003
1, 8065,7076,6245,20987
1, 8052,7071,6213,20937
1, 8042,7067,6193,20904
1, 8035,7063,6174,20873
Light Source Color - OFF	 , 08/05/2024,19:22:22
2, 6867,6076,5328,17946
2, 301,527,640,1541
2, 302,527,641,1542
2, 302,527,641,1542
2, 302,527,641,1542
2, 302,527,641,1543
Light Source Color - RED	 , 08/05/2024,19:22:28
3, 302,527,641,1543
3, 839,777,5616,6825
3, 837,776,5597,6805
3, 837,776,5589,6797
3, 836,776,5587,6795
3, 836,776,5582,6790
Light Source Color - OFF	 , 08/05/2024,19:22:35
4, 836,775,5578,6785
4, 302,527,641,1542
4, 302,527,641,1542
4, 302,527,641,1543
4, 302,527,641,1543
4, 302,527,641,1542
Light Source Color - GREEN	 , 08/05/2024,19:22:42
5, 302,527,641,1542
5, 2015,5241,1292,8794
5, 2015,5241,1293,8795
5, 2014,5239,1293,8792
5, 2013,5237,1292,8789
5, 2012,5236,1292,8787
Light Source Color - OFF	 , 08/05/2024,19:22:48
6, 1928,5004,1260,8430
6, 301,527,641,1542
6, 302,527,641,1543
6, 302,527,641,1542
6, 302,527,641,1542
6, 302,527,641,1542
Light Source Color - BLUE	 , 08/05/2024,19:22:55
7, 302,527,641,1543
7, 6518,2541,720,9671
7, 6515,2542,720,9670
7, 6512,2541,719,9666
7, 6514,2542,720,9669
7, 6516,2543,720,9671
Light Source Color - OFF	 , 08/05/2024,19:23:01
8, 6513,2542,720,9670
8, 302,527,641,1543
8, 302,527,641,1543
8, 302,527,641,1543
8, 302,528,641,1544
8, 302,528,641,1544
Light Source Color - WHITE	 , 08/05/2024,19:23:08
9, 302,527,641,1543
9, 8055,7070,6242,20964
9, 8038,7063,6199,20898
9, 8039,7067,6188,20892
9, 8033,7063,6166,20862
Light Source Color - OFF	 , 08/05/2024,19:23:13
10, 8025,7057,6147,20832
10, 301,527,640,1541
10, 301,527,640,1541
10, 302,527,641,1542
10, 302,527,641,1543
10, 302,527,641,1542
Light Source Color - RED	 , 08/05/2024,19:23:20
11, 302,527,641,1542
11, 837,776,5592,6800
11, 836,776,5585,6792
11, 836,775,5577,6783
11, 835,775,5571,6776
11, 835,774,5566,6771
Light Source Color - OFF	 , 08/05/2024,19:23:27
12, 748,734,4761,5916
12, 302,527,641,1542
12, 302,527,641,1543
12, 302,527,641,1543
12, 302,527,641,1542
12, 302,527,641,1543
Light Source Color - GREEN	 , 08/05/2024,19:23:33
13, 302,527,641,1543
13, 2015,5242,1293,8797
13, 2013,5238,1292,8790
13, 2012,5236,1292,8785
13, 2012,5237,1292,8788
13, 2012,5236,1292,8787
Light Source Color - OFF	 , 08/05/2024,19:23:40
14, 2011,5234,1292,8785
14, 301,527,641,1542
14, 302,527,641,1542
14, 302,527,641,1543
14, 302,528,641,1543
14, 302,527,641,1543
Light Source Color - BLUE	 , 08/05/2024,19:23:46
15, 302,527,641,1542
15, 6509,2540,719,9662
15, 6512,2542,720,9668
15, 6511,2542,720,9667
15, 6508,2541,719,9663
15, 6506,2540,719,9661
Light Source Color - OFF	 , 08/05/2024,19:23:53
