blank_614ms_16x_1  :  Time_614ms. Gain_16x
Light Source Color - OFF
N,P,K,C
0, 1221,2104,2574,6195
0, 1221,2105,2575,6198
0, 1221,2105,2575,6198
0, 1221,2105,2575,6198
Light Source Color - WHITE	 , 08/05/2024,19:50:14
1, 1221,2104,2574,6195
1, 27865,23895,16330,65535
1, 27861,23892,16279,65535
1, 27826,23871,16207,65535
1, 27784,23845,16154,65535
Light Source Color - OFF	 , 08/05/2024,19:50:20
2, 27758,23829,16112,65535
2, 1219,2101,2571,6188
2, 1220,2103,2573,6193
2, 1220,2104,2574,6195
2, 1220,2104,2574,6195
2, 1220,2104,2574,6195
Light Source Color - RED	 , 08/05/2024,19:50:26
3, 1220,2104,2574,6194
3, 2458,2681,14240,18572
3, 2458,2682,14226,18559
3, 2456,2680,14206,18537
3, 2455,2679,14193,18522
Light Source Color - OFF	 , 08/05/2024,19:50:32
4, 2453,2678,14184,18509
4, 1220,2103,2574,6193
4, 1221,2105,2575,6197
4, 1221,2105,2576,6199
4, 1221,2105,2575,6199
4, 1221,2105,2575,6197
Light Source Color - GREEN	 , 08/05/2024,19:50:39
5, 1220,2104,2574,6196
5, 6834,17362,4642,29927
5, 6834,17360,4645,29930
5, 6829,17350,4644,29914
5, 6825,17344,4643,29903
Light Source Color - OFF	 , 08/05/2024,19:50:44
6, 6823,17339,4642,29894
6, 1220,2104,2574,6195
6, 1221,2105,2576,6199
6, 1221,2105,2576,6200
6, 1221,2105,2576,6198
6, 1221,2105,2575,6198
Light Source Color - BLUE	 , 08/05/2024,19:50:51
7, 1586,2220,2579,6673
7, 22737,8978,2839,34331
7, 22730,8982,2840,34328
7, 22720,8980,2839,34316
7, 22711,8978,2837,34303
7, 22700,8974,2836,34286
Light Source Color - OFF	 , 08/05/2024,19:50:57
8, 18889,7755,2788,29300
8, 1220,2104,2575,6196
8, 1220,2104,2575,6197
8, 1220,2104,2575,6196
8, 1220,2104,2575,6196
8, 1221,2106,2577,6201
Light Source Color - WHITE	 , 08/05/2024,19:51:04
9, 1221,2106,2577,6201
9, 27956,23950,16467,65535
9, 27884,23905,16334,65535
9, 27850,23885,16264,65535
9, 27817,23864,16211,65535
Light Source Color - OFF	 , 08/05/2024,19:51:09
10, 22049,19149,13231,54082
10, 1219,2102,2572,6190
10, 1220,2104,2574,6195
10, 1220,2104,2575,6197
10, 1220,2104,2575,6195
10, 1221,2105,2576,6200
Light Source Color - RED	 , 08/05/2024,19:51:16
11, 1221,2105,2576,6200
11, 2464,2687,14315,18657
11, 2461,2684,14274,18611
11, 2459,2682,14255,18588
11, 2459,2683,14250,18585
Light Source Color - OFF	 , 08/05/2024,19:51:22
12, 2459,2683,14241,18577
12, 1221,2105,2576,6199
12, 1221,2105,2576,6199
12, 1220,2105,2576,6199
12, 1220,2105,2576,6198
12, 1221,2106,2577,6201
Light Source Color - GREEN	 , 08/05/2024,19:51:28
13, 1221,2106,2577,6202
13, 6849,17389,4648,29976
13, 6839,17371,4646,29947
13, 6833,17361,4644,29931
13, 6834,17362,4646,29934
Light Source Color - OFF	 , 08/05/2024,19:51:34
14, 6833,17359,4647,29930
14, 1221,2105,2577,6200
14, 1221,2106,2577,6200
14, 1221,2106,2577,6201
14, 1220,2105,2576,6199
14, 1221,2106,2578,6203
Light Source Color - BLUE	 , 08/05/2024,19:51:40
15, 1221,2106,2577,6202
15, 22750,8981,2841,34351
15, 22735,8980,2840,34331
15, 22725,8979,2839,34320
15, 22738,8984,2841,34340
15, 22737,8984,2841,34340
Light Source Color - OFF	 , 08/05/2024,19:51:47
