blank_300ms_1x_0  :  Time_300ms. Gain_1x
Light Source Color - OFF
N,P,K,C
0, 37,65,79,190
0, 37,65,79,190
0, 37,65,79,190
0, 37,65,79,190
0, 37,65,79,190
0, 37,65,79,190
Light Source Color - WHITE	 , 08/05/2024,20:09:46
1, 37,65,79,190
1, 858,736,513,2089
1, 857,735,510,2084
1, 856,735,509,2082
1, 856,735,507,2079
1, 856,735,506,2079
1, 855,734,505,2076
Light Source Color - OFF	 , 08/05/2024,20:09:52
2, 854,734,504,2074
2, 37,65,79,190
2, 37,65,79,190
2, 37,65,79,190
2, 37,65,79,190
2, 37,65,79,190
2, 37,65,79,190
2, 37,65,79,190
Light Source Color - RED	 , 08/05/2024,20:09:58
3, 37,65,79,190
3, 76,83,447,581
3, 76,83,446,580
3, 76,83,445,580
3, 76,83,445,579
3, 76,83,445,579
3, 76,83,445,579
Light Source Color - OFF	 , 08/05/2024,20:10:04
4, 76,83,444,579
4, 37,65,79,190
4, 37,65,79,190
4, 37,65,79,190
4, 37,65,79,190
4, 37,65,79,190
4, 37,65,79,190
4, 37,65,79,190
Light Source Color - GREEN	 , 08/05/2024,20:10:10
5, 37,65,79,190
5, 210,535,142,919
5, 210,535,142,919
5, 210,535,142,919
5, 210,535,142,918
5, 210,535,142,918
5, 210,535,142,918
Light Source Color - OFF	 , 08/05/2024,20:10:16
6, 185,467,133,813
6, 37,65,79,190
6, 37,65,79,190
6, 37,65,79,190
6, 37,65,79,190
6, 37,65,79,190
6, 37,65,79,190
6, 37,65,79,190
Light Source Color - BLUE	 , 08/05/2024,20:10:22
7, 37,65,79,190
7, 697,275,87,1051
7, 697,275,87,1051
7, 696,275,87,1050
7, 696,275,87,1050
7, 696,275,87,1050
7, 697,275,87,1051
7, 696,275,87,1050
Light Source Color - OFF	 , 08/05/2024,20:10:28
8, 696,275,87,1050
8, 37,65,79,190
8, 37,65,79,190
8, 37,65,79,190
8, 37,65,79,190
8, 37,65,79,190
8, 37,65,79,190
8, 37,65,79,190
Light Source Color - WHITE	 , 08/05/2024,20:10:35
9, 37,65,79,190
9, 857,736,511,2086
9, 857,735,509,2083
9, 856,735,507,2080
9, 855,734,506,2077
9, 855,734,505,2076
9, 854,734,504,2074
Light Source Color - OFF	 , 08/05/2024,20:10:40
10, 811,699,481,1975
10, 37,65,79,190
10, 37,65,79,190
10, 37,65,79,190
10, 37,65,79,190
10, 37,65,79,190
10, 37,65,79,190
10, 37,65,79,190
Light Source Color - RED	 , 08/05/2024,20:10:47
11, 37,65,79,190
11, 76,83,446,580
11, 76,83,445,579
11, 76,83,444,579
11, 76,83,444,578
11, 76,83,444,578
11, 76,83,444,578
Light Source Color - OFF	 , 08/05/2024,20:10:52
12, 68,79,369,498
12, 37,65,79,190
12, 37,65,79,190
12, 37,65,79,190
12, 37,65,79,190
12, 37,65,79,190
12, 37,65,79,190
Light Source Color - GREEN	 , 08/05/2024,20:10:58
13, 37,65,79,190
13, 210,535,142,919
13, 210,535,142,918
13, 210,535,142,918
13, 210,535,142,918
13, 210,535,142,918
13, 210,534,142,917
Light Source Color - OFF	 , 08/05/2024,20:11:03
14, 210,534,142,917
14, 37,65,79,190
14, 37,65,79,190
14, 37,65,79,190
14, 37,65,79,190
14, 37,65,79,190
14, 37,65,79,190
14, 37,65,79,190
Light Source Color - BLUE	 , 08/05/2024,20:11:10
15, 37,65,79,190
15, 696,275,87,1050
15, 697,275,87,1051
15, 696,275,87,1050
15, 696,275,87,1050
15, 696,275,87,1050
15, 696,275,87,1050
15, 696,275,87,1050
Light Source Color - OFF	 , 08/05/2024,20:11:16
