blank_154ms_1x_0  :  Time_154ms. Gain_1x
Light Source Color - OFF
N,P,K,C
0, 19,33,40,97
0, 19,33,40,97
0, 19,33,40,97
0, 19,33,40,97
0, 19,33,40,97
0, 19,33,40,97
0, 19,33,40,97
0, 19,33,40,97
Light Source Color - WHITE	 , 08/05/2024,20:18:18
1, 250,222,165,634
1, 440,377,266,1074
1, 440,377,265,1072
1, 440,377,264,1071
1, 439,377,263,1070
1, 439,377,263,1069
1, 439,377,262,1069
1, 439,377,262,1068
1, 439,376,261,1067
Light Source Color - OFF	 , 08/05/2024,20:18:24
2, 208,188,140,535
2, 19,33,40,97
2, 19,33,40,97
2, 19,33,40,97
2, 19,33,40,97
2, 19,33,40,97
2, 19,33,40,97
2, 19,33,40,97
2, 19,33,40,97
Light Source Color - RED	 , 08/05/2024,20:18:29
3, 38,42,224,293
3, 39,43,231,301
3, 39,43,231,300
3, 39,43,231,300
3, 39,43,231,300
3, 39,43,231,300
3, 39,42,231,299
3, 39,42,230,299
3, 39,42,230,299
Light Source Color - OFF	 , 08/05/2024,20:18:35
4, 19,33,42,98
4, 19,33,40,97
4, 19,33,40,97
4, 19,33,40,97
4, 19,33,40,97
4, 19,33,40,97
4, 19,33,40,97
4, 19,33,40,97
4, 19,33,40,97
Light Source Color - GREEN	 , 08/05/2024,20:18:41
5, 58,139,55,262
5, 108,275,73,472
5, 108,275,73,472
5, 108,275,73,471
5, 108,275,73,471
5, 108,275,73,471
5, 108,275,73,471
5, 108,274,73,471
5, 108,274,73,471
Light Source Color - OFF	 , 08/05/2024,20:18:47
6, 69,168,58,306
6, 19,33,40,97
6, 19,33,40,97
6, 19,33,40,97
6, 19,33,40,97
6, 19,33,40,97
6, 19,33,40,97
6, 19,33,40,97
6, 19,33,40,97
Light Source Color - BLUE	 , 08/05/2024,20:18:53
7, 318,128,44,488
7, 357,141,44,538
7, 357,141,44,538
7, 357,141,44,538
7, 357,141,44,538
7, 357,141,44,538
7, 357,141,44,538
7, 357,141,44,538
7, 357,141,44,538
Light Source Color - OFF	 , 08/05/2024,20:18:59
8, 249,106,43,398
8, 19,33,40,97
8, 19,33,40,97
8, 19,33,40,97
8, 19,33,40,97
8, 19,33,40,97
8, 19,33,40,97
8, 19,33,40,97
8, 19,33,40,97
Light Source Color - WHITE	 , 08/05/2024,20:19:04
9, 347,301,216,858
9, 440,377,264,1071
9, 439,377,263,1069
9, 439,377,262,1068
9, 439,377,261,1067
9, 438,376,261,1067
9, 438,376,261,1066
9, 438,376,260,1065
9, 438,376,260,1065
Light Source Color - OFF	 , 08/05/2024,20:19:10
10, 122,117,94,334
10, 19,33,40,97
10, 19,33,40,97
10, 19,33,40,97
10, 19,33,40,97
10, 19,33,40,97
10, 19,33,40,97
10, 19,33,40,97
10, 19,33,40,97
Light Source Color - RED	 , 08/05/2024,20:19:16
11, 22,35,73,132
11, 39,42,230,299
11, 39,42,230,299
11, 39,42,229,298
11, 39,42,229,298
11, 39,42,229,298
11, 39,42,229,298
11, 39,42,229,298
11, 39,42,229,298
Light Source Color - OFF	 , 08/05/2024,20:19:22
12, 35,40,190,256
12, 19,33,40,97
12, 19,33,40,97
12, 19,33,40,97
12, 19,33,40,97
12, 19,33,40,97
12, 19,33,40,97
12, 19,33,40,97
12, 19,33,40,97
Light Source Color - GREEN	 , 08/05/2024,20:19:28
13, 72,177,60,320
13, 108,275,73,471
13, 108,274,73,471
13, 108,274,73,471
13, 108,274,73,471
13, 108,274,73,471
13, 108,274,73,471
13, 108,274,73,471
13, 108,274,73,471
Light Source Color - OFF	 , 08/05/2024,20:19:34
14, 55,130,53,247
14, 19,33,40,97
14, 19,33,40,97
14, 19,33,40,97
14, 19,33,40,97
14, 19,33,40,97
14, 19,33,40,97
14, 19,33,40,97
14, 19,33,40,97
Light Source Color - BLUE	 , 08/05/2024,20:19:39
15, 352,139,44,532
15, 357,141,44,538
15, 357,141,44,538
15, 357,141,44,538
15, 357,141,44,538
15, 357,141,44,538
15, 357,141,44,538
15, 357,141,44,538
15, 357,141,44,538
Light Source Color - OFF	 , 08/05/2024,20:19:45
