blank_199ms_1x_0  :  Time_199ms. Gain_1x
Light Source Color - OFF
N,P,K,C
0, 25,43,52,126
0, 25,43,52,126
0, 25,43,52,126
0, 25,43,52,126
0, 25,43,52,126
0, 25,43,52,126
0, 25,43,52,126
Light Source Color - WHITE	 , 08/05/2024,20:13:42
1, 303,270,201,771
1, 570,489,342,1390
1, 570,489,340,1387
1, 569,488,340,1385
1, 569,488,339,1384
1, 569,488,338,1383
1, 568,488,337,1382
1, 568,488,337,1381
Light Source Color - OFF	 , 08/05/2024,20:13:48
2, 235,215,162,611
2, 25,43,52,126
2, 25,43,52,126
2, 25,43,52,126
2, 25,43,52,126
2, 25,43,52,126
2, 25,43,52,126
2, 25,43,52,126
2, 25,43,52,126
Light Source Color - RED	 , 08/05/2024,20:13:54
3, 41,50,204,287
3, 50,55,298,387
3, 50,55,298,387
3, 50,55,297,387
3, 50,55,297,386
3, 50,55,297,386
3, 50,55,297,386
3, 50,55,297,386
Light Source Color - OFF	 , 08/05/2024,20:14:00
4, 32,46,120,198
4, 25,43,52,126
4, 25,43,52,126
4, 25,43,52,126
4, 25,43,52,126
4, 25,43,52,126
4, 25,43,52,126
4, 25,43,52,126
4, 25,43,52,126
Light Source Color - GREEN	 , 08/05/2024,20:14:06
5, 110,275,83,486
5, 140,356,94,611
5, 140,356,94,611
5, 140,356,94,610
5, 140,356,94,610
5, 139,355,94,610
5, 139,355,94,610
5, 139,355,94,610
Light Source Color - OFF	 , 08/05/2024,20:14:12
6, 139,355,94,610
6, 25,43,52,126
6, 25,43,52,126
6, 25,43,52,126
6, 25,43,52,126
6, 25,43,52,126
6, 25,43,52,126
6, 25,43,52,126
6, 25,43,52,126
Light Source Color - BLUE	 , 08/05/2024,20:14:18
7, 25,43,52,126
7, 463,182,58,698
7, 463,182,58,698
7, 462,182,58,698
7, 462,182,58,698
7, 462,182,58,697
7, 462,182,58,697
7, 462,182,58,697
7, 462,182,58,697
Light Source Color - OFF	 , 08/05/2024,20:14:24
8, 462,182,58,697
8, 25,43,52,126
8, 25,43,52,126
8, 25,43,52,126
8, 25,43,52,126
8, 25,43,52,126
8, 25,43,52,126
8, 25,43,52,126
8, 25,43,52,126
Light Source Color - WHITE	 , 08/05/2024,20:14:30
9, 25,43,52,126
9, 569,489,340,1386
9, 569,488,339,1384
9, 569,488,338,1383
9, 568,488,337,1381
9, 568,488,337,1380
9, 567,488,336,1379
9, 567,487,336,1378
Light Source Color - OFF	 , 08/05/2024,20:14:36
10, 542,467,322,1319
10, 25,43,52,126
10, 25,43,52,126
10, 25,43,52,126
10, 25,43,52,126
10, 25,43,52,126
10, 25,43,52,126
10, 25,43,52,126
10, 25,43,52,126
Light Source Color - RED	 , 08/05/2024,20:14:42
11, 26,43,63,137
11, 50,55,297,386
11, 50,55,296,386
11, 50,55,296,385
11, 50,55,296,385
11, 50,55,296,385
11, 50,55,296,385
11, 50,55,296,385
Light Source Color - OFF	 , 08/05/2024,20:14:47
12, 46,53,252,338
12, 25,43,52,126
12, 25,43,52,126
12, 25,43,52,126
12, 25,43,52,126
12, 25,43,52,126
12, 25,43,52,126
12, 25,43,52,126
12, 25,43,52,126
Light Source Color - GREEN	 , 08/05/2024,20:14:54
13, 44,95,59,207
13, 140,356,94,611
13, 139,355,94,610
13, 139,355,94,610
13, 139,355,94,610
13, 139,355,94,610
13, 139,355,94,610
13, 139,355,94,610
Light Source Color - OFF	 , 08/05/2024,20:14:59
14, 112,280,84,493
14, 25,43,52,126
14, 25,43,52,126
14, 25,43,52,126
14, 25,43,52,126
14, 25,43,52,126
14, 25,43,52,126
14, 25,43,52,126
14, 25,43,52,126
Light Source Color - BLUE	 , 08/05/2024,20:15:05
15, 134,78,54,268
15, 462,182,58,697
15, 462,182,58,697
15, 462,182,58,697
15, 462,182,58,697
15, 462,182,58,697
15, 462,182,58,697
15, 462,182,58,697
15, 462,182,58,697
Light Source Color - OFF	 , 08/05/2024,20:15:11
