blank_480ms_1x_0  :  Time_480ms. Gain_1x
Light Source Color - OFF
N,P,K,C
0, 60,103,126,304
0, 60,104,126,304
0, 60,103,126,304
0, 60,103,126,304
0, 60,103,126,304
Light Source Color - WHITE	 , 08/05/2024,20:02:10
1, 145,173,172,502
1, 1372,1177,818,3339
1, 1370,1176,814,3331
1, 1369,1175,811,3326
1, 1368,1175,809,3323
1, 1367,1174,807,3320
Light Source Color - OFF	 , 08/05/2024,20:02:15
2, 1366,1174,806,3317
2, 59,103,126,303
2, 59,103,126,303
2, 59,103,126,303
2, 59,103,126,303
2, 59,103,126,303
Light Source Color - RED	 , 08/05/2024,20:02:21
3, 59,103,126,303
3, 121,133,714,929
3, 121,133,712,927
3, 121,132,711,926
3, 121,132,711,925
3, 121,132,710,925
Light Source Color - OFF	 , 08/05/2024,20:02:27
4, 108,126,583,790
4, 59,103,126,303
4, 59,103,126,303
4, 59,103,126,303
4, 59,103,126,303
4, 59,103,126,303
Light Source Color - GREEN	 , 08/05/2024,20:02:33
5, 59,103,126,303
5, 336,856,227,1470
5, 336,856,227,1469
5, 336,855,227,1469
5, 336,855,227,1468
5, 336,855,227,1468
Light Source Color - OFF	 , 08/05/2024,20:02:39
6, 335,855,227,1468
6, 59,103,126,303
6, 60,103,126,304
6, 60,103,126,304
6, 60,103,126,304
6, 60,103,126,304
Light Source Color - BLUE	 , 08/05/2024,20:02:45
7, 60,103,126,304
7, 1115,440,139,1682
7, 1115,440,139,1682
7, 1115,440,139,1682
7, 1115,440,139,1681
7, 1114,440,139,1681
Light Source Color - OFF	 , 08/05/2024,20:02:50
8, 879,365,136,1373
8, 59,103,126,303
8, 59,103,126,303
8, 59,103,126,303
8, 59,103,126,303
8, 59,103,126,303
Light Source Color - WHITE	 , 08/05/2024,20:02:56
9, 59,103,126,303
9, 1371,1177,816,3334
9, 1369,1175,811,3327
9, 1368,1175,809,3322
9, 1367,1174,806,3319
9, 1366,1174,805,3316
Light Source Color - OFF	 , 08/05/2024,20:03:02
10, 1365,1173,803,3313
10, 59,103,126,303
10, 59,103,126,303
10, 59,103,126,303
10, 59,103,126,304
10, 59,103,126,304
Light Source Color - RED	 , 08/05/2024,20:03:08
11, 60,103,126,304
11, 121,133,712,927
11, 121,132,710,925
11, 121,132,709,924
11, 121,132,708,923
11, 121,132,708,922
Light Source Color - OFF	 , 08/05/2024,20:03:14
12, 112,128,624,833
12, 59,103,126,303
12, 59,103,126,303
12, 59,103,126,303
12, 59,103,126,303
12, 59,103,126,303
Light Source Color - GREEN	 , 08/05/2024,20:03:20
13, 59,103,126,304
13, 336,856,227,1469
13, 336,855,227,1468
13, 335,855,227,1468
13, 335,855,227,1467
13, 335,855,227,1467
Light Source Color - OFF	 , 08/05/2024,20:03:26
14, 335,854,227,1467
14, 59,103,126,303
14, 59,103,126,304
14, 60,103,126,304
14, 60,103,126,304
14, 59,103,126,304
Light Source Color - BLUE	 , 08/05/2024,20:03:31
15, 60,103,126,304
15, 1115,440,139,1682
15, 1115,440,139,1681
15, 1114,440,139,1681
15, 1114,440,139,1681
15, 1114,440,139,1681
Light Source Color - OFF	 , 08/05/2024,20:03:37
