blank_614ms_4x_0  :  Time_614ms. Gain_4x
Light Source Color - OFF
N,P,K,C
0, 302,525,637,1537
0, 302,525,637,1537
0, 302,525,637,1536
0, 302,525,637,1536
Light Source Color - WHITE	 , 08/05/2024,19:52:04
1, 301,525,636,1534
1, 6917,5975,4082,16830
1, 6915,5975,4068,16815
1, 6907,5969,4049,16784
1, 6897,5964,4035,16756
Light Source Color - OFF	 , 08/05/2024,19:52:10
2, 6890,5961,4022,16734
2, 301,524,636,1533
2, 301,524,636,1534
2, 301,525,636,1534
2, 301,525,636,1534
2, 301,525,636,1534
Light Source Color - RED	 , 08/05/2024,19:52:16
3, 301,525,636,1534
3, 610,670,3552,4637
3, 610,670,3548,4634
3, 609,670,3543,4628
3, 609,670,3539,4623
Light Source Color - OFF	 , 08/05/2024,19:52:22
4, 609,669,3536,4620
4, 301,525,636,1534
4, 301,525,636,1535
4, 301,525,637,1535
4, 301,525,636,1535
4, 301,525,636,1535
Light Source Color - GREEN	 , 08/05/2024,19:52:28
5, 301,525,636,1534
5, 1693,4338,1147,7427
5, 1693,4338,1148,7426
5, 1692,4336,1148,7422
5, 1691,4333,1147,7419
Light Source Color - OFF	 , 08/05/2024,19:52:34
6, 1690,4332,1147,7417
6, 301,525,636,1534
6, 301,525,636,1534
6, 301,525,637,1535
6, 301,525,637,1535
6, 301,525,636,1534
Light Source Color - BLUE	 , 08/05/2024,19:52:41
7, 301,525,636,1534
7, 5620,2237,701,8503
7, 5624,2239,702,8510
7, 5623,2240,702,8510
7, 5620,2239,702,8504
7, 5619,2238,701,8502
Light Source Color - OFF	 , 08/05/2024,19:52:47
8, 4987,2035,694,7674
8, 301,525,636,1535
8, 301,525,637,1535
8, 301,525,637,1535
8, 301,525,636,1534
8, 301,525,637,1536
Light Source Color - WHITE	 , 08/05/2024,19:52:54
9, 302,525,637,1536
9, 6927,5984,4097,16868
9, 6910,5972,4064,16808
9, 6901,5968,4047,16775
9, 6894,5963,4033,16750
Light Source Color - OFF	 , 08/05/2024,19:52:59
10, 5937,5176,3534,14539
10, 301,524,636,1533
10, 301,525,636,1535
10, 301,525,636,1535
10, 301,525,636,1534
10, 301,525,637,1535
Light Source Color - RED	 , 08/05/2024,19:53:06
11, 301,525,637,1536
11, 611,671,3560,4647
11, 609,670,3549,4635
11, 609,670,3544,4629
11, 609,670,3540,4624
Light Source Color - OFF	 , 08/05/2024,19:53:12
12, 561,647,3092,4146
12, 301,525,636,1534
12, 301,525,636,1534
12, 301,525,636,1534
12, 301,525,636,1534
12, 301,525,637,1535
Light Source Color - GREEN	 , 08/05/2024,19:53:18
13, 301,525,637,1535
13, 1695,4341,1148,7434
13, 1692,4336,1148,7425
13, 1691,4334,1147,7421
13, 1690,4333,1147,7418
Light Source Color - OFF	 , 08/05/2024,19:53:24
14, 1459,3699,1062,6439
14, 301,525,636,1534
14, 301,525,637,1535
14, 301,525,637,1535
14, 301,525,637,1535
14, 301,525,637,1535
Light Source Color - BLUE	 , 08/05/2024,19:53:30
15, 301,525,637,1535
15, 5627,2239,703,8515
15, 5623,2239,702,8510
15, 5620,2238,702,8507
15, 5619,2238,702,8504
15, 5624,2241,703,8513
Light Source Color - OFF	 , 08/05/2024,19:53:37
