blank_420ms_1x_0  :  Time_420ms. Gain_1x
Light Source Color - OFF
N,P,K,C
0, 52,91,111,266
0, 52,91,110,266
0, 52,90,110,266
0, 52,90,110,266
0, 52,91,110,266
Light Source Color - WHITE	 , 08/05/2024,20:03:57
1, 52,91,110,266
1, 1200,1030,716,2921
1, 1199,1029,712,2915
1, 1198,1029,710,2912
1, 1197,1028,708,2909
1, 1197,1028,707,2907
1, 1197,1028,706,2905
Light Source Color - OFF	 , 08/05/2024,20:04:04
2, 1147,987,679,2789
2, 52,90,110,265
2, 52,90,110,265
2, 52,90,110,266
2, 52,90,110,266
2, 52,90,110,266
2, 52,90,110,265
Light Source Color - RED	 , 08/05/2024,20:04:10
3, 52,90,110,266
3, 106,116,624,812
3, 106,116,623,811
3, 106,116,622,810
3, 106,116,621,809
3, 106,116,621,808
3, 106,116,620,808
Light Source Color - OFF	 , 08/05/2024,20:04:16
4, 106,116,620,808
4, 52,90,110,265
4, 52,90,110,265
4, 52,90,110,265
4, 52,90,110,265
4, 52,90,110,266
4, 52,90,110,266
Light Source Color - GREEN	 , 08/05/2024,20:04:23
5, 109,244,131,504
5, 294,749,198,1286
5, 294,749,198,1285
5, 294,748,198,1285
5, 294,748,199,1285
5, 294,748,199,1285
5, 294,748,199,1285
Light Source Color - OFF	 , 08/05/2024,20:04:29
6, 293,748,198,1284
6, 52,90,110,265
6, 52,90,110,266
6, 52,90,110,266
6, 52,90,110,266
6, 52,90,110,265
6, 52,90,110,265
Light Source Color - BLUE	 , 08/05/2024,20:04:36
7, 52,90,110,265
7, 975,385,122,1471
7, 975,385,122,1471
7, 974,385,121,1469
7, 974,385,121,1469
7, 974,385,121,1469
7, 974,385,122,1470
Light Source Color - OFF	 , 08/05/2024,20:04:42
8, 974,385,122,1470
8, 52,90,110,265
8, 52,90,110,265
8, 52,90,110,265
8, 52,90,110,265
8, 52,90,110,266
8, 52,90,110,266
Light Source Color - WHITE	 , 08/05/2024,20:04:48
9, 270,269,226,771
9, 1199,1029,714,2917
9, 1198,1028,710,2911
9, 1197,1028,708,2908
9, 1196,1028,706,2905
9, 1196,1028,705,2903
9, 1194,1026,703,2898
Light Source Color - OFF	 , 08/05/2024,20:04:55
10, 1194,1026,702,2896
10, 52,90,110,265
10, 52,90,110,265
10, 52,90,110,265
10, 52,90,110,265
10, 52,90,110,265
10, 52,90,110,265
Light Source Color - RED	 , 08/05/2024,20:05:01
11, 52,90,110,266
11, 106,116,622,810
11, 106,116,620,808
11, 106,116,620,807
11, 106,116,620,807
11, 106,116,619,807
11, 106,116,619,806
Light Source Color - OFF	 , 08/05/2024,20:05:07
12, 92,109,493,672
12, 52,90,110,265
12, 52,90,110,265
12, 52,90,110,266
12, 52,90,110,266
12, 52,90,110,266
12, 52,90,110,266
Light Source Color - GREEN	 , 08/05/2024,20:05:14
13, 52,90,110,265
13, 294,749,199,1286
13, 294,748,199,1285
13, 294,748,199,1285
13, 293,748,199,1284
13, 293,747,198,1283
13, 293,747,198,1283
Light Source Color - OFF	 , 08/05/2024,20:05:20
14, 293,747,198,1283
14, 52,90,110,266
14, 52,90,110,266
14, 52,90,110,265
14, 52,90,110,265
14, 52,90,110,265
14, 52,90,110,266
Light Source Color - BLUE	 , 08/05/2024,20:05:27
15, 52,90,110,266
15, 974,385,121,1469
15, 974,385,121,1469
15, 974,385,121,1469
15, 974,385,122,1469
15, 974,385,122,1469
15, 974,385,122,1470
Light Source Color - OFF	 , 08/05/2024,20:05:33
