blank0_614ms_1x_0  :  Time_614ms. Gain_1x
Light Source Color - OFF
N,P,K,C
0, 76,131,159,384
0, 76,131,159,384
0, 76,131,159,383
0, 76,131,159,383
0, 76,131,159,383
Light Source Color - WHITE	 , 08/05/2024,14:02:05
1, 76,131,159,383
1, 1549,1350,1012,3871
1, 1715,1489,1099,4257
1, 1712,1487,1094,4246
1, 1712,1487,1092,4245
1, 1710,1486,1088,4239
Light Source Color - OFF	 , 08/05/2024,14:02:11
2, 1675,1458,1067,4155
2, 75,130,159,383
2, 76,130,159,383
2, 76,131,159,383
2, 76,131,159,383
2, 76,131,159,383
Light Source Color - RED	 , 08/05/2024,14:02:17
3, 76,131,159,383
3, 163,171,972,1248
3, 162,171,969,1244
3, 162,171,968,1244
3, 162,171,967,1242
3, 162,171,967,1241
Light Source Color - OFF	 , 08/05/2024,14:02:23
4, 162,171,967,1241
4, 76,131,159,383
4, 76,131,159,383
4, 76,131,159,383
4, 76,131,159,383
4, 76,131,159,383
Light Source Color - GREEN	 , 08/05/2024,14:02:29
5, 76,131,159,383
5, 424,1086,289,1862
5, 424,1085,289,1861
5, 423,1084,289,1860
5, 423,1084,289,1859
5, 423,1084,289,1859
Light Source Color - OFF	 , 08/05/2024,14:02:35
6, 423,1084,289,1859
6, 76,130,159,383
6, 76,131,159,383
6, 76,131,159,383
6, 76,131,159,383
6, 76,131,159,383
Light Source Color - BLUE	 , 08/05/2024,14:02:41
7, 76,131,159,383
7, 1143,474,172,1779
7, 1385,552,175,2097
7, 1384,552,175,2095
7, 1385,552,175,2096
7, 1385,552,175,2096
Light Source Color - OFF	 , 08/05/2024,14:02:47
8, 1378,550,175,2086
8, 76,131,159,383
8, 76,131,159,383
8, 76,131,159,383
8, 76,131,159,383
8, 76,131,159,383
Light Source Color - WHITE	 , 08/05/2024,14:02:53
9, 76,131,159,383
9, 1719,1492,1109,4273
9, 1714,1488,1099,4255
9, 1714,1488,1096,4252
9, 1712,1487,1092,4245
9, 1710,1486,1088,4238
Light Source Color - OFF	 , 08/05/2024,14:02:59
10, 1710,1486,1087,4238
10, 75,130,158,382
10, 75,130,159,383
10, 76,130,159,383
10, 75,130,159,383
10, 76,130,159,383
Light Source Color - RED	 , 08/05/2024,14:03:05
11, 76,130,159,383
11, 163,171,971,1246
11, 163,171,970,1245
11, 162,171,968,1243
11, 162,171,967,1242
11, 162,171,967,1242
Light Source Color - OFF	 , 08/05/2024,14:03:11
12, 162,171,966,1241
12, 75,130,159,383
12, 76,130,159,383
12, 76,130,159,383
12, 76,130,159,383
12, 76,131,159,383
Light Source Color - GREEN	 , 08/05/2024,14:03:17
13, 76,130,159,383
13, 356,898,263,1571
13, 424,1085,289,1861
13, 423,1084,289,1859
13, 423,1084,289,1860
13, 423,1084,289,1859
Light Source Color - OFF	 , 08/05/2024,14:03:23
14, 423,1084,289,1858
14, 100,198,168,487
14, 76,130,159,383
14, 76,130,159,383
14, 76,131,159,383
14, 76,130,159,383
Light Source Color - BLUE	 , 08/05/2024,14:03:29
15, 192,168,160,535
15, 1386,552,175,2098
15, 1385,552,175,2096
15, 1385,552,175,2096
15, 1385,552,175,2096
15, 1384,552,175,2095
Light Source Color - OFF	 , 08/05/2024,14:03:35
