blankA_7  :  Time_24ms. Gain_1x
Light Source Color - OFF
N,P,KC
0, 3,5,6,15
0, 3,5,6,15
0, 3,5,6,15
0, 3,5,6,15
0, 3,5,6,15
Light Source Color - WHITE	 , 08/05/2024,12:13:04
1, 65,57,48,167
1, 65,57,47,167
1, 65,57,47,167
1, 65,57,47,167
1, 65,57,47,167
1, 65,57,47,167
Light Source Color - OFF	 , 08/05/2024,12:13:06
2, 3,5,6,15
2, 3,5,6,15
2, 3,5,6,15
2, 3,5,6,15
2, 3,5,6,15
2, 3,5,6,15
2, 3,5,6,15
Light Source Color - RED	 , 08/05/2024,12:13:09
3, 7,7,43,54
3, 7,7,42,54
3, 7,7,42,54
3, 7,7,42,54
3, 7,7,42,54
3, 7,7,42,54
3, 7,7,42,54
Light Source Color - OFF	 , 08/05/2024,12:13:12
4, 3,5,6,15
4, 3,5,6,15
4, 3,5,6,15
4, 3,5,6,15
4, 3,5,6,15
4, 3,5,6,15
4, 3,5,6,15
Light Source Color - GREEN	 , 08/05/2024,12:13:15
5, 17,43,11,74
5, 17,43,11,74
5, 17,43,11,74
5, 17,43,11,74
5, 17,43,11,74
5, 17,43,11,74
5, 17,43,11,74
Light Source Color - OFF	 , 08/05/2024,12:13:17
6, 3,5,6,15
6, 3,5,6,15
6, 3,5,6,15
6, 3,5,6,15
6, 3,5,6,15
6, 3,5,6,15
6, 3,5,6,15
Light Source Color - BLUE	 , 08/05/2024,12:13:20
7, 53,21,7,81
7, 53,21,7,81
7, 53,21,7,81
7, 53,21,7,81
7, 53,21,7,81
7, 53,21,7,81
7, 53,21,7,81
Light Source Color - OFF	 , 08/05/2024,12:13:23
8, 3,5,6,15
8, 3,5,6,15
8, 3,5,6,15
8, 3,5,6,15
8, 3,5,6,15
8, 3,5,6,15
8, 3,5,6,15
Light Source Color - WHITE	 , 08/05/2024,12:13:26
9, 65,57,48,168
9, 65,57,47,167
9, 65,57,47,167
9, 65,57,47,167
9, 65,57,47,167
9, 65,57,47,167
9, 65,57,47,167
Light Source Color - OFF	 , 08/05/2024,12:13:29
10, 3,5,6,15
10, 3,5,6,15
10, 3,5,6,15
10, 3,5,6,15
10, 3,5,6,15
10, 3,5,6,15
10, 3,5,6,15
Light Source Color - RED	 , 08/05/2024,12:13:31
11, 7,7,43,54
11, 7,7,42,54
11, 7,7,42,54
11, 7,7,42,54
11, 7,7,42,54
11, 7,7,42,53
11, 7,7,42,53
Light Source Color - OFF	 , 08/05/2024,12:13:34
12, 3,5,6,15
12, 3,5,6,15
12, 3,5,6,15
12, 3,5,6,15
12, 3,5,6,15
12, 3,5,6,15
12, 3,5,6,15
Light Source Color - GREEN	 , 08/05/2024,12:13:37
13, 17,43,11,74
13, 17,43,11,74
13, 17,43,11,74
13, 17,43,11,74
13, 17,43,11,74
13, 17,43,11,74
13, 17,43,11,74
Light Source Color - OFF	 , 08/05/2024,12:13:40
14, 3,5,6,15
14, 3,5,6,15
14, 3,5,6,15
14, 3,5,6,15
14, 3,5,6,15
14, 3,5,6,15
14, 3,5,6,15
Light Source Color - BLUE	 , 08/05/2024,12:13:43
15, 53,21,7,81
15, 53,21,7,81
15, 53,21,7,81
15, 53,21,7,81
15, 53,21,7,81
15, 53,21,7,81
15, 53,21,7,81
Light Source Color - OFF	 , 08/05/2024,12:13:46
