blank0_240ms_1x_0  :  Time_240ms. Gain_1x
Light Source Color - OFF
N,P,K,C
0, 30,51,62,150
0, 29,51,62,150
0, 29,51,62,150
0, 29,51,62,150
0, 29,51,62,150
0, 29,51,62,150
0, 29,51,62,150
0, 29,51,62,149
Light Source Color - WHITE	 , 08/05/2024,14:05:51
1, 29,51,62,150
1, 676,585,445,1686
1, 675,584,442,1682
1, 674,584,441,1680
1, 673,583,439,1677
1, 673,583,439,1676
1, 673,583,438,1675
1, 672,583,437,1674
1, 672,583,436,1673
Light Source Color - OFF	 , 08/05/2024,14:05:56
2, 672,582,436,1672
2, 29,51,62,149
2, 29,51,62,149
2, 29,51,62,149
2, 29,51,62,149
2, 29,51,62,149
2, 29,51,62,149
2, 29,51,62,149
2, 29,51,62,149
Light Source Color - RED	 , 08/05/2024,14:06:02
3, 29,51,62,149
3, 64,67,390,499
3, 64,67,389,498
3, 64,67,389,497
3, 64,67,389,497
3, 64,67,388,497
3, 64,67,388,496
3, 64,67,388,496
3, 64,67,388,496
Light Source Color - OFF	 , 08/05/2024,14:06:08
4, 64,67,387,496
4, 29,51,62,149
4, 29,51,62,149
4, 29,51,62,149
4, 29,51,62,149
4, 29,51,62,149
4, 29,51,62,149
4, 29,51,62,149
4, 29,51,62,149
Light Source Color - GREEN	 , 08/05/2024,14:06:13
5, 29,51,62,149
5, 167,426,113,731
5, 167,426,113,730
5, 167,426,113,730
5, 167,426,113,730
5, 167,426,113,730
5, 167,426,113,730
5, 167,426,113,730
5, 167,426,113,730
Light Source Color - OFF	 , 08/05/2024,14:06:19
6, 166,425,113,729
6, 29,51,62,149
6, 29,51,62,149
6, 29,51,62,149
6, 29,51,62,149
6, 29,51,62,149
6, 29,51,62,149
6, 29,51,62,149
6, 29,51,62,149
Light Source Color - BLUE	 , 08/05/2024,14:06:25
7, 125,82,63,274
7, 543,215,68,820
7, 543,215,68,820
7, 543,215,68,820
7, 543,215,68,820
7, 543,216,68,820
7, 542,215,68,820
7, 542,215,68,820
7, 542,215,68,820
Light Source Color - OFF	 , 08/05/2024,14:06:30
8, 542,215,68,820
8, 29,51,62,149
8, 29,51,62,149
8, 29,51,62,149
8, 29,51,62,149
8, 29,51,62,149
8, 29,51,62,149
8, 29,51,62,149
8, 29,51,62,149
Light Source Color - WHITE	 , 08/05/2024,14:06:36
9, 29,51,62,149
9, 674,584,440,1679
9, 673,583,438,1675
9, 673,583,437,1674
9, 672,583,435,1671
9, 672,583,435,1671
9, 671,582,434,1669
9, 671,582,433,1667
9, 671,582,432,1667
Light Source Color - OFF	 , 08/05/2024,14:06:41
10, 670,582,432,1665
10, 29,51,62,149
10, 29,51,62,149
10, 29,51,62,149
10, 29,51,62,149
10, 29,51,62,149
10, 29,51,62,149
10, 29,51,62,149
10, 29,51,62,149
Light Source Color - RED	 , 08/05/2024,14:06:47
11, 29,51,62,149
11, 64,67,387,495
11, 64,67,386,493
11, 64,67,385,493
11, 64,67,385,493
11, 64,67,385,493
11, 64,67,385,492
11, 64,67,384,492
11, 64,67,384,492
Light Source Color - OFF	 , 08/05/2024,14:06:53
12, 64,67,384,492
12, 29,51,62,149
12, 29,51,62,149
12, 29,51,62,149
12, 29,51,62,149
12, 29,51,62,149
12, 29,51,62,149
12, 29,51,62,149
12, 29,51,62,149
Light Source Color - GREEN	 , 08/05/2024,14:06:58
13, 52,112,70,244
13, 166,426,113,730
13, 166,425,113,729
13, 166,425,113,729
13, 166,425,113,729
13, 166,425,113,728
13, 166,425,113,728
13, 166,425,113,728
13, 166,425,113,728
Light Source Color - OFF	 , 08/05/2024,14:07:04
14, 166,425,113,728
14, 29,51,62,149
14, 29,51,62,149
14, 29,51,62,149
14, 29,51,62,149
14, 29,51,62,149
14, 29,51,62,149
14, 29,51,62,149
14, 29,51,62,149
Light Source Color - BLUE	 , 08/05/2024,14:07:10
15, 47,56,62,172
15, 542,215,68,820
15, 542,215,68,819
15, 542,216,68,820
15, 542,215,68,819
15, 542,215,68,819
15, 542,215,68,819
15, 542,215,68,819
15, 542,216,68,819
Light Source Color - OFF	 , 08/05/2024,14:07:15
