blank_499ms_1x_0  :  Time_499ms. Gain_1x
Light Source Color - OFF
N,P,K,C
0, 62,108,131,316
0, 62,108,131,316
0, 62,108,131,316
0, 62,108,131,316
0, 62,108,131,316
Light Source Color - WHITE	 , 08/05/2024,20:00:21
1, 397,381,310,1091
1, 1427,1224,853,3474
1, 1428,1225,851,3473
1, 1426,1224,847,3467
1, 1425,1223,845,3463
1, 1424,1223,843,3460
Light Source Color - OFF	 , 08/05/2024,20:00:27
2, 1212,1050,731,2970
2, 62,107,131,315
2, 62,107,131,315
2, 62,107,131,315
2, 62,107,131,315
2, 62,107,131,315
Light Source Color - RED	 , 08/05/2024,20:00:33
3, 66,109,172,359
3, 126,138,743,967
3, 126,138,742,965
3, 126,138,741,964
3, 126,138,740,964
3, 126,138,740,963
Light Source Color - OFF	 , 08/05/2024,20:00:39
4, 125,137,734,956
4, 62,107,131,315
4, 62,107,131,315
4, 62,107,131,315
4, 62,107,131,315
4, 62,107,131,315
Light Source Color - GREEN	 , 08/05/2024,20:00:45
5, 67,121,133,336
5, 350,891,236,1529
5, 350,890,236,1528
5, 349,890,236,1528
5, 349,890,236,1527
5, 349,889,236,1527
Light Source Color - OFF	 , 08/05/2024,20:00:51
6, 349,889,236,1527
6, 62,107,131,315
6, 62,107,131,315
6, 62,107,131,315
6, 62,107,131,315
6, 62,107,131,315
Light Source Color - BLUE	 , 08/05/2024,20:00:56
7, 62,107,131,315
7, 1159,457,144,1748
7, 1159,457,144,1748
7, 1158,457,144,1747
7, 1158,457,144,1747
7, 1158,457,144,1746
Light Source Color - OFF	 , 08/05/2024,20:01:02
8, 1158,457,144,1746
8, 62,107,131,315
8, 62,107,131,315
8, 62,107,131,315
8, 62,107,131,315
8, 62,107,131,315
Light Source Color - WHITE	 , 08/05/2024,20:01:08
9, 62,107,131,315
9, 1426,1224,849,3469
9, 1424,1223,845,3461
9, 1423,1222,842,3456
9, 1421,1221,839,3452
9, 1420,1221,837,3449
Light Source Color - OFF	 , 08/05/2024,20:01:14
10, 1420,1220,836,3446
10, 62,107,131,315
10, 62,107,131,315
10, 62,107,131,315
10, 62,107,131,315
10, 62,107,131,315
Light Source Color - RED	 , 08/05/2024,20:01:20
11, 62,107,131,315
11, 126,138,740,963
11, 126,138,739,962
11, 126,138,738,961
11, 126,138,737,960
11, 126,138,737,960
Light Source Color - OFF	 , 08/05/2024,20:01:26
12, 126,138,736,959
12, 62,107,131,315
12, 62,107,131,315
12, 62,107,131,315
12, 62,107,131,315
12, 62,107,131,315
Light Source Color - GREEN	 , 08/05/2024,20:01:32
13, 62,107,131,315
13, 349,890,236,1528
13, 349,890,236,1527
13, 349,889,236,1527
13, 349,889,236,1526
13, 349,889,236,1526
Light Source Color - OFF	 , 08/05/2024,20:01:38
14, 349,889,236,1526
14, 62,107,131,315
14, 62,107,131,315
14, 62,107,131,315
14, 62,107,131,316
14, 62,107,131,316
Light Source Color - BLUE	 , 08/05/2024,20:01:44
15, 62,107,131,316
15, 1159,458,144,1748
15, 1158,457,144,1747
15, 1158,457,144,1747
15, 1158,457,144,1747
15, 1158,457,144,1746
Light Source Color - OFF	 , 08/05/2024,20:01:50
