blank_360ms_1x_0  :  Time_360ms. Gain_1x
Light Source Color - OFF
N,P,K,C
0, 45,78,95,228
0, 45,78,95,228
0, 45,78,95,228
0, 45,78,95,228
0, 45,78,95,228
0, 45,78,95,228
Light Source Color - WHITE	 , 08/05/2024,20:07:56
1, 135,152,143,438
1, 1031,884,616,2509
1, 1028,882,612,2501
1, 1028,882,610,2498
1, 1027,882,609,2497
1, 1026,881,607,2493
1, 1026,881,606,2491
Light Source Color - OFF	 , 08/05/2024,20:08:02
2, 737,644,455,1824
2, 45,77,95,227
2, 45,78,95,228
2, 45,77,95,227
2, 45,78,95,228
2, 45,78,95,228
2, 45,78,95,228
Light Source Color - RED	 , 08/05/2024,20:08:08
3, 45,78,95,228
3, 91,99,536,697
3, 91,99,535,696
3, 91,99,535,696
3, 91,99,534,695
3, 91,99,534,695
3, 91,99,534,695
Light Source Color - OFF	 , 08/05/2024,20:08:14
4, 91,99,533,694
4, 45,78,95,228
4, 45,78,95,228
4, 45,78,95,228
4, 45,78,95,228
4, 45,78,95,228
4, 45,78,95,228
Light Source Color - GREEN	 , 08/05/2024,20:08:20
5, 87,192,110,405
5, 252,643,170,1103
5, 252,642,170,1103
5, 252,642,170,1102
5, 252,642,170,1102
5, 252,642,170,1102
5, 252,641,170,1101
Light Source Color - OFF	 , 08/05/2024,20:08:26
6, 166,409,139,742
6, 45,77,95,228
6, 45,78,95,228
6, 45,78,95,228
6, 45,78,95,228
6, 45,78,95,228
6, 45,78,95,228
Light Source Color - BLUE	 , 08/05/2024,20:08:32
7, 45,78,95,228
7, 837,330,104,1262
7, 835,330,104,1260
7, 836,330,104,1261
7, 836,330,104,1261
7, 835,330,104,1260
7, 836,330,104,1260
Light Source Color - OFF	 , 08/05/2024,20:08:38
8, 747,302,103,1145
8, 45,78,95,228
8, 45,78,95,228
8, 45,78,95,228
8, 45,78,95,228
8, 45,78,95,228
8, 45,78,95,228
Light Source Color - WHITE	 , 08/05/2024,20:08:44
9, 45,78,95,228
9, 1028,883,613,2502
9, 1028,882,610,2498
9, 1027,882,608,2496
9, 1025,881,606,2491
9, 1025,881,605,2490
9, 1025,881,604,2489
Light Source Color - OFF	 , 08/05/2024,20:08:50
10, 1024,880,603,2485
10, 45,77,94,227
10, 45,77,95,227
10, 45,77,95,228
10, 45,77,95,227
10, 45,77,95,228
10, 45,78,95,228
Light Source Color - RED	 , 08/05/2024,20:08:56
11, 46,78,109,243
11, 91,99,534,695
11, 91,99,533,694
11, 91,99,533,693
11, 91,99,532,693
11, 91,99,532,693
11, 91,99,532,692
Light Source Color - OFF	 , 08/05/2024,20:09:02
12, 79,93,417,571
12, 45,77,95,228
12, 45,78,95,228
12, 45,77,95,228
12, 45,78,95,228
12, 45,78,95,228
12, 45,78,95,228
Light Source Color - GREEN	 , 08/05/2024,20:09:08
13, 45,78,95,228
13, 252,642,170,1102
13, 252,642,170,1102
13, 252,642,170,1102
13, 252,641,170,1101
13, 252,641,170,1101
13, 252,641,170,1101
Light Source Color - OFF	 , 08/05/2024,20:09:14
14, 251,641,170,1100
14, 45,78,95,228
14, 45,78,95,228
14, 45,78,95,228
14, 45,78,95,228
14, 45,78,95,228
14, 45,78,95,228
Light Source Color - BLUE	 , 08/05/2024,20:09:20
15, 164,115,96,383
15, 836,330,104,1261
15, 836,330,104,1261
15, 835,330,104,1260
15, 835,330,104,1260
15, 836,330,104,1261
15, 835,330,104,1259
Light Source Color - OFF	 , 08/05/2024,20:09:26
