blank_401ms_1x_0  :  Time_401ms. Gain_1x
Light Source Color - OFF
N,P,K,C
0, 50,86,105,254
0, 50,86,105,253
0, 50,86,105,254
0, 50,86,105,254
0, 50,86,105,254
Light Source Color - WHITE	 , 08/05/2024,20:05:54
1, 174,188,172,542
1, 1146,983,684,2789
1, 1144,982,680,2783
1, 1144,982,678,2780
1, 1142,981,676,2774
1, 1141,980,674,2772
1, 1141,980,673,2771
Light Source Color - OFF	 , 08/05/2024,20:06:00
2, 736,648,462,1835
2, 50,86,105,253
2, 50,86,105,253
2, 50,86,105,253
2, 50,86,105,253
2, 50,86,105,254
2, 50,86,105,253
Light Source Color - RED	 , 08/05/2024,20:06:07
3, 50,86,105,253
3, 101,111,596,775
3, 101,111,594,774
3, 101,111,593,772
3, 101,111,593,772
3, 101,111,593,772
3, 101,111,592,772
Light Source Color - OFF	 , 08/05/2024,20:06:13
4, 99,109,572,750
4, 50,86,105,253
4, 50,86,105,253
4, 50,86,105,254
4, 50,86,105,253
4, 50,86,105,253
4, 50,86,105,253
Light Source Color - GREEN	 , 08/05/2024,20:06:19
5, 50,86,105,254
5, 281,715,189,1227
5, 280,714,189,1227
5, 280,714,189,1226
5, 280,714,189,1226
5, 280,714,190,1226
5, 280,714,189,1225
Light Source Color - OFF	 , 08/05/2024,20:06:25
6, 280,714,189,1225
6, 50,86,105,253
6, 50,86,105,253
6, 50,86,105,253
6, 50,86,105,253
6, 50,86,105,254
6, 50,86,105,254
Light Source Color - BLUE	 , 08/05/2024,20:06:32
7, 121,109,106,347
7, 930,367,116,1404
7, 930,367,116,1403
7, 930,368,116,1404
7, 929,367,116,1402
7, 929,367,116,1402
7, 930,367,116,1403
Light Source Color - OFF	 , 08/05/2024,20:06:38
8, 930,367,116,1403
8, 50,86,105,253
8, 50,86,105,253
8, 50,86,105,254
8, 50,86,105,254
8, 50,86,105,254
8, 50,86,105,254
Light Source Color - WHITE	 , 08/05/2024,20:06:44
9, 50,86,105,253
9, 1146,983,682,2787
9, 1144,982,679,2781
9, 1141,981,675,2773
9, 1141,980,674,2771
9, 1141,980,672,2770
9, 1140,980,671,2768
Light Source Color - OFF	 , 08/05/2024,20:06:50
10, 989,856,592,2419
10, 50,86,105,253
10, 50,86,105,253
10, 50,86,105,253
10, 50,86,105,253
10, 50,86,105,253
10, 50,86,105,253
Light Source Color - RED	 , 08/05/2024,20:06:57
11, 50,86,105,253
11, 101,111,593,772
11, 101,110,592,771
11, 101,110,592,771
11, 101,110,591,770
11, 101,110,591,770
11, 101,110,591,769
Light Source Color - OFF	 , 08/05/2024,20:07:03
12, 101,110,590,769
12, 50,86,105,253
12, 50,86,105,254
12, 50,86,105,253
12, 50,86,105,253
12, 50,86,105,253
12, 50,86,105,253
Light Source Color - GREEN	 , 08/05/2024,20:07:09
13, 85,182,118,402
13, 280,715,189,1227
13, 280,714,189,1226
13, 280,714,189,1226
13, 280,714,190,1226
13, 280,713,189,1225
13, 280,713,189,1225
Light Source Color - OFF	 , 08/05/2024,20:07:15
14, 280,713,189,1225
14, 50,86,105,253
14, 50,86,105,253
14, 50,86,105,253
14, 50,86,105,253
14, 50,86,105,254
14, 50,86,105,253
Light Source Color - BLUE	 , 08/05/2024,20:07:22
15, 50,86,105,253
15, 931,367,116,1404
15, 931,368,116,1404
15, 929,367,116,1402
15, 930,367,116,1403
15, 930,367,116,1403
15, 930,368,116,1403
Light Source Color - OFF	 , 08/05/2024,20:07:28
