blank0_50ms_1x_0  :  Time_50ms. Gain_1x
Light Source Color - OFF
N,P,K,C
0, 6,11,6,15
0, 6,11,13,32
0, 6,11,13,32
0, 6,11,13,32
0, 6,11,13,32
0, 6,11,13,32
0, 6,11,13,32
0, 6,11,13,32
0, 6,11,13,32
0, 6,11,13,32
0, 6,11,13,32
0, 6,11,13,32
0, 6,11,13,32
Light Source Color - WHITE	 , 08/05/2024,13:54:08
1, 54,50,42,145
1, 142,123,95,356
1, 142,123,94,355
1, 142,123,94,355
1, 142,123,94,355
1, 142,123,94,354
1, 142,123,94,354
1, 142,123,94,354
1, 142,123,93,354
1, 142,123,93,354
1, 141,123,93,353
1, 141,123,93,353
1, 141,123,93,353
1, 141,123,93,353
Light Source Color - OFF	 , 08/05/2024,13:54:14
2, 82,73,58,212
2, 6,11,13,31
2, 6,11,13,32
2, 6,11,13,32
2, 6,11,13,32
2, 6,11,13,32
2, 6,11,13,32
2, 6,11,13,32
2, 6,11,13,32
2, 6,11,13,32
2, 6,11,13,32
2, 6,11,13,32
2, 6,11,13,32
2, 6,11,13,32
Light Source Color - RED	 , 08/05/2024,13:54:20
3, 11,13,58,79
3, 14,14,83,106
3, 14,14,83,106
3, 14,14,83,106
3, 14,14,83,106
3, 14,14,83,106
3, 14,14,83,106
3, 14,14,83,106
3, 14,14,83,106
3, 14,14,83,106
3, 14,14,83,106
3, 14,14,83,106
3, 14,14,83,106
3, 14,14,83,106
Light Source Color - OFF	 , 08/05/2024,13:54:26
4, 8,12,29,49
4, 6,11,13,32
4, 6,11,13,32
4, 6,11,13,32
4, 6,11,13,32
4, 6,11,13,32
4, 6,11,13,32
4, 6,11,13,32
4, 6,11,13,32
4, 6,11,13,32
4, 6,11,13,32
4, 6,11,13,32
4, 6,11,13,32
4, 6,11,13,32
Light Source Color - GREEN	 , 08/05/2024,13:54:32
5, 35,90,24,154
5, 35,90,24,154
5, 35,90,24,154
5, 35,90,24,154
5, 35,90,24,154
5, 35,90,24,154
5, 35,90,24,154
5, 35,90,24,154
5, 35,90,24,154
5, 35,90,24,154
5, 35,90,24,154
5, 35,90,24,154
5, 35,90,24,154
5, 35,90,24,154
Light Source Color - OFF	 , 08/05/2024,13:54:38
6, 32,81,23,140
6, 6,11,13,32
6, 6,11,13,32
6, 6,11,13,32
6, 6,11,13,32
6, 6,11,13,32
6, 6,11,13,32
6, 6,11,13,32
6, 6,11,13,32
6, 6,11,13,32
6, 6,11,13,32
6, 6,11,13,32
6, 6,11,13,32
6, 6,11,13,32
Light Source Color - BLUE	 , 08/05/2024,13:54:44
7, 114,45,14,173
7, 114,45,14,173
7, 114,45,14,173
7, 114,45,14,173
7, 114,45,14,173
7, 114,45,14,173
7, 114,45,14,173
7, 114,45,14,173
7, 114,45,14,173
7, 114,45,14,173
7, 114,45,14,173
7, 114,45,14,173
7, 114,45,14,173
7, 114,45,14,173
Light Source Color - OFF	 , 08/05/2024,13:54:50
8, 91,38,14,143
8, 6,11,13,32
8, 6,11,13,32
8, 6,11,13,32
8, 6,11,13,32
8, 6,11,13,32
8, 6,11,13,32
8, 6,11,13,32
8, 6,11,13,32
8, 6,11,13,32
8, 6,11,13,32
8, 6,11,13,32
8, 6,11,13,32
8, 6,11,13,32
Light Source Color - WHITE	 , 08/05/2024,13:54:56
9, 107,94,73,272
9, 142,123,94,355
9, 142,123,93,354
9, 142,123,93,354
9, 142,123,93,353
9, 142,123,93,353
9, 142,123,93,353
9, 141,123,93,353
9, 141,123,92,353
9, 141,123,92,352
9, 141,123,92,352
9, 141,122,92,352
9, 141,122,92,352
9, 141,122,92,352
Light Source Color - OFF	 , 08/05/2024,13:55:03
10, 6,11,13,31
10, 6,11,13,31
10, 6,11,13,32
10, 6,11,13,32
10, 6,11,13,32
10, 6,11,13,32
10, 6,11,13,32
10, 6,11,13,32
10, 6,11,13,32
10, 6,11,13,32
10, 6,11,13,32
10, 6,11,13,32
10, 6,11,13,32
10, 6,11,13,32
Light Source Color - RED	 , 08/05/2024,13:55:09
11, 9,12,38,58
11, 13,14,83,105
11, 13,14,82,105
11, 13,14,82,105
11, 13,14,82,105
11, 13,14,82,105
11, 13,14,82,105
11, 13,14,82,105
11, 13,14,82,105
11, 13,14,82,105
11, 13,14,82,105
11, 13,14,82,105
11, 13,14,82,105
11, 13,14,82,105
Light Source Color - OFF	 , 08/05/2024,13:55:15
12, 8,12,31,50
12, 6,11,13,32
12, 6,11,13,32
12, 6,11,13,32
12, 6,11,13,32
12, 6,11,13,32
12, 6,11,13,32
12, 6,11,13,32
12, 6,11,13,32
12, 6,11,13,32
12, 6,11,13,32
12, 6,11,13,32
12, 6,11,13,32
12, 6,11,13,32
Light Source Color - GREEN	 , 08/05/2024,13:55:21
13, 33,85,23,147
13, 35,90,24,154
13, 35,90,24,154
13, 35,90,24,154
13, 35,90,24,154
13, 35,90,24,154
13, 35,90,24,154
13, 35,90,24,154
13, 35,90,24,154
13, 35,90,24,154
13, 35,90,24,154
13, 35,90,24,154
13, 35,90,24,154
13, 35,90,24,154
Light Source Color - OFF	 , 08/05/2024,13:55:27
14, 28,69,21,122
14, 6,11,13,32
14, 6,11,13,32
14, 6,11,13,32
14, 6,11,13,32
14, 6,11,13,32
14, 6,11,13,32
14, 6,11,13,32
14, 6,11,13,32
14, 6,11,13,32
14, 6,11,13,32
14, 6,11,13,32
14, 6,11,13,32
14, 6,11,13,32
Light Source Color - BLUE	 , 08/05/2024,13:55:33
15, 56,27,14,97
15, 114,45,14,173
15, 114,45,14,173
15, 114,45,14,173
15, 114,45,14,173
15, 114,45,14,173
15, 114,45,14,173
15, 114,45,14,173
15, 114,45,14,173
15, 114,45,14,173
15, 114,45,14,173
15, 114,45,14,173
15, 114,45,14,173
15, 114,45,14,173
Light Source Color - OFF	 , 08/05/2024,13:55:39
