blank_240ms_1x_0  :  Time_240ms. Gain_1x
Light Source Color - OFF
N,P,K,C
0, 30,52,63,152
0, 30,52,63,152
0, 30,52,63,152
0, 30,52,63,152
0, 30,52,63,152
0, 30,52,63,152
0, 30,52,63,152
Light Source Color - WHITE	 , 08/05/2024,20:11:36
1, 195,187,151,534
1, 686,589,410,1671
1, 686,588,408,1668
1, 685,588,407,1666
1, 685,588,406,1664
1, 684,588,405,1663
1, 684,587,405,1662
1, 684,587,404,1660
Light Source Color - OFF	 , 08/05/2024,20:11:42
2, 683,587,403,1659
2, 30,52,63,152
2, 30,52,63,152
2, 30,52,63,152
2, 30,52,63,152
2, 30,52,63,152
2, 30,52,63,152
2, 30,52,63,152
Light Source Color - RED	 , 08/05/2024,20:11:48
3, 37,55,136,229
3, 61,66,357,465
3, 61,66,357,464
3, 61,66,356,464
3, 61,66,356,463
3, 61,66,356,463
3, 61,66,356,463
3, 61,66,356,463
Light Source Color - OFF	 , 08/05/2024,20:11:53
4, 61,66,355,463
4, 30,52,63,152
4, 30,52,63,152
4, 30,52,63,152
4, 30,52,63,152
4, 30,52,63,152
4, 30,52,63,152
4, 30,52,63,152
Light Source Color - GREEN	 , 08/05/2024,20:11:59
5, 83,195,82,374
5, 168,428,113,735
5, 168,428,113,735
5, 168,428,113,735
5, 168,428,113,734
5, 168,428,113,734
5, 168,428,113,734
5, 168,428,113,734
Light Source Color - OFF	 , 08/05/2024,20:12:05
6, 168,428,113,734
6, 30,52,63,152
6, 30,52,63,152
6, 30,52,63,152
6, 30,52,63,152
6, 30,52,63,152
6, 30,52,63,152
6, 30,52,63,152
Light Source Color - BLUE	 , 08/05/2024,20:12:11
7, 280,131,66,479
7, 557,220,69,840
7, 557,220,69,840
7, 557,220,69,840
7, 557,220,69,840
7, 557,220,69,840
7, 557,220,69,840
7, 557,220,69,840
Light Source Color - OFF	 , 08/05/2024,20:12:17
8, 477,194,68,735
8, 30,52,63,152
8, 30,52,63,152
8, 30,52,63,152
8, 30,52,63,152
8, 30,52,63,152
8, 30,52,63,152
8, 30,52,63,152
Light Source Color - WHITE	 , 08/05/2024,20:12:23
9, 30,52,63,152
9, 686,589,409,1669
9, 685,588,407,1665
9, 684,588,406,1663
9, 684,587,405,1662
9, 683,587,404,1660
9, 683,587,403,1659
9, 683,587,403,1658
Light Source Color - OFF	 , 08/05/2024,20:12:28
10, 481,422,297,1192
10, 30,52,63,152
10, 30,52,63,152
10, 30,52,63,152
10, 30,52,63,152
10, 30,52,63,152
10, 30,52,63,152
10, 30,52,63,152
Light Source Color - RED	 , 08/05/2024,20:12:34
11, 30,52,63,152
11, 61,66,356,464
11, 61,66,356,463
11, 61,66,355,462
11, 60,66,355,462
11, 60,66,355,462
11, 60,66,355,462
11, 60,66,354,462
Light Source Color - OFF	 , 08/05/2024,20:12:40
12, 48,60,233,333
12, 30,52,63,152
12, 30,52,63,152
12, 30,52,63,152
12, 30,52,63,152
12, 30,52,63,152
12, 30,52,63,152
12, 30,52,63,152
Light Source Color - GREEN	 , 08/05/2024,20:12:46
13, 39,77,66,190
13, 168,428,113,735
13, 168,428,113,734
13, 168,428,113,734
13, 168,428,113,734
13, 168,427,113,734
13, 168,427,113,734
13, 168,427,113,734
Light Source Color - OFF	 , 08/05/2024,20:12:52
14, 101,245,89,452
14, 30,52,63,152
14, 30,52,63,152
14, 30,52,63,152
14, 30,52,63,152
14, 30,52,63,152
14, 30,52,63,152
14, 30,52,63,152
Light Source Color - BLUE	 , 08/05/2024,20:12:58
15, 104,75,64,249
15, 557,220,69,840
15, 557,220,69,840
15, 557,220,69,840
15, 557,220,69,840
15, 557,220,69,840
15, 557,220,69,840
15, 557,220,69,840
Light Source Color - OFF	 , 08/05/2024,20:13:04
