blank_614ms_16x_0  :  Time_614ms. Gain_16x
Light Source Color - OFF
N,P,K,C
0, 1221,2102,2569,6188
0, 1221,2102,2569,6188
0, 1221,2102,2568,6186
0, 1220,2101,2567,6184
Light Source Color - WHITE	 , 08/05/2024,19:46:03
1, 1220,2100,2566,6181
1, 27712,23806,15938,65535
1, 27706,23803,15882,65535
1, 27669,23780,15805,65535
1, 27634,23757,15749,65535
Light Source Color - OFF	 , 08/05/2024,19:46:09
2, 27609,23741,15705,65535
2, 1218,2097,2563,6174
2, 1219,2099,2565,6178
2, 1220,2100,2566,6182
2, 1220,2100,2566,6181
2, 1219,2099,2566,6180
Light Source Color - RED	 , 08/05/2024,19:46:15
3, 1232,2105,2688,6308
3, 2430,2661,13874,18172
3, 2426,2658,13822,18115
3, 2425,2657,13803,18093
3, 2423,2655,13791,18078
Light Source Color - OFF	 , 08/05/2024,19:46:21
4, 2422,2654,13783,18069
4, 1219,2099,2565,6178
4, 1220,2100,2567,6182
4, 1220,2101,2567,6183
4, 1220,2100,2567,6183
4, 1220,2100,2567,6182
Light Source Color - GREEN	 , 08/05/2024,19:46:27
5, 1726,3477,2754,8324
5, 6784,17256,4635,29765
5, 6772,17233,4634,29729
5, 6766,17222,4632,29709
5, 6763,17215,4631,29696
Light Source Color - OFF	 , 08/05/2024,19:46:33
6, 6760,17209,4629,29685
6, 1219,2098,2564,6176
6, 1220,2100,2567,6182
6, 1220,2100,2567,6183
6, 1220,2100,2567,6182
6, 1220,2099,2566,6181
Light Source Color - BLUE	 , 08/05/2024,19:46:40
7, 4525,3160,2606,10506
7, 22635,8979,2832,34221
7, 22623,8980,2832,34209
7, 22611,8977,2830,34192
7, 22601,8974,2829,34176
7, 22613,8979,2830,34197
Light Source Color - OFF	 , 08/05/2024,19:46:46
8, 22615,8980,2831,34199
8, 1220,2100,2567,6182
8, 1220,2100,2567,6183
8, 1220,2100,2567,6182
8, 1220,2101,2568,6184
8, 1221,2102,2569,6186
Light Source Color - WHITE	 , 08/05/2024,19:46:53
9, 1220,2101,2568,6185
9, 27808,23861,16096,65535
9, 27740,23817,15973,65535
9, 27697,23791,15903,65535
9, 27710,23799,15881,65535
Light Source Color - OFF	 , 08/05/2024,19:46:58
10, 27686,23785,15836,65535
10, 1218,2098,2564,6175
10, 1219,2099,2565,6178
10, 1219,2099,2566,6179
10, 1220,2100,2567,6183
10, 1220,2100,2567,6183
Light Source Color - RED	 , 08/05/2024,19:47:05
11, 1220,2100,2567,6182
11, 2437,2665,13965,18270
11, 2434,2662,13929,18228
11, 2434,2662,13922,18223
11, 2433,2663,13911,18212
Light Source Color - OFF	 , 08/05/2024,19:47:10
12, 2432,2661,13902,18200
12, 1219,2099,2566,6181
12, 1220,2100,2567,6181
12, 1219,2099,2566,6180
12, 1220,2101,2568,6185
12, 1220,2101,2568,6186
Light Source Color - GREEN	 , 08/05/2024,19:47:17
13, 1220,2101,2568,6184
13, 6796,17280,4635,29800
13, 6787,17262,4633,29771
13, 6786,17261,4635,29772
13, 6784,17256,4635,29763
Light Source Color - OFF	 , 08/05/2024,19:47:23
14, 6782,17252,4634,29758
14, 1220,2100,2567,6182
14, 1220,2100,2567,6182
14, 1220,2101,2568,6184
14, 1220,2102,2569,6187
14, 1220,2101,2569,6186
Light Source Color - BLUE	 , 08/05/2024,19:47:29
15, 1220,2101,2568,6185
15, 22655,8977,2832,34240
15, 22641,8975,2830,34222
15, 22662,8984,2834,34255
15, 22654,8982,2833,34243
15, 22643,8979,2831,34228
Light Source Color - OFF	 , 08/05/2024,19:47:36
