blank0_2.4ms_1x_1  :  Time_2.4ms. Gain_1x
Light Source Color - OFF
N,P,K,C
0, 0,0,1,1
0, 0,0,1,1
0, 0,0,1,1
0, 0,0,1,1
0, 0,0,1,1
0, 0,0,1,1
0, 0,0,1,1
0, 0,0,1,1
0, 0,0,1,1
0, 0,0,1,1
0, 0,0,1,1
0, 0,0,1,1
0, 0,0,1,1
0, 0,0,1,1
Light Source Color - WHITE	 , 08/05/2024,13:56:52
1, 7,6,4,17
1, 7,6,4,17
1, 7,6,4,17
1, 7,6,4,17
1, 7,6,4,17
1, 7,6,4,17
1, 7,6,4,17
1, 7,6,4,17
1, 7,6,4,17
1, 7,6,4,17
1, 7,6,4,17
1, 7,6,4,17
1, 7,6,4,16
1, 7,6,4,17
1, 7,6,4,16
1, 7,6,4,16
Light Source Color - OFF	 , 08/05/2024,13:56:58
