blank_120ms_1x_0  :  Time_120ms. Gain_1x
Light Source Color - OFF
N,P,K,C
0, 15,26,32,76
0, 15,26,32,76
0, 15,26,32,76
0, 15,26,32,76
0, 15,26,32,76
0, 15,26,32,76
0, 15,26,32,76
0, 15,26,32,76
Light Source Color - WHITE	 , 08/05/2024,20:20:23
1, 271,235,169,670
1, 344,295,207,839
1, 344,295,206,837
1, 343,294,206,836
1, 343,294,205,836
1, 343,294,205,835
1, 343,294,205,834
1, 343,294,204,834
1, 343,294,204,833
Light Source Color - OFF	 , 08/05/2024,20:20:28
2, 76,76,64,217
2, 15,26,32,76
2, 15,26,32,76
2, 15,26,32,76
2, 15,26,32,76
2, 15,26,32,76
2, 15,26,32,76
2, 15,26,32,76
2, 15,26,32,76
2, 15,26,32,76
Light Source Color - RED	 , 08/05/2024,20:20:34
3, 22,29,96,144
3, 30,33,181,235
3, 30,33,180,234
3, 30,33,180,234
3, 30,33,180,234
3, 30,33,180,234
3, 30,33,180,234
3, 30,33,180,234
3, 30,33,180,233
Light Source Color - OFF	 , 08/05/2024,20:20:40
4, 23,30,113,163
4, 15,26,32,76
4, 15,26,32,76
4, 15,26,32,76
4, 15,26,32,76
4, 15,26,32,76
4, 15,26,32,76
4, 15,26,32,76
4, 15,26,32,76
4, 15,26,32,76
Light Source Color - GREEN	 , 08/05/2024,20:20:46
5, 84,215,57,369
5, 84,215,57,368
5, 84,215,57,368
5, 84,214,57,368
5, 84,214,57,368
5, 84,214,57,368
5, 84,214,57,368
5, 84,214,57,368
5, 84,214,57,368
Light Source Color - OFF	 , 08/05/2024,20:20:51
6, 15,26,32,76
6, 15,26,32,76
6, 15,26,32,76
6, 15,26,32,76
6, 15,26,32,76
6, 15,26,32,76
6, 15,26,32,76
6, 15,26,32,76
6, 15,26,32,76
6, 15,26,32,76
Light Source Color - BLUE	 , 08/05/2024,20:20:58
7, 226,93,34,351
7, 279,110,35,421
7, 279,110,35,421
7, 279,110,35,421
7, 279,110,35,421
7, 279,110,35,421
7, 279,110,35,421
7, 279,110,35,421
7, 279,110,35,421
7, 279,110,35,421
Light Source Color - OFF	 , 08/05/2024,20:21:04
8, 158,72,33,263
8, 15,26,32,76
8, 15,26,32,76
8, 15,26,32,76
8, 15,26,32,76
8, 15,26,32,76
8, 15,26,32,76
8, 15,26,32,76
8, 15,26,32,76
8, 15,26,32,76
Light Source Color - WHITE	 , 08/05/2024,20:21:10
9, 345,295,208,840
9, 344,295,206,837
9, 343,294,205,836
9, 343,294,205,835
9, 343,294,204,834
9, 343,294,204,833
9, 343,294,204,833
9, 342,294,203,832
9, 342,294,203,832
Light Source Color - OFF	 , 08/05/2024,20:21:15
10, 15,26,31,76
10, 15,26,32,76
10, 15,26,32,76
10, 15,26,32,76
10, 15,26,32,76
10, 15,26,32,76
10, 15,26,32,76
10, 15,26,32,76
10, 15,26,32,76
10, 15,26,32,76
Light Source Color - RED	 , 08/05/2024,20:21:21
11, 27,32,150,202
11, 30,33,180,234
11, 30,33,179,233
11, 30,33,179,233
11, 30,33,179,233
11, 30,33,179,233
11, 30,33,179,233
11, 30,33,179,233
11, 30,33,179,233
Light Source Color - OFF	 , 08/05/2024,20:21:27
12, 18,27,61,108
12, 15,26,32,76
12, 15,26,32,76
12, 15,26,32,76
12, 15,26,32,76
12, 15,26,32,76
12, 15,26,32,76
12, 15,26,32,76
12, 15,26,32,76
12, 15,26,32,76
Light Source Color - GREEN	 , 08/05/2024,20:21:33
13, 47,112,43,210
13, 84,215,57,368
13, 84,214,57,368
13, 84,214,57,368
13, 84,214,57,368
13, 84,214,57,368
13, 84,214,57,368
13, 84,214,57,368
13, 84,214,57,368
Light Source Color - OFF	 , 08/05/2024,20:21:39
14, 54,133,46,242
14, 15,26,32,76
14, 15,26,32,76
14, 15,26,32,76
14, 15,26,32,76
14, 15,26,32,76
14, 15,26,32,76
14, 15,26,32,76
14, 15,26,32,76
14, 15,26,32,76
Light Source Color - BLUE	 , 08/05/2024,20:21:45
15, 279,110,35,421
15, 279,110,35,420
15, 279,110,35,420
15, 279,110,35,420
15, 279,110,35,420
15, 279,110,35,420
15, 279,110,35,420
15, 279,110,35,420
15, 279,110,35,420
15, 279,110,35,420
Light Source Color - OFF	 , 08/05/2024,20:21:51
