blank_614ms_1x_0  :  Time_614ms. Gain_1x
Light Source Color - OFF
N,P,K,C
0, 76,132,161,388
0, 76,132,161,388
0, 76,132,161,388
0, 76,132,161,388
Light Source Color - WHITE	 , 08/05/2024,19:54:02
1, 76,132,161,388
1, 1751,1503,1037,4255
1, 1750,1503,1033,4251
1, 1748,1502,1028,4242
1, 1746,1501,1025,4235
Light Source Color - OFF	 , 08/05/2024,19:54:08
2, 1744,1499,1022,4229
2, 76,132,161,387
2, 76,132,161,387
2, 76,132,161,387
2, 76,132,161,387
2, 76,132,161,387
Light Source Color - RED	 , 08/05/2024,19:54:14
3, 76,132,161,387
3, 155,169,903,1177
3, 155,169,902,1176
3, 155,169,901,1175
3, 154,169,900,1174
Light Source Color - OFF	 , 08/05/2024,19:54:20
4, 154,169,899,1173
4, 76,132,161,387
4, 76,132,161,387
4, 76,132,161,388
4, 76,132,161,388
4, 76,132,161,387
Light Source Color - GREEN	 , 08/05/2024,19:54:26
5, 76,132,161,387
5, 429,1092,290,1876
5, 429,1092,290,1876
5, 429,1092,290,1875
5, 428,1091,290,1874
Light Source Color - OFF	 , 08/05/2024,19:54:32
6, 428,1091,290,1874
6, 76,132,161,387
6, 76,132,161,388
6, 76,132,161,388
6, 76,132,161,388
6, 76,132,161,388
Light Source Color - BLUE	 , 08/05/2024,19:54:39
7, 76,132,161,388
7, 1423,563,177,2147
7, 1424,563,177,2149
7, 1424,563,177,2149
7, 1423,563,177,2148
7, 1423,563,177,2147
Light Source Color - OFF	 , 08/05/2024,19:54:45
8, 1294,522,176,1979
8, 76,132,161,388
8, 76,132,161,388
8, 76,132,161,388
8, 76,132,161,388
8, 76,132,161,388
Light Source Color - WHITE	 , 08/05/2024,19:54:52
9, 76,132,161,388
9, 1753,1505,1039,4261
9, 1749,1502,1031,4245
9, 1746,1501,1026,4237
9, 1744,1500,1023,4231
Light Source Color - OFF	 , 08/05/2024,19:54:57
10, 1550,1341,921,3783
10, 76,132,161,387
10, 76,132,161,387
10, 76,132,161,387
10, 76,132,161,387
10, 76,132,161,388
Light Source Color - RED	 , 08/05/2024,19:55:04
11, 76,132,161,388
11, 155,169,904,1178
11, 155,169,901,1175
11, 154,169,900,1173
11, 154,169,899,1172
Light Source Color - OFF	 , 08/05/2024,19:55:10
12, 145,164,807,1075
12, 76,132,161,388
12, 76,132,161,388
12, 76,132,161,388
12, 76,132,161,388
Light Source Color - GREEN	 , 08/05/2024,19:55:15
13, 86,158,164,429
13, 429,1094,290,1878
13, 429,1092,290,1876
13, 428,1092,290,1875
13, 428,1091,290,1874
Light Source Color - OFF	 , 08/05/2024,19:55:21
14, 428,1091,290,1873
14, 76,132,161,387
14, 76,132,161,388
14, 76,132,161,388
14, 76,132,161,388
14, 76,132,161,388
Light Source Color - BLUE	 , 08/05/2024,19:55:27
15, 114,144,161,437
15, 1424,563,177,2149
15, 1424,563,177,2149
15, 1423,563,177,2148
15, 1423,563,177,2147
15, 1422,563,177,2146
Light Source Color - OFF	 , 08/05/2024,19:55:34
