blank_600ms_1x_0  :  Time_600ms. Gain_1x
Light Source Color - OFF
N,P,K,C
0, 75,129,157,379
0, 74,129,157,379
0, 74,129,157,379
0, 74,129,157,379
Light Source Color - WHITE	 , 08/05/2024,19:55:54
1, 74,129,157,379
1, 1712,1470,1016,4162
1, 1711,1469,1012,4157
1, 1709,1468,1008,4150
1, 1708,1467,1004,4143
1, 1706,1466,1001,4137
Light Source Color - OFF	 , 08/05/2024,19:56:01
2, 1704,1465,999,4133
2, 74,129,157,378
2, 74,129,157,378
2, 74,129,157,379
2, 74,129,157,379
2, 74,129,157,379
Light Source Color - RED	 , 08/05/2024,19:56:07
3, 74,129,157,379
3, 151,165,884,1152
3, 151,165,882,1149
3, 151,165,882,1149
3, 151,165,881,1148
3, 151,165,880,1147
Light Source Color - OFF	 , 08/05/2024,19:56:14
4, 151,165,879,1147
4, 74,129,157,379
4, 74,129,157,379
4, 74,129,157,379
4, 74,129,157,379
4, 74,129,157,379
Light Source Color - GREEN	 , 08/05/2024,19:56:20
5, 74,129,157,379
5, 419,1068,283,1834
5, 419,1067,283,1832
5, 419,1067,283,1833
5, 419,1067,283,1832
5, 418,1066,283,1831
Light Source Color - OFF	 , 08/05/2024,19:56:27
6, 418,1066,283,1830
6, 74,129,157,379
6, 74,129,157,379
6, 74,129,157,379
6, 74,129,157,379
6, 74,129,157,379
Light Source Color - BLUE	 , 08/05/2024,19:56:33
7, 74,129,157,379
7, 1391,550,173,2098
7, 1390,550,173,2097
7, 1391,550,173,2099
7, 1391,550,173,2099
7, 1390,550,173,2098
Light Source Color - OFF	 , 08/05/2024,19:56:40
8, 1390,550,173,2097
8, 74,129,157,379
8, 74,129,157,379
8, 74,129,157,379
8, 74,129,157,379
8, 74,129,157,379
Light Source Color - WHITE	 , 08/05/2024,19:56:46
9, 74,129,157,379
9, 1710,1469,1013,4156
9, 1710,1468,1009,4151
9, 1708,1467,1005,4144
9, 1706,1466,1001,4138
9, 1704,1465,999,4132
Light Source Color - OFF	 , 08/05/2024,19:56:53
10, 1703,1464,996,4128
10, 74,129,157,378
10, 74,129,157,378
10, 74,129,157,379
10, 74,129,157,379
10, 74,129,157,379
Light Source Color - RED	 , 08/05/2024,19:57:00
11, 74,129,157,379
11, 151,165,882,1149
11, 151,165,881,1148
11, 151,165,879,1147
11, 151,165,879,1146
11, 151,165,878,1145
Light Source Color - OFF	 , 08/05/2024,19:57:06
12, 151,165,877,1145
12, 74,129,157,379
12, 74,129,157,379
12, 74,129,157,379
12, 74,129,157,379
12, 74,129,157,379
Light Source Color - GREEN	 , 08/05/2024,19:57:13
13, 74,129,157,379
13, 419,1067,283,1833
13, 418,1066,283,1831
13, 419,1067,283,1832
13, 418,1066,283,1831
13, 418,1066,283,1830
Light Source Color - OFF	 , 08/05/2024,19:57:19
14, 418,1066,283,1830
14, 74,129,157,379
14, 74,129,157,379
14, 74,129,157,379
14, 74,129,157,379
14, 74,129,157,379
Light Source Color - BLUE	 , 08/05/2024,19:57:26
15, 74,129,157,379
15, 1390,550,173,2098
15, 1389,550,173,2097
15, 1391,550,173,2099
15, 1390,550,173,2098
15, 1390,550,173,2097
Light Source Color - OFF	 , 08/05/2024,19:57:32
