blank_180ms_1x_0  :  Time_180ms. Gain_1x
Light Source Color - OFF
N,P,K,C
0, 22,39,47,114
0, 22,39,47,114
0, 22,39,47,114
0, 22,39,47,114
0, 22,39,47,114
0, 22,39,47,114
0, 22,39,47,114
Light Source Color - WHITE	 , 08/05/2024,20:15:41
1, 408,354,254,1008
1, 515,442,309,1256
1, 515,442,308,1253
1, 514,441,307,1252
1, 514,441,306,1251
1, 514,441,306,1250
1, 514,441,305,1249
1, 513,441,305,1248
1, 513,441,304,1247
Light Source Color - OFF	 , 08/05/2024,20:15:47
2, 455,393,274,1114
2, 22,39,47,114
2, 22,39,47,114
2, 22,39,47,114
2, 22,39,47,114
2, 22,39,47,114
2, 22,39,47,114
2, 22,39,47,114
2, 22,39,47,114
Light Source Color - RED	 , 08/05/2024,20:15:53
3, 41,48,225,303
3, 46,50,269,350
3, 46,50,269,350
3, 45,50,269,349
3, 45,50,268,349
3, 45,50,268,349
3, 45,50,268,349
3, 45,50,268,349
3, 45,50,268,348
Light Source Color - OFF	 , 08/05/2024,20:16:00
4, 43,48,241,319
4, 22,39,47,114
4, 22,39,47,114
4, 22,39,47,114
4, 22,39,47,114
4, 22,39,47,114
4, 22,39,47,114
4, 22,39,47,114
4, 22,39,47,114
Light Source Color - GREEN	 , 08/05/2024,20:16:06
5, 106,266,78,466
5, 126,322,85,552
5, 126,321,85,552
5, 126,321,85,552
5, 126,321,85,551
5, 126,321,85,551
5, 126,321,85,551
5, 126,321,85,551
5, 126,321,85,551
Light Source Color - OFF	 , 08/05/2024,20:16:12
6, 111,280,80,488
6, 22,39,47,114
6, 22,39,47,114
6, 22,39,47,114
6, 22,39,47,114
6, 22,39,47,114
6, 22,39,47,114
6, 22,39,47,114
6, 22,39,47,114
Light Source Color - BLUE	 , 08/05/2024,20:16:18
7, 352,144,51,544
7, 418,165,52,630
7, 418,165,52,630
7, 418,165,52,630
7, 418,165,52,630
7, 418,165,52,630
7, 418,165,52,630
7, 418,165,52,630
7, 418,165,52,630
Light Source Color - OFF	 , 08/05/2024,20:16:24
8, 207,98,50,356
8, 22,39,47,114
8, 22,39,47,114
8, 22,39,47,114
8, 22,39,47,114
8, 22,39,47,114
8, 22,39,47,114
8, 22,39,47,114
8, 22,39,47,114
Light Source Color - WHITE	 , 08/05/2024,20:16:30
9, 150,143,116,410
9, 514,441,308,1253
9, 514,441,306,1251
9, 514,441,305,1249
9, 513,441,305,1248
9, 513,441,304,1247
9, 513,440,304,1246
9, 512,440,303,1245
9, 512,440,303,1245
Light Source Color - OFF	 , 08/05/2024,20:16:36
10, 232,210,156,597
10, 22,39,47,114
10, 22,39,47,114
10, 22,39,47,114
10, 22,39,47,114
10, 22,39,47,114
10, 22,39,47,114
10, 22,39,47,114
10, 22,39,47,114
Light Source Color - RED	 , 08/05/2024,20:16:42
11, 28,41,99,169
11, 45,50,268,349
11, 45,50,268,348
11, 45,50,267,348
11, 45,50,267,348
11, 45,50,267,347
11, 45,50,267,347
11, 45,50,267,347
11, 45,50,267,347
Light Source Color - OFF	 , 08/05/2024,20:16:48
12, 32,43,138,210
12, 22,39,47,114
12, 22,39,47,114
12, 22,39,47,114
12, 22,39,47,114
12, 22,39,47,114
12, 22,39,47,114
12, 22,39,47,114
12, 22,39,47,114
Light Source Color - GREEN	 , 08/05/2024,20:16:54
13, 50,114,57,231
13, 126,321,85,551
13, 126,321,85,551
13, 126,321,85,551
13, 126,321,85,551
13, 126,321,85,551
13, 126,321,85,551
13, 126,321,85,551
13, 126,321,85,551
Light Source Color - OFF	 , 08/05/2024,20:17:00
14, 65,157,63,296
14, 22,39,47,114
14, 22,39,47,114
14, 22,39,47,114
14, 22,39,47,114
14, 22,39,47,114
14, 22,39,47,114
14, 22,39,47,114
14, 22,39,47,114
Light Source Color - BLUE	 , 08/05/2024,20:17:06
15, 110,67,48,229
15, 418,165,52,630
15, 418,165,52,630
15, 418,165,52,630
15, 417,165,52,630
15, 417,165,52,630
15, 417,165,52,630
15, 417,165,52,630
15, 417,165,52,630
Light Source Color - OFF	 , 08/05/2024,20:17:12
