blank_540ms_1x_0  :  Time_540ms. Gain_1x
Light Source Color - OFF
N,P,K,C
0, 67,116,142,342
0, 67,116,142,342
0, 67,116,142,342
0, 67,116,142,342
0, 67,116,142,341
Light Source Color - WHITE	 , 08/05/2024,19:58:02
1, 67,116,142,341
1, 1544,1325,920,3756
1, 1541,1323,913,3745
1, 1539,1322,910,3738
1, 1538,1321,907,3734
1, 1537,1320,905,3729
Light Source Color - OFF	 , 08/05/2024,19:58:08
2, 1535,1319,903,3725
2, 67,116,142,341
2, 67,116,142,341
2, 67,116,142,341
2, 67,116,142,341
2, 67,116,142,341
Light Source Color - RED	 , 08/05/2024,19:58:14
3, 67,116,142,341
3, 136,149,800,1042
3, 136,149,798,1039
3, 136,149,797,1038
3, 136,149,796,1037
3, 136,149,795,1036
Light Source Color - OFF	 , 08/05/2024,19:58:21
4, 136,149,795,1036
4, 67,116,142,341
4, 67,116,142,341
4, 67,116,142,341
4, 67,116,142,341
4, 67,116,142,341
Light Source Color - GREEN	 , 08/05/2024,19:58:27
5, 138,309,167,640
5, 378,963,255,1653
5, 378,962,255,1652
5, 377,961,255,1651
5, 377,961,255,1650
5, 377,961,255,1650
Light Source Color - OFF	 , 08/05/2024,19:58:33
6, 377,961,255,1649
6, 67,116,142,341
6, 67,116,142,341
6, 67,116,142,341
6, 67,116,142,341
6, 67,116,142,341
Light Source Color - BLUE	 , 08/05/2024,19:58:39
7, 89,123,142,370
7, 1252,495,156,1889
7, 1252,495,156,1888
7, 1253,495,156,1891
7, 1253,495,156,1890
7, 1253,495,156,1890
Light Source Color - OFF	 , 08/05/2024,19:58:45
8, 1252,495,156,1889
8, 67,116,142,341
8, 67,116,142,341
8, 67,116,142,341
8, 67,116,142,341
8, 67,116,142,341
Light Source Color - WHITE	 , 08/05/2024,19:58:52
9, 67,116,142,341
9, 1541,1323,915,3746
9, 1538,1321,909,3736
9, 1536,1320,906,3730
9, 1537,1321,905,3731
9, 1536,1320,902,3727
Light Source Color - OFF	 , 08/05/2024,19:58:58
10, 1535,1319,900,3723
10, 67,116,141,341
10, 67,116,142,341
10, 67,116,142,341
10, 67,116,142,341
10, 67,116,142,341
Light Source Color - RED	 , 08/05/2024,19:59:04
11, 67,116,142,341
11, 136,149,797,1038
11, 136,149,795,1036
11, 136,149,794,1035
11, 136,149,793,1034
11, 136,148,793,1033
Light Source Color - OFF	 , 08/05/2024,19:59:10
12, 129,145,728,965
12, 67,116,142,341
12, 67,116,142,341
12, 67,116,142,341
12, 67,116,142,341
12, 67,116,142,341
Light Source Color - GREEN	 , 08/05/2024,19:59:16
13, 67,116,142,341
13, 378,962,255,1652
13, 377,961,255,1650
13, 377,961,255,1650
13, 377,960,255,1649
13, 377,960,255,1648
Light Source Color - OFF	 , 08/05/2024,19:59:23
14, 377,960,255,1648
14, 67,116,142,341
14, 67,116,142,341
14, 67,116,142,341
14, 67,116,142,341
14, 67,116,142,341
Light Source Color - BLUE	 , 08/05/2024,19:59:29
15, 67,116,142,341
15, 1253,495,156,1890
15, 1252,495,156,1890
15, 1252,495,156,1889
15, 1252,495,156,1889
15, 1251,495,156,1888
Light Source Color - OFF	 , 08/05/2024,19:59:35
