blank_614ms_60x_0  :  Time_614ms. Gain_60x
Light Source Color - OFF
N,P,K,C
0, 4697,8103,9918,23793
0, 4696,8103,9918,23793
0, 4695,8101,9915,23784
0, 4693,8098,9912,23779
Light Source Color - WHITE	 , 08/05/2024,19:44:06
1, 4691,8095,9908,23769
1, 65535,65535,58737,65535
1, 65535,65535,58535,65535
1, 65535,65535,58282,65535
1, 65535,65535,58104,65535
1, 65535,65535,57922,65535
Light Source Color - OFF	 , 08/05/2024,19:44:13
2, 65535,65535,51612,65535
2, 4685,8083,9893,23732
2, 4689,8088,9902,23753
2, 4690,8090,9903,23757
2, 4689,8090,9901,23753
2, 4691,8093,9905,23761
Light Source Color - RED	 , 08/05/2024,19:44:19
3, 4693,8097,9909,23769
3, 9126,10119,50555,65535
3, 9116,10109,50421,65535
3, 9110,10104,50386,65535
3, 9109,10100,50381,65535
Light Source Color - OFF	 , 08/05/2024,19:44:25
4, 8185,9676,41936,57527
4, 4691,8089,9902,23756
4, 4692,8093,9906,23767
4, 4691,8093,9906,23767
4, 4691,8092,9903,23758
4, 4694,8096,9908,23773
Light Source Color - GREEN	 , 08/05/2024,19:44:31
5, 4695,8098,9911,23783
5, 25738,65535,17931,65535
5, 25704,65535,17925,65535
5, 25690,65535,17916,65535
5, 25694,65535,17923,65535
Light Source Color - OFF	 , 08/05/2024,19:44:37
6, 25692,65535,17923,65535
6, 4692,8091,9902,23762
6, 4691,8091,9903,23759
6, 4691,8089,9902,23757
6, 4690,8090,9900,23755
6, 4695,8096,9909,23775
Light Source Color - BLUE	 , 08/05/2024,19:44:44
7, 4693,8097,9908,23772
7, 65535,34701,10961,65535
7, 65535,34699,10955,65535
7, 65535,34684,10952,65535
7, 65535,34708,10960,65535
Light Source Color - OFF	 , 08/05/2024,19:44:49
8, 65535,34711,10959,65535
8, 4694,8093,9905,23765
8, 4694,8093,9904,23762
8, 4692,8091,9901,23757
8, 4695,8094,9906,23762
8, 4695,8096,9908,23768
Light Source Color - WHITE	 , 08/05/2024,19:44:56
9, 4693,8094,9905,23761
9, 65535,65535,60625,65535
9, 65535,65535,60122,65535
9, 65535,65535,59980,65535
9, 65535,65535,59796,65535
9, 65535,65535,59660,65535
Light Source Color - OFF	 , 08/05/2024,19:45:02
10, 65535,65535,59524,65535
10, 4687,8082,9890,23721
10, 4688,8082,9892,23725
10, 4691,8089,9901,23745
10, 4692,8092,9902,23748
10, 4691,8090,9900,23745
Light Source Color - RED	 , 08/05/2024,19:45:09
11, 4690,8086,9896,23736
11, 9234,10191,51926,65535
11, 9234,10195,51868,65535
11, 9228,10191,51819,65535
11, 9225,10185,51795,65535
Light Source Color - OFF	 , 08/05/2024,19:45:14
12, 9223,10181,51777,65535
12, 4690,8085,9894,23737
12, 4692,8088,9897,23748
12, 4694,8092,9902,23758
12, 4695,8093,9903,23760
12, 4694,8091,9901,23756
Light Source Color - GREEN	 , 08/05/2024,19:45:21
13, 4693,8088,9900,23750
13, 25947,65535,17937,65535
13, 25940,65535,17951,65535
13, 25925,65535,17945,65535
13, 25910,65535,17942,65535
Light Source Color - OFF	 , 08/05/2024,19:45:27
14, 25901,65535,17936,65535
14, 4692,8087,9897,23746
14, 4695,8090,9903,23759
14, 4694,8092,9902,23758
14, 4694,8091,9900,23755
14, 4693,8089,9897,23747
Light Source Color - BLUE	 , 08/05/2024,19:45:33
15, 10103,9841,9966,30820
15, 65535,34832,10956,65535
15, 65535,34840,10956,65535
15, 65535,34828,10953,65535
15, 65535,34817,10951,65535
Light Source Color - OFF	 , 08/05/2024,19:45:39
