C_199ms_1x_0  :  Time_199ms. Gain_1x
Light Source Color - OFF
N,P,K,C
0, 25,44,54,128
0, 25,44,54,128
0, 25,44,54,128
0, 25,44,54,128
0, 25,44,54,128
0, 25,44,54,128
0, 25,44,54,128
0, 25,44,54,128
Light Source Color - WHITE	 , 08/05/2024,15:45:31
1, 25,44,54,128
1, 1575,1360,1659,4419
1, 1573,1359,1651,4408
1, 1572,1358,1646,4401
1, 1570,1358,1642,4394
1, 1570,1358,1638,4391
1, 1570,1358,1636,4389
1, 1569,1358,1633,4385
1, 1569,1357,1630,4382
Light Source Color - OFF	 , 08/05/2024,15:45:37
2, 1444,1252,1501,4038
2, 25,43,54,128
2, 25,44,54,128
2, 25,44,54,128
2, 25,44,54,128
2, 25,44,54,128
2, 25,44,54,128
2, 25,44,54,128
2, 25,44,54,128
Light Source Color - RED	 , 08/05/2024,15:45:42
3, 25,44,54,128
3, 189,118,1520,1683
3, 188,118,1517,1679
3, 188,118,1516,1678
3, 188,118,1515,1676
3, 188,118,1514,1675
3, 188,118,1513,1674
3, 188,118,1512,1674
3, 188,118,1512,1673
3, 188,117,1511,1673
Light Source Color - OFF	 , 08/05/2024,15:45:49
4, 188,117,1510,1671
4, 25,44,54,128
4, 25,44,54,128
4, 25,44,54,128
4, 25,44,54,128
4, 25,44,54,128
4, 25,44,54,128
4, 25,44,54,128
4, 25,44,54,128
4, 25,44,54,128
Light Source Color - GREEN	 , 08/05/2024,15:45:55
5, 25,44,54,128
5, 365,974,192,1551
5, 365,974,192,1551
5, 365,974,192,1550
5, 365,974,192,1550
5, 365,974,192,1550
5, 365,973,192,1550
5, 365,973,192,1550
5, 365,973,192,1549
5, 365,973,192,1549
Light Source Color - OFF	 , 08/05/2024,15:46:01
6, 365,973,192,1549
6, 25,44,54,128
6, 25,44,54,128
6, 25,44,54,128
6, 25,44,54,128
6, 25,44,54,128
6, 25,44,54,128
6, 25,44,54,128
6, 25,44,54,128
Light Source Color - BLUE	 , 08/05/2024,15:46:06
7, 25,44,54,128
7, 1175,420,69,1620
7, 1175,420,69,1620
7, 1175,420,69,1620
7, 1175,420,69,1620
7, 1175,420,69,1620
7, 1175,420,69,1620
7, 1175,420,69,1620
7, 1175,420,69,1620
7, 1175,420,69,1620
Light Source Color - OFF	 , 08/05/2024,15:46:12
8, 1175,420,69,1620
8, 25,44,54,128
8, 25,44,54,128
8, 25,44,54,128
8, 25,44,54,128
8, 25,44,54,128
8, 25,44,54,128
8, 25,44,54,128
8, 25,44,54,128
Light Source Color - WHITE	 , 08/05/2024,15:46:18
9, 585,519,635,1680
9, 1575,1361,1651,4412
9, 1574,1360,1644,4403
9, 1573,1360,1639,4396
9, 1572,1359,1635,4391
9, 1571,1359,1632,4387
9, 1571,1359,1629,4384
9, 1570,1358,1626,4380
9, 1569,1358,1624,4377
Light Source Color - OFF	 , 08/05/2024,15:46:23
10, 1569,1358,1622,4374
10, 25,43,54,128
10, 25,44,54,128
10, 25,44,54,128
10, 25,44,54,128
10, 25,44,54,128
10, 25,44,54,128
10, 25,44,54,128
10, 25,44,54,128
Light Source Color - RED	 , 08/05/2024,15:46:29
11, 25,44,54,128
11, 188,118,1514,1676
11, 188,118,1512,1673
11, 188,117,1510,1671
11, 188,117,1509,1670
11, 188,117,1508,1669
11, 188,117,1507,1669
11, 188,117,1507,1668
11, 187,117,1506,1667
11, 187,117,1506,1667
Light Source Color - OFF	 , 08/05/2024,15:46:35
12, 125,89,948,1076
12, 25,44,54,128
12, 25,44,54,128
12, 25,44,54,128
12, 25,44,54,128
12, 25,44,54,128
12, 25,44,54,128
12, 25,44,54,128
12, 25,44,54,128
12, 25,44,54,128
Light Source Color - GREEN	 , 08/05/2024,15:46:41
13, 25,44,54,128
13, 365,974,192,1551
13, 365,974,192,1550
13, 365,973,192,1550
13, 365,973,192,1549
13, 364,973,192,1549
13, 364,973,192,1549
13, 364,973,192,1549
13, 364,973,192,1549
13, 364,973,192,1549
Light Source Color - OFF	 , 08/05/2024,15:46:47
14, 265,700,151,1131
14, 25,44,54,128
14, 25,44,54,128
14, 25,44,54,128
14, 25,44,54,128
14, 25,44,54,128
14, 25,44,54,128
14, 25,44,54,128
14, 25,44,54,128
14, 25,44,54,128
Light Source Color - BLUE	 , 08/05/2024,15:46:53
15, 25,44,54,128
15, 1175,420,69,1620
15, 1175,420,69,1620
15, 1175,420,69,1619
15, 1175,420,69,1619
15, 1175,420,69,1619
15, 1174,420,69,1619
15, 1175,420,69,1619
15, 1175,420,69,1619
15, 1174,420,69,1619
Light Source Color - OFF	 , 08/05/2024,15:46:59
