C_240ms_1x_0  :  Time_240ms. Gain_1x
Light Source Color - OFF
N,P,K,C
0, 30,53,65,155
0, 30,53,65,155
0, 30,52,65,154
0, 30,52,65,154
0, 30,52,65,154
0, 30,52,65,154
0, 30,52,65,154
0, 30,52,65,154
Light Source Color - WHITE	 , 08/05/2024,15:47:24
1, 30,52,65,154
1, 1902,1642,2000,5333
1, 1900,1640,1989,5317
1, 1898,1640,1982,5308
1, 1897,1639,1978,5304
1, 1896,1639,1973,5297
1, 1895,1638,1969,5292
1, 1895,1638,1967,5289
1, 1893,1637,1963,5282
Light Source Color - OFF	 , 08/05/2024,15:47:30
2, 1891,1636,1960,5277
2, 30,52,65,154
2, 30,52,65,154
2, 30,52,65,154
2, 30,52,65,154
2, 30,52,65,154
2, 30,52,65,154
2, 30,52,65,154
2, 30,52,65,154
Light Source Color - RED	 , 08/05/2024,15:47:36
3, 46,60,206,305
3, 227,142,1832,2027
3, 227,142,1827,2022
3, 227,142,1825,2020
3, 227,142,1823,2018
3, 226,142,1823,2017
3, 226,142,1822,2016
3, 226,142,1821,2015
3, 226,142,1820,2015
Light Source Color - OFF	 , 08/05/2024,15:47:41
4, 226,141,1820,2014
4, 30,52,65,154
4, 30,52,65,154
4, 30,52,65,154
4, 30,52,65,154
4, 30,52,65,154
4, 30,52,65,154
4, 30,52,65,154
4, 30,52,65,154
Light Source Color - GREEN	 , 08/05/2024,15:47:47
5, 30,52,65,154
5, 440,1174,231,1869
5, 440,1174,231,1868
5, 440,1173,231,1868
5, 440,1173,231,1867
5, 439,1173,231,1867
5, 439,1173,231,1867
5, 439,1173,231,1867
5, 439,1173,231,1867
Light Source Color - OFF	 , 08/05/2024,15:47:53
6, 439,1172,231,1867
6, 30,52,65,154
6, 30,52,65,154
6, 30,52,65,154
6, 30,52,65,154
6, 30,52,65,154
6, 30,52,65,154
6, 30,52,65,154
6, 30,52,65,154
Light Source Color - BLUE	 , 08/05/2024,15:47:59
7, 30,52,65,154
7, 1416,506,83,1952
7, 1417,506,83,1952
7, 1416,506,83,1952
7, 1416,506,83,1951
7, 1416,506,83,1952
7, 1415,506,83,1951
7, 1415,506,83,1951
7, 1415,506,83,1951
Light Source Color - OFF	 , 08/05/2024,15:48:05
8, 1001,370,78,1413
8, 30,52,65,154
8, 30,52,65,154
8, 30,52,65,154
8, 30,52,65,154
8, 30,52,65,154
8, 30,52,65,154
8, 30,52,65,154
8, 30,52,65,154
Light Source Color - WHITE	 , 08/05/2024,15:48:11
9, 30,52,65,154
9, 1899,1640,1990,5318
9, 1897,1639,1979,5304
9, 1896,1639,1974,5299
9, 1895,1638,1969,5291
9, 1894,1638,1964,5285
9, 1894,1638,1962,5283
9, 1892,1637,1958,5277
9, 1891,1637,1955,5273
Light Source Color - OFF	 , 08/05/2024,15:48:17
10, 1891,1636,1952,5269
10, 30,52,64,154
10, 30,52,65,154
10, 30,52,65,154
10, 30,52,65,154
10, 30,52,65,154
10, 30,52,65,154
10, 30,52,65,154
10, 30,52,65,154
Light Source Color - RED	 , 08/05/2024,15:48:23
11, 94,82,641,766
11, 227,142,1824,2019
11, 226,141,1820,2014
11, 226,141,1817,2012
11, 226,141,1817,2011
11, 226,141,1815,2009
11, 226,141,1814,2008
11, 226,141,1814,2008
11, 226,141,1813,2007
Light Source Color - OFF	 , 08/05/2024,15:48:29
12, 226,141,1812,2006
12, 30,52,65,154
12, 30,52,65,154
12, 30,52,65,154
12, 30,52,65,154
12, 30,52,65,154
12, 30,52,65,154
12, 30,52,65,154
12, 30,52,65,154
Light Source Color - GREEN	 , 08/05/2024,15:48:35
13, 109,268,97,484
13, 440,1173,231,1868
13, 439,1173,231,1867
13, 439,1172,231,1866
13, 439,1172,231,1867
13, 439,1172,231,1866
13, 439,1172,231,1866
13, 439,1172,231,1865
13, 439,1172,231,1865
Light Source Color - OFF	 , 08/05/2024,15:48:40
14, 439,1172,231,1865
14, 30,52,65,154
14, 30,52,65,154
14, 30,52,65,154
14, 30,52,65,154
14, 30,52,65,154
14, 30,52,65,154
14, 30,52,65,154
14, 30,52,65,154
Light Source Color - BLUE	 , 08/05/2024,15:48:46
15, 79,68,65,217
15, 1416,506,83,1952
15, 1416,506,83,1952
15, 1415,506,83,1951
15, 1415,506,83,1951
15, 1416,506,83,1952
15, 1415,506,83,1951
15, 1415,506,83,1951
15, 1416,506,83,1952
Light Source Color - OFF	 , 08/05/2024,15:48:52
