C_300ms_1x_0  :  Time_300ms. Gain_1x
Light Source Color - OFF
N,P,K,C
0, 38,66,81,193
0, 38,66,81,193
0, 38,66,81,193
0, 38,66,81,193
0, 38,66,81,193
0, 38,66,81,193
0, 38,66,81,193
Light Source Color - WHITE	 , 08/05/2024,15:49:10
1, 38,66,81,193
1, 2376,2052,2491,6654
1, 2374,2051,2480,6641
1, 2374,2051,2472,6633
1, 2370,2049,2464,6619
1, 2370,2049,2459,6615
1, 2368,2048,2453,6605
1, 2367,2048,2450,6601
Light Source Color - OFF	 , 08/05/2024,15:49:15
2, 1938,1683,2011,5419
2, 37,65,81,193
2, 38,66,81,193
2, 37,66,81,193
2, 38,66,81,193
2, 38,66,81,193
2, 38,66,81,193
2, 38,66,81,193
Light Source Color - RED	 , 08/05/2024,15:49:21
3, 40,67,102,216
3, 283,177,2283,2527
3, 283,177,2279,2522
3, 283,177,2276,2518
3, 283,177,2274,2517
3, 283,177,2272,2515
3, 283,177,2271,2514
3, 283,177,2271,2513
Light Source Color - OFF	 , 08/05/2024,15:49:27
4, 282,177,2269,2512
4, 38,66,81,193
4, 37,66,81,193
4, 38,66,81,193
4, 38,66,81,193
4, 38,66,81,193
4, 38,66,81,193
4, 38,66,81,193
Light Source Color - GREEN	 , 08/05/2024,15:49:33
5, 38,66,81,193
5, 550,1468,289,2336
5, 549,1466,289,2334
5, 549,1466,289,2334
5, 549,1466,289,2334
5, 549,1465,289,2333
5, 549,1465,289,2333
5, 549,1465,289,2332
Light Source Color - OFF	 , 08/05/2024,15:49:38
6, 549,1465,289,2332
6, 37,66,81,193
6, 38,66,81,193
6, 38,66,81,193
6, 38,66,81,193
6, 38,66,81,193
6, 38,66,81,193
6, 38,66,81,193
Light Source Color - BLUE	 , 08/05/2024,15:49:44
7, 38,66,81,193
7, 1770,632,104,2440
7, 1770,633,104,2440
7, 1771,633,104,2441
7, 1769,632,104,2439
7, 1770,633,104,2440
7, 1771,633,104,2441
7, 1769,633,104,2439
Light Source Color - OFF	 , 08/05/2024,15:49:50
8, 1770,633,104,2440
8, 38,66,81,193
8, 38,66,81,193
8, 38,66,81,193
8, 38,66,81,193
8, 38,66,81,193
8, 38,66,81,193
8, 38,66,81,193
Light Source Color - WHITE	 , 08/05/2024,15:49:55
9, 666,599,732,1933
9, 2374,2051,2483,6644
9, 2373,2050,2472,6631
9, 2369,2048,2461,6614
9, 2368,2048,2455,6608
9, 2368,2048,2451,6604
9, 2365,2046,2445,6594
9, 2365,2047,2441,6591
Light Source Color - OFF	 , 08/05/2024,15:50:01
10, 2363,2045,2436,6582
10, 37,65,81,193
10, 37,65,81,193
10, 37,65,81,193
10, 38,66,81,193
10, 37,66,81,193
10, 38,66,81,193
10, 38,66,81,193
Light Source Color - RED	 , 08/05/2024,15:50:07
11, 38,66,81,193
11, 283,177,2276,2520
11, 283,177,2270,2513
11, 282,177,2268,2511
11, 282,177,2267,2509
11, 282,176,2265,2507
11, 282,176,2264,2506
11, 282,176,2263,2505
Light Source Color - OFF	 , 08/05/2024,15:50:13
12, 282,176,2262,2504
12, 38,66,81,193
12, 38,66,81,193
12, 38,66,81,193
12, 38,66,81,193
12, 38,66,81,193
12, 38,66,81,193
12, 38,66,81,193
Light Source Color - GREEN	 , 08/05/2024,15:50:18
13, 38,66,81,193
13, 549,1466,289,2333
13, 549,1465,289,2333
13, 549,1465,289,2333
13, 549,1465,289,2332
13, 549,1465,289,2332
13, 549,1465,289,2332
13, 548,1464,289,2331
Light Source Color - OFF	 , 08/05/2024,15:50:24
14, 548,1464,289,2331
14, 37,65,81,193
14, 38,66,81,193
14, 38,66,81,193
14, 38,66,81,193
14, 38,66,81,193
14, 38,66,81,193
14, 38,66,81,193
Light Source Color - BLUE	 , 08/05/2024,15:50:30
15, 38,66,81,193
15, 1769,632,104,2439
15, 1770,633,104,2440
15, 1769,632,104,2438
15, 1769,633,104,2439
15, 1769,633,104,2439
15, 1768,632,104,2438
15, 1769,633,104,2439
Light Source Color - OFF	 , 08/05/2024,15:50:35
