C_360ms_1x_0  :  Time_360ms. Gain_1x
Light Source Color - OFF
N,P,K,C
0, 45,79,97,232
0, 45,79,97,232
0, 45,79,97,232
0, 45,79,97,232
0, 45,79,97,232
0, 45,79,97,232
Light Source Color - WHITE	 , 08/05/2024,15:51:00
1, 618,564,691,1817
1, 2853,2463,2991,7989
1, 2850,2462,2976,7970
1, 2848,2461,2966,7957
1, 2847,2460,2958,7949
1, 2846,2460,2952,7941
1, 2845,2459,2946,7934
Light Source Color - OFF	 , 08/05/2024,15:51:06
2, 2840,2456,2938,7918
2, 45,79,97,231
2, 45,79,97,231
2, 45,79,97,231
2, 45,79,97,231
2, 45,79,97,231
2, 45,79,97,231
2, 45,79,97,231
Light Source Color - RED	 , 08/05/2024,15:51:12
3, 45,79,97,231
3, 341,213,2745,3038
3, 340,213,2738,3031
3, 340,212,2733,3025
3, 340,212,2731,3023
3, 339,212,2730,3021
3, 339,212,2728,3020
3, 339,212,2727,3019
Light Source Color - OFF	 , 08/05/2024,15:51:18
4, 339,212,2726,3017
4, 45,79,97,231
4, 45,79,97,231
4, 45,79,97,231
4, 45,79,97,232
4, 45,79,97,232
4, 45,79,97,232
4, 45,79,97,232
Light Source Color - GREEN	 , 08/05/2024,15:51:24
5, 45,79,97,231
5, 660,1761,346,2803
5, 660,1760,346,2802
5, 660,1760,347,2802
5, 659,1760,347,2801
5, 659,1760,347,2801
5, 659,1758,346,2799
5, 659,1758,346,2799
Light Source Color - OFF	 , 08/05/2024,15:51:30
6, 659,1758,346,2799
6, 45,79,97,231
6, 45,79,97,232
6, 45,79,97,232
6, 45,79,97,231
6, 45,79,97,231
6, 45,79,97,231
6, 45,79,97,232
Light Source Color - BLUE	 , 08/05/2024,15:51:37
7, 45,79,97,232
7, 2127,759,125,2931
7, 2124,759,125,2927
7, 2124,759,125,2928
7, 2124,759,125,2928
7, 2124,759,125,2929
7, 2125,759,125,2929
7, 2125,760,125,2929
Light Source Color - OFF	 , 08/05/2024,15:51:43
8, 1933,697,122,2680
8, 45,79,97,231
8, 45,79,97,231
8, 45,79,97,231
8, 45,79,97,231
8, 45,79,97,232
8, 45,79,97,232
8, 45,79,97,231
Light Source Color - WHITE	 , 08/05/2024,15:51:49
9, 45,79,97,231
9, 2852,2463,2984,7982
9, 2848,2461,2967,7960
9, 2846,2460,2957,7947
9, 2841,2457,2945,7927
9, 2840,2456,2939,7919
9, 2839,2456,2933,7913
9, 2839,2456,2929,7908
Light Source Color - OFF	 , 08/05/2024,15:51:55
10, 2838,2456,2924,7903
10, 45,79,97,231
10, 45,79,97,231
10, 45,79,97,231
10, 45,79,97,231
10, 45,79,97,231
10, 45,79,97,231
10, 45,79,97,231
Light Source Color - RED	 , 08/05/2024,15:52:02
11, 54,83,176,315
11, 339,212,2730,3022
11, 339,212,2725,3016
11, 339,212,2722,3013
11, 339,212,2720,3011
11, 339,212,2718,3009
11, 338,212,2716,3007
11, 338,211,2715,3005
Light Source Color - OFF	 , 08/05/2024,15:52:08
12, 338,211,2714,3004
12, 45,79,97,231
12, 45,79,97,231
12, 45,79,97,231
12, 45,79,97,231
12, 45,79,97,231
12, 45,79,97,231
12, 45,79,97,231
Light Source Color - GREEN	 , 08/05/2024,15:52:14
13, 45,79,97,231
13, 660,1760,346,2803
13, 659,1758,346,2799
13, 658,1758,346,2798
13, 658,1758,346,2798
13, 658,1758,346,2798
13, 658,1757,346,2798
13, 658,1757,347,2798
Light Source Color - OFF	 , 08/05/2024,15:52:20
14, 576,1532,313,2453
14, 45,79,97,231
14, 45,79,97,231
14, 45,79,97,231
14, 45,79,97,231
14, 45,79,97,231
14, 45,79,97,231
14, 45,79,97,231
Light Source Color - BLUE	 , 08/05/2024,15:52:26
15, 45,79,97,231
15, 2124,759,125,2929
15, 2124,759,125,2929
15, 2124,760,125,2929
15, 2125,760,125,2929
15, 2122,759,125,2925
15, 2122,759,125,2926
15, 2122,759,125,2926
Light Source Color - OFF	 , 08/05/2024,15:52:32
