C_401ms_1x_0  :  Time_401ms. Gain_1x
Light Source Color - OFF
N,P,K,C
0, 50,88,108,258
0, 50,88,108,258
0, 50,88,108,258
0, 50,88,108,258
0, 50,88,108,258
0, 50,88,108,258
Light Source Color - WHITE	 , 08/05/2024,15:53:00
1, 50,88,108,258
1, 3178,2743,3335,8901
1, 3173,2740,3315,8876
1, 3170,2739,3303,8859
1, 3168,2738,3293,8847
1, 3167,2737,3286,8838
1, 3165,2737,3279,8830
Light Source Color - OFF	 , 08/05/2024,15:53:06
2, 3163,2736,3273,8820
2, 50,87,108,257
2, 50,88,108,257
2, 50,88,108,258
2, 50,88,108,258
2, 50,88,108,258
2, 50,88,108,258
Light Source Color - RED	 , 08/05/2024,15:53:12
3, 81,101,380,547
3, 379,237,3052,3378
3, 378,237,3046,3372
3, 378,236,3043,3368
3, 378,236,3040,3365
3, 378,236,3039,3363
3, 378,236,3037,3361
Light Source Color - OFF	 , 08/05/2024,15:53:18
4, 378,236,3036,3360
4, 50,88,108,257
4, 50,88,108,258
4, 50,88,108,258
4, 50,88,108,258
4, 50,88,108,258
4, 50,88,108,258
Light Source Color - GREEN	 , 08/05/2024,15:53:23
5, 50,88,108,258
5, 735,1961,386,3122
5, 735,1960,386,3120
5, 734,1959,386,3119
5, 734,1959,386,3119
5, 734,1959,386,3118
5, 734,1959,386,3118
Light Source Color - OFF	 , 08/05/2024,15:53:29
6, 689,1837,368,2933
6, 50,88,108,257
6, 50,88,108,257
6, 50,88,108,258
6, 50,88,108,258
6, 50,88,108,258
6, 50,88,108,258
Light Source Color - BLUE	 , 08/05/2024,15:53:35
7, 50,88,108,258
7, 2366,845,139,3261
7, 2366,845,139,3261
7, 2365,845,139,3261
7, 2365,845,139,3261
7, 2365,845,139,3261
7, 2366,846,139,3261
Light Source Color - OFF	 , 08/05/2024,15:53:40
8, 2366,846,139,3261
8, 50,88,108,258
8, 50,88,108,258
8, 50,88,108,258
8, 50,88,108,258
8, 50,88,108,258
8, 50,88,108,258
Light Source Color - WHITE	 , 08/05/2024,15:53:46
9, 230,240,294,755
9, 3172,2739,3316,8874
9, 3168,2738,3298,8851
9, 3166,2737,3286,8836
9, 3164,2736,3277,8825
9, 3162,2735,3270,8816
9, 3161,2734,3263,8807
Light Source Color - OFF	 , 08/05/2024,15:53:52
10, 3160,2734,3257,8801
10, 50,87,108,257
10, 50,88,108,257
10, 50,88,108,257
10, 50,88,108,258
10, 50,88,108,258
10, 50,88,108,258
Light Source Color - RED	 , 08/05/2024,15:53:58
11, 50,88,108,258
11, 378,236,3038,3363
11, 377,236,3033,3357
11, 377,236,3030,3353
11, 377,236,3027,3351
11, 377,236,3026,3349
11, 377,235,3024,3347
Light Source Color - OFF	 , 08/05/2024,15:54:03
12, 377,235,3023,3346
12, 50,88,108,257
12, 50,88,108,257
12, 50,88,108,257
12, 50,88,108,258
12, 50,88,108,258
12, 50,88,108,258
Light Source Color - GREEN	 , 08/05/2024,15:54:09
13, 50,88,108,258
13, 735,1959,386,3119
13, 734,1958,386,3118
13, 734,1958,386,3117
13, 733,1957,386,3116
13, 733,1957,386,3116
13, 733,1957,386,3116
Light Source Color - OFF	 , 08/05/2024,15:54:15
14, 584,1550,325,2494
14, 50,87,108,257
14, 50,88,108,257
14, 50,88,108,257
14, 50,88,108,257
14, 50,88,108,257
14, 50,88,108,257
Light Source Color - BLUE	 , 08/05/2024,15:54:21
15, 50,88,108,258
15, 2365,845,139,3260
15, 2365,845,139,3260
15, 2364,845,139,3259
15, 2364,845,139,3259
15, 2364,846,139,3259
15, 2364,846,139,3259
Light Source Color - OFF	 , 08/05/2024,15:54:26
