C_420ms_1x_0  :  Time_420ms. Gain_1x
Light Source Color - OFF
N,P,K,C
0, 53,92,113,270
0, 53,92,113,270
0, 53,92,113,270
0, 53,92,113,270
0, 53,92,113,270
0, 53,92,113,270
Light Source Color - WHITE	 , 08/05/2024,15:54:45
1, 542,507,621,1625
1, 3327,2873,3481,9310
1, 3323,2870,3462,9285
1, 3320,2869,3449,9268
1, 3317,2868,3439,9256
1, 3316,2867,3431,9245
1, 3314,2866,3425,9237
Light Source Color - OFF	 , 08/05/2024,15:54:50
2, 3312,2866,3418,9228
2, 52,92,113,270
2, 53,92,113,270
2, 53,92,113,270
2, 53,92,113,270
2, 53,92,113,270
2, 53,92,113,270
Light Source Color - RED	 , 08/05/2024,15:54:56
3, 53,92,113,270
3, 396,248,3190,3531
3, 396,248,3184,3524
3, 396,247,3180,3520
3, 395,247,3177,3517
3, 395,247,3175,3514
3, 395,247,3174,3513
Light Source Color - OFF	 , 08/05/2024,15:55:02
4, 395,247,3172,3511
4, 53,92,113,270
4, 53,92,113,270
4, 53,92,113,270
4, 53,92,113,270
4, 53,92,113,270
4, 53,92,113,270
Light Source Color - GREEN	 , 08/05/2024,15:55:08
5, 53,92,113,270
5, 770,2053,404,3268
5, 769,2052,404,3267
5, 769,2051,404,3266
5, 768,2051,404,3265
5, 768,2051,404,3265
5, 768,2051,404,3264
Light Source Color - OFF	 , 08/05/2024,15:55:14
6, 768,2050,404,3264
6, 53,92,113,270
6, 53,92,113,270
6, 53,92,113,270
6, 53,92,113,270
6, 53,92,113,270
6, 53,92,113,270
Light Source Color - BLUE	 , 08/05/2024,15:55:20
7, 53,92,113,270
7, 2478,885,146,3416
7, 2478,886,146,3415
7, 2477,886,145,3415
7, 2477,886,145,3415
7, 2476,886,145,3414
7, 2477,886,145,3414
Light Source Color - OFF	 , 08/05/2024,15:55:26
8, 2477,886,145,3414
8, 53,92,113,270
8, 53,92,113,270
8, 53,92,113,270
8, 53,92,113,270
8, 53,92,113,270
8, 53,92,113,270
Light Source Color - WHITE	 , 08/05/2024,15:55:31
9, 53,92,113,270
9, 3326,2873,3471,9300
9, 3321,2870,3450,9273
9, 3319,2869,3438,9256
9, 3316,2868,3428,9243
9, 3314,2867,3420,9233
9, 3312,2866,3413,9223
Light Source Color - OFF	 , 08/05/2024,15:55:37
10, 3311,2865,3406,9215
10, 52,92,113,269
10, 53,92,113,270
10, 53,92,113,270
10, 53,92,113,270
10, 53,92,113,270
10, 53,92,113,270
Light Source Color - RED	 , 08/05/2024,15:55:43
11, 53,92,113,270
11, 396,247,3181,3520
11, 395,247,3173,3512
11, 395,247,3169,3508
11, 395,247,3167,3505
11, 395,247,3165,3503
11, 394,247,3163,3501
Light Source Color - OFF	 , 08/05/2024,15:55:49
12, 394,246,3162,3500
12, 53,92,113,270
12, 53,92,113,270
12, 53,92,113,270
12, 53,92,113,270
12, 53,92,113,270
12, 53,92,113,270
Light Source Color - GREEN	 , 08/05/2024,15:55:55
13, 53,92,113,270
13, 769,2052,404,3267
13, 769,2051,404,3266
13, 768,2051,404,3265
13, 768,2050,404,3264
13, 768,2050,404,3264
13, 768,2050,404,3263
Light Source Color - OFF	 , 08/05/2024,15:56:01
14, 768,2049,404,3263
14, 53,92,113,270
14, 53,92,113,270
14, 53,92,113,270
14, 53,92,113,270
14, 53,92,113,270
14, 53,92,113,270
Light Source Color - BLUE	 , 08/05/2024,15:56:07
15, 53,92,113,270
15, 2479,886,146,3417
15, 2479,886,146,3417
15, 2478,886,146,3417
15, 2478,886,146,3416
15, 2477,886,146,3416
15, 2478,886,146,3416
Light Source Color - OFF	 , 08/05/2024,15:56:12
