C_480ms_1x_0  :  Time_480ms. Gain_1x
Light Source Color - OFF
N,P,K,C
0, 60,105,130,310
0, 60,105,130,310
0, 60,105,130,310
0, 60,105,130,310
0, 60,105,130,309
Light Source Color - WHITE	 , 08/05/2024,16:02:31
1, 60,105,130,309
1, 3839,3300,4128,10838
1, 3833,3297,4102,10804
1, 3829,3295,4086,10783
1, 3831,3297,4080,10780
1, 3828,3296,4069,10765
1, 3825,3294,4059,10752
Light Source Color - OFF	 , 08/05/2024,16:02:37
2, 3823,3293,4051,10740
2, 60,105,129,309
2, 60,105,129,309
2, 60,105,129,309
2, 60,105,129,309
2, 60,105,129,309
2, 60,105,130,309
Light Source Color - RED	 , 08/05/2024,16:02:44
3, 60,105,130,309
3, 463,291,3784,4186
3, 462,290,3773,4174
3, 462,290,3767,4168
3, 462,289,3763,4163
3, 461,289,3760,4160
3, 461,289,3757,4157
Light Source Color - OFF	 , 08/05/2024,16:02:50
4, 418,269,3361,3737
4, 60,105,129,309
4, 60,105,130,309
4, 60,105,130,309
4, 60,105,130,309
4, 60,105,130,309
4, 60,105,130,309
Light Source Color - GREEN	 , 08/05/2024,16:02:56
5, 60,105,129,309
5, 888,2361,462,3757
5, 888,2362,462,3758
5, 888,2361,462,3758
5, 887,2360,462,3756
5, 887,2360,462,3756
5, 887,2360,462,3755
Light Source Color - OFF	 , 08/05/2024,16:03:02
6, 886,2359,462,3754
6, 60,105,129,309
6, 60,105,129,309
6, 60,105,130,309
6, 60,105,130,310
6, 60,105,130,309
6, 60,105,130,309
Light Source Color - BLUE	 , 08/05/2024,16:03:09
7, 60,105,130,309
7, 2850,1012,167,3922
7, 2849,1012,167,3921
7, 2848,1012,167,3920
7, 2850,1013,167,3923
7, 2850,1013,167,3923
7, 2850,1013,167,3923
Light Source Color - OFF	 , 08/05/2024,16:03:15
8, 2849,1013,167,3922
8, 60,105,130,309
8, 60,105,130,309
8, 60,105,130,309
8, 60,105,129,309
8, 60,105,130,309
8, 60,105,130,310
Light Source Color - WHITE	 , 08/05/2024,16:03:21
9, 60,105,130,310
9, 3834,3300,4084,10790
9, 3827,3296,4054,10750
9, 3823,3294,4037,10728
9, 3820,3293,4025,10713
9, 3817,3291,4015,10698
9, 3815,3290,4006,10686
Light Source Color - OFF	 , 08/05/2024,16:03:28
10, 3712,3204,3895,10398
10, 60,105,129,309
10, 60,105,129,309
10, 60,105,130,309
10, 60,105,130,309
10, 60,105,130,309
10, 60,105,130,309
Light Source Color - RED	 , 08/05/2024,16:03:34
11, 60,105,129,309
11, 460,288,3735,4132
11, 459,288,3726,4123
11, 459,288,3724,4121
11, 459,287,3720,4117
11, 458,287,3717,4114
11, 458,287,3715,4111
Light Source Color - OFF	 , 08/05/2024,16:03:40
12, 458,287,3713,4109
12, 60,105,129,309
12, 60,105,129,309
12, 60,105,129,309
12, 60,105,130,309
12, 60,105,130,310
12, 60,105,130,309
Light Source Color - GREEN	 , 08/05/2024,16:03:46
13, 60,105,130,309
13, 886,2359,462,3754
13, 885,2358,462,3752
13, 885,2357,462,3751
13, 884,2356,462,3749
13, 885,2357,462,3751
13, 885,2357,462,3751
Light Source Color - OFF	 , 08/05/2024,16:03:53
14, 884,2356,462,3750
14, 60,105,130,309
14, 60,105,130,309
14, 60,105,130,309
14, 60,105,130,309
14, 60,105,130,309
14, 60,105,130,310
Light Source Color - BLUE	 , 08/05/2024,16:03:59
15, 551,265,136,946
15, 2849,1013,167,3922
15, 2847,1013,167,3921
15, 2847,1013,167,3920
15, 2846,1013,167,3919
15, 2845,1013,167,3918
15, 2844,1013,167,3917
Light Source Color - OFF	 , 08/05/2024,16:04:05
