C_499ms_1x_0  :  Time_499ms. Gain_1x
Light Source Color - OFF
N,P,K,C
0, 63,110,135,322
0, 63,110,135,322
0, 63,110,135,322
0, 63,109,135,322
0, 63,109,135,322
Light Source Color - WHITE	 , 08/05/2024,16:04:24
1, 63,109,135,322
1, 3980,3428,4217,11182
1, 3973,3425,4191,11166
1, 3975,3427,4183,11142
1, 3971,3425,4169,11123
1, 3968,3423,4157,11106
Light Source Color - OFF	 , 08/05/2024,16:04:30
2, 3965,3422,4148,11093
2, 62,109,135,321
2, 62,109,135,322
2, 62,109,135,322
2, 63,109,135,322
2, 63,109,135,322
Light Source Color - RED	 , 08/05/2024,16:04:35
3, 63,109,135,322
3, 477,299,3871,4283
3, 476,298,3861,4272
3, 476,298,3856,4267
3, 476,298,3852,4263
3, 476,298,3851,4262
Light Source Color - OFF	 , 08/05/2024,16:04:41
4, 476,298,3849,4259
4, 63,109,135,322
4, 63,109,135,322
4, 63,109,135,322
4, 63,109,135,322
4, 63,109,135,322
Light Source Color - GREEN	 , 08/05/2024,16:04:46
5, 211,515,194,941
5, 921,2453,481,3903
5, 920,2451,481,3901
5, 919,2450,481,3899
5, 919,2449,481,3898
5, 919,2448,481,3897
Light Source Color - OFF	 , 08/05/2024,16:04:52
6, 918,2448,481,3896
6, 62,109,135,322
6, 63,109,135,322
6, 63,109,135,322
6, 63,109,135,322
6, 63,109,135,322
Light Source Color - BLUE	 , 08/05/2024,16:04:57
7, 63,109,135,322
7, 2958,1053,174,4074
7, 2960,1054,174,4077
7, 2960,1054,174,4077
7, 2959,1054,174,4076
7, 2958,1054,174,4075
Light Source Color - OFF	 , 08/05/2024,16:05:03
8, 2957,1054,174,4073
8, 63,109,135,322
8, 63,109,135,322
8, 63,109,135,322
8, 63,109,135,322
8, 63,109,135,322
Light Source Color - WHITE	 , 08/05/2024,16:05:08
9, 63,109,135,322
9, 3977,3427,4196,11156
9, 3969,3423,4167,11117
9, 3965,3421,4150,11094
9, 3966,3422,4144,11091
9, 3964,3421,4133,11077
Light Source Color - OFF	 , 08/05/2024,16:05:14
10, 3961,3420,4123,11064
10, 62,109,135,321
10, 62,109,135,322
10, 63,109,135,322
10, 63,109,135,322
10, 63,109,135,322
Light Source Color - RED	 , 08/05/2024,16:05:20
11, 137,143,806,1033
11, 476,298,3850,4261
11, 475,297,3839,4248
11, 474,297,3834,4243
11, 474,297,3830,4238
11, 474,297,3828,4236
Light Source Color - OFF	 , 08/05/2024,16:05:25
12, 471,295,3804,4210
12, 62,109,135,322
12, 63,109,135,322
12, 63,109,135,322
12, 63,109,135,322
12, 63,109,135,322
Light Source Color - GREEN	 , 08/05/2024,16:05:31
13, 63,109,135,322
13, 919,2448,481,3897
13, 919,2448,481,3897
13, 918,2448,481,3897
13, 918,2447,481,3895
13, 917,2446,481,3894
Light Source Color - OFF	 , 08/05/2024,16:05:36
14, 917,2446,481,3893
14, 63,109,135,322
14, 63,109,135,322
14, 63,109,135,322
14, 63,109,135,322
14, 63,109,135,322
Light Source Color - BLUE	 , 08/05/2024,16:05:42
15, 63,109,135,322
15, 2956,1053,173,4072
15, 2955,1053,173,4070
15, 2954,1053,173,4069
15, 2956,1054,174,4072
15, 2956,1054,174,4073
Light Source Color - OFF	 , 08/05/2024,16:05:47
