C_540ms_1x_0  :  Time_540ms. Gain_1x
Light Source Color - OFF
N,P,K,C
0, 68,119,146,349
0, 68,118,146,349
0, 68,118,146,349
0, 68,118,146,348
0, 68,118,146,348
Light Source Color - WHITE	 , 08/05/2024,16:06:14
1, 755,700,865,2256
1, 4310,3712,4559,12099
1, 4300,3707,4520,12047
1, 4294,3704,4500,12019
1, 4290,3702,4485,11998
1, 4290,3703,4479,11994
Light Source Color - OFF	 , 08/05/2024,16:06:20
2, 4288,3702,4467,11979
2, 68,118,146,348
2, 68,118,146,348
2, 68,118,146,348
2, 68,118,146,348
2, 68,118,146,348
Light Source Color - RED	 , 08/05/2024,16:06:26
3, 68,118,146,348
3, 515,322,4166,4610
3, 514,322,4156,4599
3, 514,322,4153,4596
3, 513,321,4148,4591
3, 513,321,4145,4587
Light Source Color - OFF	 , 08/05/2024,16:06:32
4, 513,321,4142,4584
4, 68,118,146,348
4, 68,118,146,348
4, 68,118,146,348
4, 68,118,146,348
4, 68,118,146,348
Light Source Color - GREEN	 , 08/05/2024,16:06:37
5, 98,200,158,473
5, 995,2651,520,4220
5, 994,2649,520,4217
5, 993,2648,520,4215
5, 993,2647,520,4214
5, 993,2648,520,4214
Light Source Color - OFF	 , 08/05/2024,16:06:43
6, 993,2648,520,4214
6, 68,118,146,348
6, 68,118,146,348
6, 68,118,146,348
6, 68,118,146,348
6, 68,118,146,348
Light Source Color - BLUE	 , 08/05/2024,16:06:49
7, 68,118,146,348
7, 3200,1140,188,4408
7, 3199,1140,188,4407
7, 3200,1141,188,4408
7, 3201,1141,188,4409
7, 3199,1141,188,4407
Light Source Color - OFF	 , 08/05/2024,16:06:55
8, 3197,1140,188,4405
8, 68,118,146,348
8, 68,118,146,348
8, 68,118,146,348
8, 68,118,146,348
8, 68,118,146,348
Light Source Color - WHITE	 , 08/05/2024,16:07:01
9, 68,118,146,348
9, 4238,3653,4470,11889
9, 4294,3704,4495,12016
9, 4288,3701,4474,11987
9, 4284,3699,4459,11966
9, 4280,3697,4447,11948
Light Source Color - OFF	 , 08/05/2024,16:07:06
10, 3651,3164,3800,10213
10, 68,118,145,348
10, 68,118,146,348
10, 68,118,146,348
10, 68,118,146,348
10, 68,118,146,348
Light Source Color - RED	 , 08/05/2024,16:07:12
11, 68,118,146,348
11, 513,321,4145,4587
11, 512,321,4134,4575
11, 512,320,4129,4569
11, 512,320,4127,4567
11, 511,320,4124,4564
Light Source Color - OFF	 , 08/05/2024,16:07:18
12, 511,320,4121,4561
12, 68,118,146,348
12, 68,118,146,348
12, 68,118,146,348
12, 68,118,146,348
12, 68,118,146,348
Light Source Color - GREEN	 , 08/05/2024,16:07:24
13, 68,118,146,348
13, 993,2647,520,4213
13, 993,2647,520,4214
13, 992,2646,521,4213
13, 992,2646,520,4211
13, 992,2645,520,4210
Light Source Color - OFF	 , 08/05/2024,16:07:29
14, 910,2422,487,3870
14, 68,118,146,348
14, 68,118,146,348
14, 68,118,146,348
14, 68,118,146,348
14, 68,118,146,348
Light Source Color - BLUE	 , 08/05/2024,16:07:35
15, 68,118,146,348
15, 3200,1141,188,4409
15, 3198,1141,188,4407
15, 3197,1141,188,4405
15, 3199,1142,188,4408
15, 3199,1142,188,4408
Light Source Color - OFF	 , 08/05/2024,16:07:41
