C_600ms_1x_0  :  Time_600ms. Gain_1x
Light Source Color - OFF
N,P,K,C
0, 75,132,162,388
0, 75,132,162,388
0, 75,132,162,387
0, 75,132,162,387
0, 75,132,162,387
Light Source Color - WHITE	 , 08/05/2024,16:08:02
1, 75,132,162,387
1, 4781,4121,5028,13397
1, 4770,4115,4991,13344
1, 4771,4117,4979,13337
1, 4765,4114,4960,13310
1, 4760,4111,4946,13289
Light Source Color - OFF	 , 08/05/2024,16:08:08
2, 4761,4112,4939,13285
2, 75,131,162,387
2, 75,131,162,387
2, 75,131,162,387
2, 75,132,162,387
2, 75,132,162,387
Light Source Color - RED	 , 08/05/2024,16:08:14
3, 75,132,162,387
3, 507,328,4040,4498
3, 569,357,4597,5088
3, 569,356,4590,5080
3, 569,356,4586,5075
3, 569,356,4584,5073
Light Source Color - OFF	 , 08/05/2024,16:08:20
4, 568,356,4581,5070
4, 75,132,162,387
4, 75,132,162,387
4, 75,132,162,387
4, 75,132,162,387
4, 75,132,162,387
Light Source Color - GREEN	 , 08/05/2024,16:08:26
5, 75,132,162,387
5, 1105,2944,578,4685
5, 1103,2941,578,4682
5, 1103,2941,578,4681
5, 1103,2941,579,4681
5, 1102,2940,578,4679
Light Source Color - OFF	 , 08/05/2024,16:08:32
6, 1101,2939,578,4677
6, 84,156,166,425
6, 75,132,162,387
6, 75,132,162,387
6, 75,132,162,387
6, 75,132,162,387
Light Source Color - BLUE	 , 08/05/2024,16:08:38
7, 75,132,162,387
7, 3553,1267,209,4896
7, 3555,1268,209,4898
7, 3555,1268,209,4898
7, 3553,1268,209,4896
7, 3554,1268,209,4897
Light Source Color - OFF	 , 08/05/2024,16:08:45
8, 3554,1269,209,4898
8, 75,132,162,387
8, 75,132,162,387
8, 75,132,162,387
8, 75,132,162,387
8, 75,132,162,387
Light Source Color - WHITE	 , 08/05/2024,16:08:51
9, 577,556,683,1775
9, 4780,4121,5019,13387
9, 4768,4115,4972,13325
9, 4761,4112,4949,13292
9, 4761,4112,4940,13284
9, 4758,4111,4925,13266
Light Source Color - OFF	 , 08/05/2024,16:08:57
10, 4753,4108,4912,13247
10, 75,131,162,386
10, 75,131,162,387
10, 75,132,162,387
10, 75,132,162,387
10, 75,132,162,387
Light Source Color - RED	 , 08/05/2024,16:09:03
11, 75,132,162,387
11, 569,356,4587,5077
11, 568,355,4574,5063
11, 568,355,4571,5060
11, 567,355,4567,5055
11, 567,355,4563,5050
Light Source Color - OFF	 , 08/05/2024,16:09:09
12, 501,325,3975,4427
12, 75,131,162,387
12, 75,131,162,387
12, 75,131,162,387
12, 75,132,162,387
12, 75,132,162,387
Light Source Color - GREEN	 , 08/05/2024,16:09:15
13, 75,131,162,387
13, 1102,2939,578,4678
13, 1102,2939,578,4679
13, 1101,2938,578,4677
13, 1101,2937,578,4675
13, 1101,2937,578,4676
Light Source Color - OFF	 , 08/05/2024,16:09:21
14, 1100,2937,578,4675
14, 75,131,162,387
14, 75,131,162,387
14, 75,132,162,387
14, 75,131,162,387
14, 75,132,162,387
Light Source Color - BLUE	 , 08/05/2024,16:09:28
15, 75,132,162,387
15, 3554,1268,209,4897
15, 3552,1268,209,4894
15, 3552,1268,209,4895
15, 3553,1269,209,4896
15, 3551,1268,209,4894
Light Source Color - OFF	 , 08/05/2024,16:09:34
