C_614ms_1x_0  :  Time_614ms. Gain_1x
Light Source Color - OFF
N,P,K,C
0, 77,135,166,397
0, 77,135,166,397
0, 77,135,166,396
0, 77,135,166,396
0, 77,135,166,397
Light Source Color - WHITE	 , 08/05/2024,16:09:57
1, 77,135,166,396
1, 4892,4218,5134,13700
1, 4888,4216,5113,13673
1, 4883,4214,5086,13640
1, 4877,4211,5066,13613
1, 4876,4210,5059,13604
Light Source Color - OFF	 , 08/05/2024,16:10:03
2, 4874,4210,5045,13588
2, 77,134,166,396
2, 77,135,166,396
2, 77,135,166,396
2, 77,135,166,396
2, 77,135,166,396
Light Source Color - RED	 , 08/05/2024,16:10:09
3, 77,135,166,396
3, 583,365,4711,5214
3, 582,364,4695,5196
3, 582,364,4688,5189
3, 582,364,4686,5186
3, 581,364,4682,5182
Light Source Color - OFF	 , 08/05/2024,16:10:15
4, 581,364,4678,5178
4, 94,142,316,555
4, 77,135,166,396
4, 77,135,166,396
4, 77,135,166,396
4, 77,135,166,396
Light Source Color - GREEN	 , 08/05/2024,16:10:22
5, 77,135,166,396
5, 1129,3011,592,4793
5, 1129,3011,592,4793
5, 1128,3010,592,4791
5, 1128,3008,592,4789
5, 1128,3009,592,4790
Light Source Color - OFF	 , 08/05/2024,16:10:28
6, 1128,3009,592,4789
6, 77,135,166,396
6, 77,135,166,396
6, 77,135,166,396
6, 77,135,166,396
6, 77,135,166,396
Light Source Color - BLUE	 , 08/05/2024,16:10:34
7, 77,135,166,396
7, 3640,1298,214,5015
7, 3637,1298,214,5012
7, 3639,1299,214,5015
7, 3638,1299,214,5014
7, 3636,1298,214,5011
Light Source Color - OFF	 , 08/05/2024,16:10:40
8, 3638,1299,214,5014
8, 77,135,166,396
8, 77,135,166,396
8, 77,135,166,396
8, 77,135,166,396
8, 77,135,166,396
Light Source Color - WHITE	 , 08/05/2024,16:10:46
9, 88,144,177,426
9, 4895,4221,5135,13706
9, 4881,4214,5083,13636
9, 4875,4210,5058,13602
9, 4874,4210,5049,13592
9, 4871,4209,5033,13573
Light Source Color - OFF	 , 08/05/2024,16:10:53
10, 4866,4206,5020,13553
10, 77,134,166,396
10, 77,135,166,396
10, 77,135,166,396
10, 77,135,166,396
10, 77,135,166,396
Light Source Color - RED	 , 08/05/2024,16:10:59
11, 77,135,166,396
11, 582,364,4686,5187
11, 581,364,4679,5179
11, 580,363,4671,5171
11, 580,363,4666,5165
11, 580,363,4664,5163
Light Source Color - OFF	 , 08/05/2024,16:11:05
12, 580,363,4662,5160
12, 77,135,166,396
12, 77,135,166,396
12, 77,135,166,396
12, 77,135,166,396
12, 77,135,166,396
Light Source Color - GREEN	 , 08/05/2024,16:11:11
13, 77,135,166,396
13, 1129,3012,592,4794
13, 1128,3009,592,4789
13, 1127,3007,592,4787
13, 1127,3008,592,4788
13, 1127,3007,592,4787
Light Source Color - OFF	 , 08/05/2024,16:11:18
14, 1126,3006,592,4785
14, 116,241,182,559
14, 77,135,166,396
14, 77,135,166,396
14, 77,135,166,396
14, 77,135,166,396
Light Source Color - BLUE	 , 08/05/2024,16:11:24
15, 77,135,166,396
15, 3636,1298,214,5011
15, 3638,1299,214,5014
15, 3637,1299,214,5013
15, 3636,1299,214,5011
15, 3638,1299,214,5014
Light Source Color - OFF	 , 08/05/2024,16:11:30
