D_199ms_1x_0  :  Time_199ms. Gain_1x
Light Source Color - OFF
N,P,K,C
0, 25,44,54,129
0, 25,44,54,128
0, 25,44,54,128
0, 25,44,54,128
0, 25,44,54,128
0, 25,44,54,128
0, 25,44,54,128
0, 25,44,54,128
Light Source Color - WHITE	 , 08/05/2024,16:32:03
1, 569,510,664,1682
1, 1266,1109,1436,3667
1, 1264,1108,1430,3658
1, 1263,1107,1426,3653
1, 1263,1107,1422,3649
1, 1262,1107,1419,3645
1, 1262,1107,1417,3642
1, 1261,1106,1415,3639
1, 1261,1106,1413,3637
Light Source Color - OFF	 , 08/05/2024,16:32:08
2, 1258,1104,1408,3628
2, 25,44,54,128
2, 25,44,54,128
2, 25,44,54,128
2, 25,44,54,128
2, 25,44,54,128
2, 25,44,54,128
2, 25,44,54,128
2, 25,44,54,128
Light Source Color - RED	 , 08/05/2024,16:32:14
3, 25,44,54,128
3, 166,108,1324,1474
3, 166,108,1322,1472
3, 166,108,1320,1470
3, 166,108,1320,1469
3, 166,108,1319,1469
3, 166,108,1318,1468
3, 166,108,1317,1467
3, 166,108,1317,1467
Light Source Color - OFF	 , 08/05/2024,16:32:19
4, 166,108,1317,1466
4, 25,44,54,128
4, 25,44,54,128
4, 25,44,54,128
4, 25,44,54,128
4, 25,44,54,128
4, 25,44,54,128
4, 25,44,54,128
4, 25,44,54,128
Light Source Color - GREEN	 , 08/05/2024,16:32:25
5, 25,44,54,128
5, 299,798,166,1283
5, 298,798,166,1283
5, 298,798,166,1282
5, 298,797,166,1282
5, 298,797,166,1282
5, 298,797,166,1282
5, 298,797,166,1282
5, 298,797,166,1282
Light Source Color - OFF	 , 08/05/2024,16:32:31
6, 298,797,166,1281
6, 25,44,54,128
6, 25,44,54,128
6, 25,44,54,128
6, 25,44,54,128
6, 25,44,54,128
6, 25,44,54,128
6, 25,44,54,128
6, 25,44,54,128
Light Source Color - BLUE	 , 08/05/2024,16:32:36
7, 25,44,54,128
7, 928,338,66,1300
7, 928,338,66,1300
7, 927,338,66,1300
7, 927,338,66,1300
7, 927,338,66,1300
7, 927,338,66,1300
7, 927,338,66,1300
7, 927,338,66,1300
Light Source Color - OFF	 , 08/05/2024,16:32:42
8, 561,219,61,825
8, 25,44,54,128
8, 25,44,54,128
8, 25,44,54,128
8, 25,44,54,128
8, 25,44,54,128
8, 25,44,54,128
8, 25,44,54,128
8, 25,44,54,128
Light Source Color - WHITE	 , 08/05/2024,16:32:47
9, 426,388,503,1274
9, 1265,1108,1431,3660
9, 1263,1107,1425,3652
9, 1262,1107,1421,3647
9, 1262,1107,1417,3643
9, 1261,1106,1414,3639
9, 1261,1106,1412,3636
9, 1260,1106,1410,3633
9, 1259,1106,1407,3630
Light Source Color - OFF	 , 08/05/2024,16:32:53
10, 1259,1105,1405,3627
10, 25,44,54,128
10, 25,44,54,128
10, 25,44,54,128
10, 25,44,54,128
10, 25,44,54,128
10, 25,44,54,128
10, 25,44,54,128
10, 25,44,54,128
Light Source Color - RED	 , 08/05/2024,16:32:59
11, 25,44,54,128
11, 166,108,1320,1470
11, 166,108,1318,1467
11, 166,108,1316,1466
11, 166,107,1315,1465
11, 166,107,1314,1464
11, 166,107,1314,1463
11, 166,107,1313,1463
11, 166,107,1313,1462
Light Source Color - OFF	 , 08/05/2024,16:33:04
12, 166,107,1313,1462
12, 25,44,54,128
12, 25,44,54,128
12, 25,44,54,128
12, 25,44,54,128
12, 25,44,54,128
12, 25,44,54,128
12, 25,44,54,128
12, 25,44,54,128
Light Source Color - GREEN	 , 08/05/2024,16:33:10
13, 25,44,54,128
13, 298,798,166,1282
13, 298,797,166,1282
13, 298,797,166,1282
13, 298,797,166,1282
13, 298,797,166,1281
13, 298,797,166,1281
13, 298,797,166,1281
13, 298,797,166,1281
Light Source Color - OFF	 , 08/05/2024,16:33:15
14, 186,488,120,809
14, 25,44,54,128
14, 25,44,54,128
14, 25,44,54,128
14, 25,44,54,128
14, 25,44,54,128
14, 25,44,54,128
14, 25,44,54,128
14, 25,44,54,128
Light Source Color - BLUE	 , 08/05/2024,16:33:21
15, 320,140,58,512
15, 927,338,66,1300
15, 927,338,66,1300
15, 927,338,66,1300
15, 927,338,66,1300
15, 927,338,66,1300
15, 927,338,66,1300
15, 927,338,66,1300
15, 927,338,66,1300
Light Source Color - OFF	 , 08/05/2024,16:33:27
