D_240ms_1x_0  :  Time_240ms. Gain_1x
Light Source Color - OFF
N,P,K,C
0, 30,53,65,155
0, 30,53,65,155
0, 30,53,65,155
0, 30,53,65,155
0, 30,53,65,155
0, 30,53,65,155
0, 30,53,65,155
0, 30,53,65,155
Light Source Color - WHITE	 , 08/05/2024,16:30:13
1, 312,294,382,962
1, 1526,1336,1736,4425
1, 1524,1335,1726,4411
1, 1522,1334,1719,4402
1, 1521,1334,1715,4396
1, 1520,1333,1711,4391
1, 1520,1333,1708,4389
1, 1519,1333,1705,4385
1, 1518,1332,1703,4381
Light Source Color - OFF	 , 08/05/2024,16:30:19
2, 1518,1332,1700,4377
2, 30,52,65,154
2, 30,53,65,155
2, 30,53,65,155
2, 30,53,65,155
2, 30,53,65,155
2, 30,53,65,155
2, 30,53,65,155
2, 30,53,65,155
Light Source Color - RED	 , 08/05/2024,16:30:25
3, 30,53,65,155
3, 201,130,1596,1777
3, 200,130,1594,1775
3, 200,130,1592,1773
3, 200,130,1591,1771
3, 200,130,1590,1770
3, 200,130,1589,1770
3, 200,130,1588,1769
3, 200,130,1588,1768
Light Source Color - OFF	 , 08/05/2024,16:30:31
4, 187,124,1474,1648
4, 30,53,65,155
4, 30,53,65,155
4, 30,53,65,155
4, 30,53,65,155
4, 30,53,65,155
4, 30,53,65,155
4, 30,53,65,155
4, 30,53,65,155
Light Source Color - GREEN	 , 08/05/2024,16:30:37
5, 63,145,78,296
5, 360,961,200,1546
5, 360,961,200,1546
5, 360,961,200,1545
5, 359,961,201,1545
5, 359,961,201,1545
5, 359,961,201,1544
5, 359,960,201,1544
5, 359,960,201,1544
Light Source Color - OFF	 , 08/05/2024,16:30:43
6, 302,802,177,1302
6, 30,53,65,155
6, 30,53,65,155
6, 30,53,65,155
6, 30,53,65,155
6, 30,53,65,155
6, 30,53,65,155
6, 30,53,65,155
6, 30,53,65,155
Light Source Color - BLUE	 , 08/05/2024,16:30:49
7, 344,155,69,562
7, 1118,407,79,1567
7, 1117,407,79,1566
7, 1117,407,79,1566
7, 1117,407,79,1566
7, 1117,407,79,1566
7, 1117,407,79,1566
7, 1117,407,79,1566
7, 1117,407,79,1566
Light Source Color - OFF	 , 08/05/2024,16:30:55
8, 695,269,74,1017
8, 30,53,65,155
8, 30,53,65,155
8, 30,53,65,155
8, 30,53,65,155
8, 30,53,65,155
8, 30,53,65,155
8, 30,53,65,155
8, 30,53,65,155
Light Source Color - WHITE	 , 08/05/2024,16:31:01
9, 30,53,65,155
9, 1524,1335,1727,4413
9, 1521,1334,1718,4400
9, 1520,1333,1712,4392
9, 1520,1333,1709,4389
9, 1519,1333,1705,4384
9, 1518,1332,1701,4379
9, 1517,1332,1698,4375
9, 1517,1332,1696,4374
Light Source Color - OFF	 , 08/05/2024,16:31:07
10, 1052,932,1185,3053
10, 30,52,65,154
10, 30,52,65,154
10, 30,52,65,154
10, 30,53,65,155
10, 30,53,65,155
10, 30,53,65,155
10, 30,53,65,155
10, 30,53,65,155
Light Source Color - RED	 , 08/05/2024,16:31:13
11, 97,83,665,791
11, 200,130,1591,1772
11, 200,130,1588,1768
11, 200,130,1586,1766
11, 200,130,1585,1765
11, 200,129,1584,1764
11, 200,129,1583,1763
11, 200,129,1583,1763
11, 200,129,1582,1762
Light Source Color - OFF	 , 08/05/2024,16:31:19
12, 200,129,1582,1762
12, 30,53,65,155
12, 30,53,65,155
12, 30,53,65,155
12, 30,53,65,155
12, 30,53,65,155
12, 30,53,65,155
12, 30,53,65,155
12, 30,53,65,155
Light Source Color - GREEN	 , 08/05/2024,16:31:25
13, 30,53,65,155
13, 360,961,200,1545
13, 359,961,200,1544
13, 359,961,201,1545
13, 359,960,201,1544
13, 359,960,201,1544
13, 359,960,200,1544
13, 359,960,201,1544
13, 359,960,201,1543
Light Source Color - OFF	 , 08/05/2024,16:31:31
14, 359,960,201,1543
14, 30,53,65,155
14, 30,53,65,155
14, 30,53,65,155
14, 30,53,65,155
14, 30,53,65,155
14, 30,53,65,155
14, 30,53,65,155
14, 30,53,65,155
Light Source Color - BLUE	 , 08/05/2024,16:31:37
15, 30,53,65,155
15, 1117,407,79,1566
15, 1117,407,79,1566
15, 1117,407,79,1566
15, 1117,407,79,1566
15, 1117,407,79,1566
15, 1117,407,79,1566
15, 1117,407,79,1566
15, 1117,407,79,1566
Light Source Color - OFF	 , 08/05/2024,16:31:43
