D_300ms_1x_0  :  Time_300ms. Gain_1x
Light Source Color - OFF
N,P,K,C
0, 38,66,81,194
0, 38,66,81,193
0, 38,66,81,194
0, 38,66,81,193
0, 38,66,81,193
0, 38,66,81,193
0, 38,66,81,193
Light Source Color - WHITE	 , 08/05/2024,16:28:19
1, 602,550,714,1806
1, 1905,1669,2162,5519
1, 1904,1669,2152,5508
1, 1901,1667,2142,5494
1, 1901,1667,2138,5489
1, 1899,1666,2132,5480
1, 1898,1666,2129,5477
1, 1898,1666,2126,5475
Light Source Color - OFF	 , 08/05/2024,16:28:24
2, 1896,1664,2121,5467
2, 37,66,81,193
2, 38,66,81,193
2, 38,66,81,193
2, 38,66,81,193
2, 38,66,81,193
2, 38,66,81,193
2, 38,66,81,193
Light Source Color - RED	 , 08/05/2024,16:28:30
3, 94,91,587,729
3, 251,162,1991,2217
3, 250,162,1988,2214
3, 250,162,1985,2211
3, 250,162,1984,2209
3, 250,162,1983,2209
3, 250,162,1982,2207
3, 250,162,1981,2207
Light Source Color - OFF	 , 08/05/2024,16:28:36
4, 250,162,1980,2205
4, 38,66,81,193
4, 38,66,81,193
4, 38,66,81,193
4, 38,66,81,193
4, 38,66,81,193
4, 38,66,81,193
4, 38,66,81,193
Light Source Color - GREEN	 , 08/05/2024,16:28:42
5, 38,66,81,193
5, 450,1201,251,1931
5, 449,1201,251,1931
5, 449,1200,251,1930
5, 449,1200,251,1930
5, 449,1200,251,1930
5, 449,1200,251,1930
5, 449,1200,251,1930
Light Source Color - OFF	 , 08/05/2024,16:28:48
6, 422,1127,240,1817
6, 38,66,81,193
6, 38,66,81,193
6, 38,66,81,193
6, 38,66,81,193
6, 38,66,81,193
6, 38,66,81,193
6, 38,66,81,193
Light Source Color - BLUE	 , 08/05/2024,16:28:53
7, 38,66,81,193
7, 1396,509,99,1957
7, 1396,509,99,1957
7, 1397,509,99,1958
7, 1396,509,99,1957
7, 1396,509,99,1957
7, 1397,509,99,1958
7, 1395,509,99,1957
Light Source Color - OFF	 , 08/05/2024,16:28:59
8, 1037,392,94,1491
8, 38,66,81,193
8, 38,66,81,193
8, 38,66,81,193
8, 38,66,81,193
8, 38,66,81,193
8, 38,66,81,193
8, 38,66,81,193
Light Source Color - WHITE	 , 08/05/2024,16:29:05
9, 38,66,81,193
9, 1905,1669,2158,5515
9, 1900,1666,2142,5492
9, 1899,1666,2137,5486
9, 1897,1665,2129,5477
9, 1897,1665,2126,5472
9, 1897,1665,2123,5470
9, 1895,1664,2118,5462
Light Source Color - OFF	 , 08/05/2024,16:29:11
10, 1398,1236,1571,4051
10, 37,66,81,193
10, 38,66,81,193
10, 37,66,81,193
10, 38,66,81,193
10, 38,66,81,193
10, 38,66,81,193
10, 38,66,81,193
Light Source Color - RED	 , 08/05/2024,16:29:17
11, 38,66,81,193
11, 250,162,1987,2213
11, 250,162,1982,2207
11, 250,162,1980,2205
11, 250,162,1978,2203
11, 249,162,1977,2202
11, 249,162,1977,2201
11, 249,162,1976,2200
Light Source Color - OFF	 , 08/05/2024,16:29:23
12, 249,162,1975,2200
12, 37,66,81,193
12, 38,66,81,193
12, 38,66,81,193
12, 38,66,81,193
12, 38,66,81,193
12, 38,66,81,193
12, 38,66,81,193
Light Source Color - GREEN	 , 08/05/2024,16:29:28
13, 43,81,83,216
13, 449,1201,251,1931
13, 449,1200,251,1930
13, 449,1200,251,1929
13, 449,1200,251,1930
13, 448,1199,251,1929
13, 448,1200,251,1929
13, 448,1199,251,1928
Light Source Color - OFF	 , 08/05/2024,16:29:34
14, 448,1199,251,1928
14, 37,66,81,193
14, 38,66,81,193
14, 38,66,81,193
14, 38,66,81,193
14, 38,66,81,193
14, 38,66,81,193
14, 38,66,81,193
Light Source Color - BLUE	 , 08/05/2024,16:29:40
15, 304,152,85,539
15, 1396,509,99,1958
15, 1397,509,99,1958
15, 1396,509,99,1957
15, 1396,509,99,1958
15, 1396,509,99,1957
15, 1396,509,99,1957
15, 1396,509,99,1958
Light Source Color - OFF	 , 08/05/2024,16:29:46
