D_360ms_1x_0  :  Time_360ms. Gain_1x
Light Source Color - OFF
N,P,K,C
0, 45,79,97,232
0, 45,79,97,232
0, 45,79,97,232
0, 45,79,97,232
0, 45,79,97,232
0, 45,79,97,232
Light Source Color - WHITE	 , 08/05/2024,16:26:38
1, 152,170,217,537
1, 2287,2003,2597,6626
1, 2284,2002,2583,6609
1, 2282,2001,2574,6598
1, 2282,2001,2568,6591
1, 2278,1998,2559,6577
1, 2277,1998,2555,6572
Light Source Color - OFF	 , 08/05/2024,16:26:44
2, 2277,1998,2551,6567
2, 45,79,97,232
2, 45,79,97,232
2, 45,79,97,232
2, 45,79,97,232
2, 45,79,97,232
2, 45,79,97,232
Light Source Color - RED	 , 08/05/2024,16:26:49
3, 85,97,458,614
3, 301,195,2392,2664
3, 301,195,2388,2659
3, 300,195,2386,2657
3, 300,195,2384,2655
3, 300,195,2383,2653
3, 300,194,2381,2651
Light Source Color - OFF	 , 08/05/2024,16:26:55
4, 300,194,2380,2650
4, 45,79,97,232
4, 45,79,97,232
4, 45,79,97,232
4, 45,79,97,232
4, 45,79,97,232
4, 45,79,97,232
Light Source Color - GREEN	 , 08/05/2024,16:27:00
5, 45,79,97,232
5, 540,1442,301,2318
5, 539,1441,301,2317
5, 539,1441,301,2317
5, 539,1441,301,2317
5, 539,1441,301,2317
5, 539,1441,301,2317
Light Source Color - OFF	 , 08/05/2024,16:27:06
6, 520,1388,293,2236
6, 45,79,97,232
6, 45,79,97,232
6, 45,79,97,232
6, 45,79,97,232
6, 45,79,97,232
6, 45,79,97,232
Light Source Color - BLUE	 , 08/05/2024,16:27:11
7, 45,79,97,232
7, 1677,611,119,2350
7, 1677,611,119,2350
7, 1675,610,119,2348
7, 1675,610,119,2348
7, 1675,611,119,2349
7, 1675,611,119,2349
Light Source Color - OFF	 , 08/05/2024,16:27:17
8, 1676,611,119,2349
8, 45,79,97,232
8, 45,79,97,232
8, 45,79,97,232
8, 45,79,97,232
8, 45,79,97,232
8, 45,79,97,232
Light Source Color - WHITE	 , 08/05/2024,16:27:22
9, 45,79,97,232
9, 2285,2002,2588,6615
9, 2282,2001,2574,6598
9, 2281,2000,2566,6588
9, 2277,1998,2556,6571
9, 2276,1997,2551,6566
9, 2275,1998,2546,6561
Light Source Color - OFF	 , 08/05/2024,16:27:28
10, 2275,1997,2542,6557
10, 45,79,97,232
10, 45,79,97,232
10, 45,79,97,232
10, 45,79,97,232
10, 45,79,97,232
10, 45,79,97,232
Light Source Color - RED	 , 08/05/2024,16:27:33
11, 54,83,179,319
11, 300,195,2385,2656
11, 300,195,2381,2651
11, 300,194,2379,2649
11, 300,194,2377,2647
11, 300,194,2375,2645
11, 299,194,2374,2644
Light Source Color - OFF	 , 08/05/2024,16:27:39
12, 299,194,2373,2643
12, 45,79,97,232
12, 45,79,97,232
12, 45,79,97,232
12, 45,79,97,232
12, 45,79,97,232
12, 45,79,97,232
Light Source Color - GREEN	 , 08/05/2024,16:27:44
13, 45,79,97,232
13, 539,1441,301,2317
13, 539,1441,301,2316
13, 539,1440,301,2316
13, 539,1440,301,2316
13, 539,1440,301,2316
13, 539,1440,301,2316
Light Source Color - OFF	 , 08/05/2024,16:27:50
14, 538,1439,301,2314
14, 45,79,97,232
14, 45,79,97,232
14, 45,79,97,232
14, 45,79,97,232
14, 45,79,97,232
14, 45,79,97,232
Light Source Color - BLUE	 , 08/05/2024,16:27:55
15, 45,79,97,232
15, 1677,611,119,2351
15, 1675,611,119,2348
15, 1675,611,119,2348
15, 1675,611,119,2349
15, 1676,611,119,2349
15, 1676,611,119,2350
Light Source Color - OFF	 , 08/05/2024,16:28:01
