D_401ms_1x_0  :  Time_401ms. Gain_1x
Light Source Color - OFF
N,P,K,C
0, 50,88,108,259
0, 50,88,108,258
0, 50,88,108,258
0, 50,88,108,258
0, 50,88,108,258
0, 50,88,108,258
Light Source Color - WHITE	 , 08/05/2024,16:24:53
1, 50,88,108,258
1, 2547,2230,2897,7384
1, 2543,2228,2880,7362
1, 2541,2227,2869,7348
1, 2539,2227,2862,7338
1, 2538,2226,2855,7330
1, 2537,2225,2849,7323
Light Source Color - OFF	 , 08/05/2024,16:24:58
2, 2207,1943,2483,6384
2, 50,88,108,258
2, 50,88,108,258
2, 50,88,108,258
2, 50,88,108,258
2, 50,88,108,258
2, 50,88,108,258
Light Source Color - RED	 , 08/05/2024,16:25:04
3, 50,88,108,258
3, 335,218,2669,2972
3, 335,217,2663,2965
3, 335,217,2660,2962
3, 335,217,2658,2959
3, 334,217,2656,2957
3, 334,217,2655,2956
Light Source Color - OFF	 , 08/05/2024,16:25:10
4, 309,205,2431,2719
4, 50,88,108,258
4, 50,88,108,258
4, 50,88,108,258
4, 50,88,108,258
4, 50,88,108,258
4, 50,88,108,258
Light Source Color - GREEN	 , 08/05/2024,16:25:16
5, 50,88,108,258
5, 601,1606,335,2582
5, 601,1605,335,2581
5, 601,1605,335,2581
5, 600,1605,335,2580
5, 600,1605,335,2580
5, 600,1604,335,2580
Light Source Color - OFF	 , 08/05/2024,16:25:21
6, 566,1509,321,2434
6, 50,88,108,258
6, 50,88,108,258
6, 50,88,108,258
6, 50,88,108,258
6, 50,88,108,258
6, 50,88,108,258
Light Source Color - BLUE	 , 08/05/2024,16:25:27
7, 50,88,108,258
7, 1867,680,133,2617
7, 1867,680,133,2617
7, 1867,680,133,2617
7, 1867,680,133,2618
7, 1867,680,133,2617
7, 1867,680,133,2617
Light Source Color - OFF	 , 08/05/2024,16:25:33
8, 1771,649,131,2493
8, 50,88,108,258
8, 50,88,108,258
8, 50,88,108,258
8, 50,88,108,258
8, 50,88,108,258
8, 50,88,108,258
Light Source Color - WHITE	 , 08/05/2024,16:25:39
9, 50,88,108,258
9, 2545,2229,2888,7372
9, 2540,2227,2869,7348
9, 2538,2226,2858,7334
9, 2537,2226,2850,7325
9, 2536,2225,2844,7317
9, 2531,2222,2835,7301
Light Source Color - OFF	 , 08/05/2024,16:25:45
10, 2530,2222,2830,7294
10, 50,88,108,258
10, 50,88,108,258
10, 50,88,108,258
10, 50,88,108,258
10, 50,88,108,258
10, 50,88,108,258
Light Source Color - RED	 , 08/05/2024,16:25:50
11, 50,88,108,258
11, 335,217,2660,2962
11, 334,217,2654,2955
11, 334,217,2650,2951
11, 334,216,2647,2948
11, 334,216,2645,2946
11, 334,216,2645,2945
Light Source Color - OFF	 , 08/05/2024,16:25:56
12, 333,216,2644,2944
12, 50,88,108,258
12, 50,88,108,258
12, 50,88,108,258
12, 50,88,108,258
12, 50,88,108,258
12, 50,88,108,258
Light Source Color - GREEN	 , 08/05/2024,16:26:02
13, 50,88,108,258
13, 601,1606,335,2582
13, 601,1605,335,2581
13, 600,1604,335,2578
13, 600,1603,335,2578
13, 599,1603,335,2578
13, 599,1603,335,2578
Light Source Color - OFF	 , 08/05/2024,16:26:08
14, 599,1603,335,2577
14, 50,88,108,258
14, 50,88,108,258
14, 50,88,108,258
14, 50,88,108,258
14, 50,88,108,258
14, 50,88,108,258
Light Source Color - BLUE	 , 08/05/2024,16:26:14
15, 50,88,108,258
15, 1868,680,133,2618
15, 1865,679,133,2614
15, 1865,680,133,2614
15, 1864,680,133,2614
15, 1864,680,133,2614
15, 1864,680,133,2614
Light Source Color - OFF	 , 08/05/2024,16:26:19
