D_420ms_1x_0  :  Time_420ms. Gain_1x
Light Source Color - OFF
N,P,K,C
0, 53,92,113,271
0, 53,92,113,271
0, 53,92,113,271
0, 53,92,113,271
0, 53,92,113,271
0, 53,92,113,271
Light Source Color - WHITE	 , 08/05/2024,16:22:58
1, 233,247,316,786
1, 2666,2335,3027,7725
1, 2662,2333,3011,7703
1, 2660,2332,3000,7690
1, 2658,2331,2992,7680
1, 2656,2331,2985,7671
1, 2655,2330,2979,7663
Light Source Color - OFF	 , 08/05/2024,16:23:04
2, 2653,2329,2974,7655
2, 53,92,113,270
2, 53,92,113,270
2, 53,92,113,270
2, 53,92,113,270
2, 53,92,113,271
2, 53,92,113,271
Light Source Color - RED	 , 08/05/2024,16:23:09
3, 53,92,113,271
3, 351,228,2793,3110
3, 351,227,2786,3103
3, 350,227,2783,3099
3, 350,227,2781,3097
3, 350,227,2779,3095
3, 350,227,2778,3093
Light Source Color - OFF	 , 08/05/2024,16:23:15
4, 350,227,2777,3092
4, 53,92,113,271
4, 53,92,113,271
4, 53,92,113,271
4, 53,92,113,271
4, 53,92,113,271
4, 53,92,113,271
Light Source Color - GREEN	 , 08/05/2024,16:23:21
5, 53,92,113,271
5, 630,1683,351,2706
5, 629,1682,351,2705
5, 629,1682,351,2704
5, 629,1681,351,2704
5, 629,1681,351,2703
5, 629,1681,351,2703
Light Source Color - OFF	 , 08/05/2024,16:23:27
6, 629,1681,351,2703
6, 53,92,113,271
6, 53,92,113,271
6, 53,92,113,271
6, 53,92,113,271
6, 53,92,113,271
6, 53,92,113,271
Light Source Color - BLUE	 , 08/05/2024,16:23:33
7, 379,198,118,694
7, 1954,712,139,2739
7, 1954,712,139,2739
7, 1954,712,139,2739
7, 1953,713,139,2742
7, 1956,713,139,2742
7, 1956,713,139,2742
Light Source Color - OFF	 , 08/05/2024,16:23:39
8, 1872,686,138,2634
8, 53,92,113,270
8, 53,92,113,271
8, 53,92,113,271
8, 53,92,113,271
8, 53,92,113,271
8, 53,92,113,271
Light Source Color - WHITE	 , 08/05/2024,16:23:45
9, 53,92,113,271
9, 2664,2334,3018,7713
9, 2660,2332,3001,7690
9, 2658,2331,2990,7677
9, 2656,2330,2982,7666
9, 2655,2330,2975,7658
9, 2653,2329,2969,7650
Light Source Color - OFF	 , 08/05/2024,16:23:51
10, 2652,2329,2964,7643
10, 52,92,113,270
10, 53,92,113,270
10, 53,92,113,270
10, 53,92,113,270
10, 53,92,113,270
10, 53,92,113,270
Light Source Color - RED	 , 08/05/2024,16:23:57
11, 53,92,113,270
11, 351,227,2784,3101
11, 350,227,2778,3093
11, 350,227,2774,3090
11, 350,227,2772,3087
11, 350,227,2771,3086
11, 349,227,2769,3084
Light Source Color - OFF	 , 08/05/2024,16:24:03
12, 349,226,2768,3083
12, 53,92,113,271
12, 53,92,113,271
12, 53,92,113,271
12, 53,92,113,271
12, 53,92,113,271
12, 53,92,113,271
Light Source Color - GREEN	 , 08/05/2024,16:24:08
13, 53,92,113,271
13, 630,1683,351,2706
13, 629,1681,351,2704
13, 629,1681,351,2703
13, 629,1681,351,2703
13, 628,1680,351,2702
13, 628,1680,351,2702
Light Source Color - OFF	 , 08/05/2024,16:24:14
14, 562,1498,324,2423
14, 53,92,113,270
14, 53,92,113,270
14, 53,92,113,270
14, 53,92,113,270
14, 53,92,113,270
14, 53,92,113,270
Light Source Color - BLUE	 , 08/05/2024,16:24:20
15, 53,92,113,270
15, 1954,712,139,2739
15, 1954,712,139,2739
15, 1953,712,139,2739
15, 1953,712,139,2739
15, 1953,712,139,2738
15, 1953,712,139,2738
Light Source Color - OFF	 , 08/05/2024,16:24:26
