D_480ms_1x_0  :  Time_480ms. Gain_1x
Light Source Color - OFF
N,P,K,C
0, 60,105,130,310
0, 60,105,130,310
0, 60,105,130,310
0, 60,105,130,310
0, 60,105,130,310
Light Source Color - WHITE	 , 08/05/2024,16:21:03
1, 60,105,130,309
1, 3047,2669,3470,8839
1, 3042,2667,3447,8809
1, 3039,2665,3434,8792
1, 3036,2664,3423,8778
1, 3038,2665,3419,8777
1, 3036,2664,3412,8767
Light Source Color - OFF	 , 08/05/2024,16:21:09
2, 3035,2663,3405,8758
2, 60,105,129,309
2, 60,105,129,309
2, 60,105,129,309
2, 60,105,129,309
2, 60,105,129,309
2, 60,105,129,309
Light Source Color - RED	 , 08/05/2024,16:21:16
3, 75,112,263,450
3, 401,260,3194,3556
3, 401,260,3190,3552
3, 401,260,3186,3548
3, 401,260,3183,3544
3, 401,260,3181,3542
3, 400,260,3179,3540
Light Source Color - OFF	 , 08/05/2024,16:21:22
4, 400,259,3177,3538
4, 60,105,129,309
4, 60,105,129,309
4, 60,105,129,309
4, 60,105,130,309
4, 60,105,130,309
4, 60,105,130,309
Light Source Color - GREEN	 , 08/05/2024,16:21:28
5, 60,105,129,309
5, 720,1924,401,3093
5, 719,1922,401,3091
5, 719,1922,401,3090
5, 719,1921,401,3089
5, 719,1922,401,3090
5, 719,1922,401,3090
Light Source Color - OFF	 , 08/05/2024,16:21:35
6, 719,1921,401,3090
6, 60,105,129,309
6, 60,105,129,309
6, 60,105,129,309
6, 60,105,129,309
6, 60,105,129,309
6, 60,105,129,309
Light Source Color - BLUE	 , 08/05/2024,16:21:41
7, 173,142,131,456
7, 2234,813,159,3131
7, 2237,815,159,3135
7, 2236,815,159,3135
7, 2235,814,159,3134
7, 2235,814,159,3133
7, 2234,814,159,3132
Light Source Color - OFF	 , 08/05/2024,16:21:47
8, 2234,814,159,3131
8, 60,105,129,309
8, 60,105,129,309
8, 60,105,129,309
8, 60,105,130,309
8, 60,105,130,309
8, 60,105,129,309
Light Source Color - WHITE	 , 08/05/2024,16:21:54
9, 60,105,129,309
9, 3046,2669,3457,8825
9, 3040,2666,3434,8793
9, 3037,2664,3420,8775
9, 3034,2663,3410,8761
9, 3032,2662,3401,8750
9, 3034,2663,3398,8750
Light Source Color - OFF	 , 08/05/2024,16:22:00
10, 2474,2182,2779,7158
10, 60,105,129,309
10, 60,105,129,309
10, 60,105,129,309
10, 60,105,129,309
10, 60,105,129,309
10, 60,105,129,309
Light Source Color - RED	 , 08/05/2024,16:22:06
11, 60,105,129,309
11, 401,260,3182,3544
11, 400,259,3176,3537
11, 400,259,3174,3535
11, 400,259,3171,3532
11, 400,259,3169,3529
11, 400,259,3168,3528
Light Source Color - OFF	 , 08/05/2024,16:22:13
12, 399,259,3166,3526
12, 60,105,129,309
12, 60,105,129,309
12, 60,105,129,309
12, 60,105,129,309
12, 60,105,130,309
12, 60,105,130,309
Light Source Color - GREEN	 , 08/05/2024,16:22:19
13, 60,105,129,309
13, 720,1923,401,3092
13, 719,1921,401,3089
13, 718,1921,401,3088
13, 718,1920,401,3088
13, 718,1920,401,3087
13, 718,1920,401,3088
Light Source Color - OFF	 , 08/05/2024,16:22:25
14, 622,1654,361,2680
14, 60,105,129,309
14, 60,105,129,309
14, 60,105,129,309
14, 60,105,129,309
14, 60,105,129,309
14, 60,105,129,309
Light Source Color - BLUE	 , 08/05/2024,16:22:32
15, 60,105,129,309
15, 2234,814,159,3132
15, 2233,814,159,3131
15, 2236,815,159,3134
15, 2235,815,159,3133
15, 2234,815,159,3133
15, 2234,814,159,3132
Light Source Color - OFF	 , 08/05/2024,16:22:38
