D_499ms_1x_0  :  Time_499ms. Gain_1x
Light Source Color - OFF
N,P,K,C
0, 63,109,135,322
0, 63,109,135,322
0, 63,109,135,322
0, 63,109,135,322
0, 63,109,135,322
Light Source Color - WHITE	 , 08/05/2024,16:19:21
1, 63,109,135,322
1, 3167,2774,3620,9199
1, 3161,2771,3597,9169
1, 3163,2772,3590,9165
1, 3160,2771,3578,9149
1, 3157,2770,3568,9136
Light Source Color - OFF	 , 08/05/2024,16:19:27
2, 3155,2769,3560,9125
2, 62,109,134,321
2, 62,109,135,321
2, 62,109,135,321
2, 63,109,135,322
2, 63,109,135,322
Light Source Color - RED	 , 08/05/2024,16:19:32
3, 63,109,135,322
3, 419,272,3341,3719
3, 418,271,3332,3710
3, 418,271,3327,3705
3, 418,271,3324,3701
3, 418,271,3322,3699
Light Source Color - OFF	 , 08/05/2024,16:19:38
4, 361,245,2813,3160
4, 62,109,135,322
4, 63,109,135,322
4, 63,109,135,322
4, 63,109,135,322
4, 62,109,135,322
Light Source Color - GREEN	 , 08/05/2024,16:19:43
5, 62,109,135,322
5, 749,2000,417,3216
5, 749,2001,417,3217
5, 749,2000,417,3216
5, 748,2000,417,3215
5, 748,1999,417,3215
Light Source Color - OFF	 , 08/05/2024,16:19:49
6, 748,1999,417,3214
6, 62,109,135,322
6, 62,109,135,322
6, 63,109,135,322
6, 63,109,135,322
6, 63,109,135,322
Light Source Color - BLUE	 , 08/05/2024,16:19:55
7, 63,109,135,322
7, 2325,846,165,3258
7, 2324,846,165,3257
7, 2323,846,165,3256
7, 2325,847,165,3259
7, 2325,847,165,3259
Light Source Color - OFF	 , 08/05/2024,16:20:00
8, 2324,847,165,3258
8, 62,109,135,322
8, 63,109,135,322
8, 62,109,135,322
8, 62,109,135,322
8, 63,109,135,322
Light Source Color - WHITE	 , 08/05/2024,16:20:06
9, 63,109,135,322
9, 3169,2776,3612,9196
9, 3162,2772,3583,9157
9, 3158,2770,3567,9136
9, 3155,2769,3556,9121
9, 3153,2767,3547,9108
Light Source Color - OFF	 , 08/05/2024,16:20:11
10, 3150,2766,3539,9097
10, 62,109,134,321
10, 62,109,134,321
10, 62,109,135,322
10, 62,109,135,322
10, 62,109,135,322
Light Source Color - RED	 , 08/05/2024,16:20:17
11, 62,109,135,322
11, 418,271,3322,3699
11, 417,270,3314,3691
11, 417,270,3310,3686
11, 417,270,3309,3685
11, 417,270,3307,3683
Light Source Color - OFF	 , 08/05/2024,16:20:22
12, 416,270,3305,3680
12, 62,109,135,321
12, 62,109,135,322
12, 62,109,135,321
12, 62,109,135,321
12, 63,109,135,322
Light Source Color - GREEN	 , 08/05/2024,16:20:28
13, 63,109,135,322
13, 749,2001,417,3217
13, 748,1999,417,3215
13, 748,1998,417,3213
13, 747,1998,417,3213
13, 747,1998,417,3212
Light Source Color - OFF	 , 08/05/2024,16:20:33
14, 662,1764,382,2854
14, 62,109,135,322
14, 63,109,135,322
14, 63,109,135,322
14, 62,109,135,322
14, 62,109,135,322
Light Source Color - BLUE	 , 08/05/2024,16:20:39
15, 62,109,135,322
15, 2323,846,165,3256
15, 2325,847,165,3259
15, 2324,847,165,3259
15, 2324,847,165,3258
15, 2323,847,165,3257
Light Source Color - OFF	 , 08/05/2024,16:20:44
