D_540ms_1x_0  :  Time_540ms. Gain_1x
Light Source Color - OFF
N,P,K,C
0, 68,118,146,348
0, 68,118,146,348
0, 68,118,146,348
0, 68,118,146,348
0, 68,118,146,348
Light Source Color - WHITE	 , 08/05/2024,16:17:16
1, 518,505,654,1639
1, 3428,3002,3919,9958
1, 3420,2998,3885,9913
1, 3415,2996,3867,9889
1, 3412,2994,3855,9872
1, 3412,2994,3849,9867
Light Source Color - OFF	 , 08/05/2024,16:17:22
2, 3410,2994,3840,9856
2, 68,118,145,347
2, 68,118,146,348
2, 68,118,146,348
2, 68,118,145,348
2, 68,118,146,348
Light Source Color - RED	 , 08/05/2024,16:17:28
3, 68,118,146,348
3, 452,293,3603,4011
3, 452,293,3593,4000
3, 451,293,3588,3995
3, 451,293,3587,3994
3, 451,292,3584,3991
Light Source Color - OFF	 , 08/05/2024,16:17:34
4, 451,292,3582,3988
4, 68,118,146,348
4, 68,118,145,348
4, 68,118,146,348
4, 68,118,146,348
4, 68,118,146,348
Light Source Color - GREEN	 , 08/05/2024,16:17:40
5, 68,118,146,348
5, 810,2163,451,3478
5, 810,2163,451,3478
5, 809,2163,451,3477
5, 809,2162,451,3476
5, 809,2161,451,3475
Light Source Color - OFF	 , 08/05/2024,16:17:45
6, 806,2155,450,3466
6, 68,118,146,348
6, 68,118,146,348
6, 68,118,146,348
6, 68,118,146,348
6, 68,118,146,348
Light Source Color - BLUE	 , 08/05/2024,16:17:51
7, 68,118,146,348
7, 2515,915,179,3524
7, 2513,915,179,3523
7, 2512,915,179,3521
7, 2511,915,179,3520
7, 2513,916,179,3523
Light Source Color - OFF	 , 08/05/2024,16:17:57
8, 2513,916,179,3523
8, 68,118,146,348
8, 68,118,146,348
8, 68,118,146,348
8, 68,118,146,348
8, 68,118,146,348
Light Source Color - WHITE	 , 08/05/2024,16:18:03
9, 68,118,146,348
9, 3420,2998,3890,9918
9, 3413,2995,3863,9882
9, 3413,2995,3855,9875
9, 3411,2994,3842,9858
9, 3407,2992,3830,9842
Light Source Color - OFF	 , 08/05/2024,16:18:09
10, 3405,2991,3821,9829
10, 67,118,145,347
10, 68,118,145,347
10, 68,118,145,348
10, 68,118,145,348
10, 68,118,145,348
Light Source Color - RED	 , 08/05/2024,16:18:14
11, 68,118,145,348
11, 451,292,3585,3992
11, 451,292,3581,3988
11, 450,292,3576,3982
11, 450,292,3572,3978
11, 450,292,3570,3975
Light Source Color - OFF	 , 08/05/2024,16:18:20
12, 418,277,3283,3672
12, 68,118,145,348
12, 68,118,146,348
12, 68,118,146,348
12, 68,118,145,348
12, 68,118,146,348
Light Source Color - GREEN	 , 08/05/2024,16:18:26
13, 68,118,146,348
13, 810,2163,451,3478
13, 809,2161,451,3475
13, 808,2161,451,3474
13, 808,2161,451,3474
13, 808,2161,451,3474
Light Source Color - OFF	 , 08/05/2024,16:18:32
14, 808,2160,451,3474
14, 68,118,146,348
14, 68,118,146,348
14, 68,118,146,348
14, 68,118,146,348
14, 68,118,146,348
Light Source Color - BLUE	 , 08/05/2024,16:18:38
15, 68,118,146,348
15, 2512,915,179,3521
15, 2510,915,179,3519
15, 2512,916,179,3523
15, 2512,916,179,3522
15, 2511,915,179,3521
Light Source Color - OFF	 , 08/05/2024,16:18:43
