D_600ms_1x_0  :  Time_600ms. Gain_1x
Light Source Color - OFF
N,P,K,C
0, 75,132,162,387
0, 75,132,162,387
0, 75,132,162,387
0, 75,131,162,387
0, 75,132,162,387
Light Source Color - WHITE	 , 08/05/2024,16:15:24
1, 75,132,162,387
1, 3806,3333,4365,11069
1, 3797,3329,4333,11026
1, 3798,3330,4323,11018
1, 3794,3328,4307,10997
1, 3790,3326,4294,10978
Light Source Color - OFF	 , 08/05/2024,16:15:30
2, 3375,2970,3826,9790
2, 75,131,162,386
2, 75,131,162,386
2, 75,131,162,386
2, 75,131,162,386
2, 75,131,162,387
Light Source Color - RED	 , 08/05/2024,16:15:36
3, 75,131,162,386
3, 504,327,4020,4475
3, 504,327,4014,4470
3, 503,326,4008,4463
3, 503,326,4004,4458
3, 503,326,4002,4456
Light Source Color - OFF	 , 08/05/2024,16:15:42
4, 502,326,3999,4453
4, 75,131,162,386
4, 75,131,162,386
4, 75,131,162,387
4, 75,131,162,387
4, 75,131,162,387
Light Source Color - GREEN	 , 08/05/2024,16:15:48
5, 163,373,198,757
5, 902,2407,501,3870
5, 900,2405,501,3867
5, 900,2404,501,3865
5, 900,2404,501,3865
5, 900,2404,501,3865
Light Source Color - OFF	 , 08/05/2024,16:15:54
6, 899,2403,501,3863
6, 75,131,162,386
6, 75,131,162,386
6, 75,131,162,386
6, 75,131,162,386
6, 75,131,162,387
Light Source Color - BLUE	 , 08/05/2024,16:16:01
7, 75,131,162,387
7, 2794,1016,199,3915
7, 2792,1016,198,3913
7, 2793,1017,199,3915
7, 2793,1017,199,3914
7, 2791,1016,198,3912
Light Source Color - OFF	 , 08/05/2024,16:16:07
8, 2521,928,195,3561
8, 75,131,162,386
8, 75,131,162,386
8, 75,131,162,386
8, 75,131,162,387
8, 75,131,162,387
Light Source Color - WHITE	 , 08/05/2024,16:16:13
9, 75,131,162,386
9, 3799,3330,4331,11026
9, 3797,3330,4315,11008
9, 3793,3327,4293,10981
9, 3788,3325,4278,10959
9, 3787,3325,4271,10953
Light Source Color - OFF	 , 08/05/2024,16:16:19
10, 3786,3324,4261,10941
10, 75,131,161,386
10, 75,131,162,386
10, 75,131,162,386
10, 75,131,162,386
10, 75,131,162,386
Light Source Color - RED	 , 08/05/2024,16:16:25
11, 82,135,228,457
11, 503,326,4004,4458
11, 502,325,3990,4443
11, 501,325,3985,4437
11, 501,325,3982,4435
11, 501,325,3979,4431
Light Source Color - OFF	 , 08/05/2024,16:16:31
12, 501,325,3977,4428
12, 75,131,162,386
12, 75,131,162,386
12, 75,131,162,386
12, 75,131,162,386
12, 75,131,162,386
Light Source Color - GREEN	 , 08/05/2024,16:16:38
13, 75,131,162,387
13, 900,2404,501,3866
13, 899,2402,501,3863
13, 899,2402,501,3863
13, 899,2402,501,3862
13, 898,2401,501,3861
Light Source Color - OFF	 , 08/05/2024,16:16:44
14, 884,2361,495,3800
14, 75,131,162,386
14, 75,131,162,386
14, 75,131,162,386
14, 75,131,162,387
14, 75,131,162,387
Light Source Color - BLUE	 , 08/05/2024,16:16:50
15, 75,131,162,386
15, 2791,1016,198,3912
15, 2791,1017,199,3913
15, 2791,1017,199,3913
15, 2790,1016,198,3911
15, 2790,1017,198,3912
Light Source Color - OFF	 , 08/05/2024,16:16:56
