D_614ms_1x_0  :  Time_614ms. Gain_1x
Light Source Color - OFF
N,P,K,C
0, 77,135,166,396
0, 77,135,166,396
0, 77,135,166,396
0, 77,135,166,396
0, 77,135,166,396
Light Source Color - WHITE	 , 08/05/2024,16:13:20
1, 77,135,166,396
1, 3874,3395,4501,11324
1, 3871,3394,4482,11302
1, 3867,3393,4459,11274
1, 3862,3391,4442,11252
1, 3862,3390,4435,11245
Light Source Color - OFF	 , 08/05/2024,16:13:26
2, 3861,3391,4424,11232
2, 77,134,165,395
2, 77,134,165,395
2, 77,134,165,395
2, 77,134,166,396
2, 77,134,166,395
Light Source Color - RED	 , 08/05/2024,16:13:32
3, 77,135,166,396
3, 519,337,4154,4624
3, 518,336,4140,4609
3, 517,335,4134,4601
3, 517,335,4131,4599
3, 517,335,4128,4595
Light Source Color - OFF	 , 08/05/2024,16:13:38
4, 517,335,4124,4591
4, 93,142,311,550
4, 77,135,166,396
4, 77,134,166,396
4, 77,134,166,396
4, 77,135,166,396
Light Source Color - GREEN	 , 08/05/2024,16:13:45
5, 77,134,166,396
5, 923,2464,513,3960
5, 923,2464,513,3961
5, 922,2463,513,3959
5, 922,2462,513,3958
5, 922,2462,513,3959
Light Source Color - OFF	 , 08/05/2024,16:13:51
6, 922,2462,513,3958
6, 77,134,166,395
6, 77,134,166,396
6, 77,134,166,396
6, 77,134,166,396
6, 77,134,166,396
Light Source Color - BLUE	 , 08/05/2024,16:13:57
7, 77,135,166,396
7, 2858,1038,203,4004
7, 2856,1039,203,4003
7, 2858,1039,203,4005
7, 2857,1039,203,4004
7, 2856,1039,203,4002
Light Source Color - OFF	 , 08/05/2024,16:14:03
8, 2857,1039,203,4004
8, 77,134,166,396
8, 77,134,166,396
8, 77,134,166,396
8, 77,135,166,396
8, 77,134,166,396
Light Source Color - WHITE	 , 08/05/2024,16:14:09
9, 77,134,166,396
9, 3854,3378,4443,11233
9, 3863,3392,4434,11246
9, 3860,3391,4413,11222
9, 3860,3391,4405,11215
9, 3859,3391,4392,11201
Light Source Color - OFF	 , 08/05/2024,16:14:16
10, 3856,3389,4381,11186
10, 77,134,165,395
10, 77,134,165,395
10, 77,134,166,395
10, 77,134,165,395
10, 77,135,166,396
Light Source Color - RED	 , 08/05/2024,16:14:22
11, 77,135,166,396
11, 516,335,4114,4580
11, 515,334,4107,4573
11, 515,334,4100,4565
11, 515,334,4096,4560
11, 514,333,4093,4557
Light Source Color - OFF	 , 08/05/2024,16:14:28
12, 514,333,4091,4556
12, 77,134,165,395
12, 77,134,165,395
12, 77,134,166,395
12, 77,134,166,396
12, 77,134,166,395
Light Source Color - GREEN	 , 08/05/2024,16:14:34
13, 186,434,210,853
13, 923,2463,513,3961
13, 922,2461,513,3958
13, 921,2460,513,3956
13, 921,2461,513,3957
13, 921,2460,513,3956
Light Source Color - OFF	 , 08/05/2024,16:14:41
14, 920,2460,513,3955
14, 140,309,192,663
14, 77,134,166,396
14, 77,134,166,395
14, 77,134,166,396
14, 77,135,166,396
Light Source Color - BLUE	 , 08/05/2024,16:14:47
15, 77,134,166,396
15, 2858,1040,203,4005
15, 2859,1040,203,4007
15, 2858,1041,203,4006
15, 2857,1040,203,4004
15, 2858,1041,203,4006
Light Source Color - OFF	 , 08/05/2024,16:14:53
