E_180ms_1x_0  :  Time_180ms. Gain_1x
Light Source Color - OFF
N,P,K,C
0, 23,40,49,117
0, 23,40,49,116
0, 23,40,49,116
0, 23,40,49,116
0, 23,40,49,116
0, 23,40,49,116
0, 23,40,49,116
0, 23,40,49,116
Light Source Color - WHITE	 , 08/05/2024,17:09:18
1, 377,347,452,1139
1, 1172,1038,1347,3424
1, 1171,1037,1339,3414
1, 1170,1037,1336,3410
1, 1169,1036,1333,3406
1, 1169,1036,1330,3402
1, 1168,1036,1328,3400
1, 1168,1036,1326,3398
1, 1167,1035,1324,3395
Light Source Color - OFF	 , 08/05/2024,17:09:24
2, 768,688,878,2249
2, 22,39,49,116
2, 22,39,49,116
2, 22,39,49,116
2, 22,39,49,116
2, 22,39,49,116
2, 23,39,49,116
2, 23,39,49,116
2, 23,40,49,116
Light Source Color - RED	 , 08/05/2024,17:09:30
3, 23,40,49,116
3, 154,100,1240,1379
3, 154,100,1238,1378
3, 154,100,1237,1376
3, 154,99,1236,1375
3, 154,99,1235,1374
3, 154,99,1235,1374
3, 154,99,1234,1373
3, 154,99,1234,1373
Light Source Color - OFF	 , 08/05/2024,17:09:35
4, 135,91,1070,1199
4, 22,39,49,116
4, 22,39,49,116
4, 22,39,49,116
4, 23,39,49,116
4, 22,39,49,116
4, 22,39,49,116
4, 23,39,49,116
4, 22,39,49,116
Light Source Color - GREEN	 , 08/05/2024,17:09:41
5, 169,442,108,732
5, 285,762,156,1222
5, 285,762,156,1222
5, 285,762,156,1221
5, 285,762,156,1221
5, 285,762,156,1221
5, 285,762,156,1221
5, 285,762,156,1221
5, 285,762,156,1221
Light Source Color - OFF	 , 08/05/2024,17:09:46
6, 285,762,156,1221
6, 22,39,49,116
6, 22,39,49,116
6, 23,39,49,116
6, 23,39,49,116
6, 23,39,49,116
6, 23,39,49,116
6, 23,39,49,116
6, 22,39,49,116
Light Source Color - BLUE	 , 08/05/2024,17:09:52
7, 368,152,53,565
7, 874,317,60,1222
7, 874,317,60,1222
7, 874,317,60,1222
7, 874,317,60,1222
7, 874,318,60,1222
7, 874,318,60,1222
7, 874,318,60,1222
7, 874,318,60,1222
Light Source Color - OFF	 , 08/05/2024,17:09:57
8, 874,318,60,1222
8, 22,39,49,116
8, 22,39,49,116
8, 22,39,49,116
8, 22,39,49,116
8, 22,39,49,116
8, 22,39,49,116
8, 22,39,49,116
8, 23,39,49,116
Light Source Color - WHITE	 , 08/05/2024,17:10:03
9, 303,283,366,924
9, 1171,1037,1340,3415
9, 1169,1036,1332,3405
9, 1168,1036,1329,3401
9, 1168,1035,1326,3397
9, 1167,1035,1323,3394
9, 1167,1035,1321,3391
9, 1166,1035,1319,3388
9, 1166,1035,1317,3387
Light Source Color - OFF	 , 08/05/2024,17:10:08
10, 884,789,1003,2578
10, 22,39,49,116
10, 22,39,49,116
10, 22,39,49,116
10, 22,39,49,116
10, 22,39,49,116
10, 22,39,49,116
10, 22,39,49,116
10, 22,39,49,116
Light Source Color - RED	 , 08/05/2024,17:10:14
11, 22,39,49,116
11, 154,99,1234,1373
11, 153,99,1232,1371
11, 153,99,1231,1370
11, 153,99,1230,1368
11, 153,99,1229,1368
11, 153,99,1229,1367
11, 153,99,1228,1367
11, 153,99,1228,1366
Light Source Color - OFF	 , 08/05/2024,17:10:19
12, 150,98,1199,1336
12, 22,39,49,116
12, 22,39,49,116
12, 22,39,49,116
12, 22,39,49,116
12, 22,39,49,116
12, 22,39,49,116
12, 22,39,49,116
12, 22,39,49,116
Light Source Color - GREEN	 , 08/05/2024,17:10:25
13, 136,353,95,595
13, 285,762,156,1221
13, 285,762,156,1221
13, 285,762,156,1221
13, 284,762,156,1220
13, 284,761,156,1220
13, 284,761,156,1220
13, 284,761,156,1220
13, 284,761,156,1220
Light Source Color - OFF	 , 08/05/2024,17:10:30
14, 284,761,156,1220
14, 22,39,49,116
14, 22,39,49,116
14, 22,39,49,116
14, 22,39,49,116
14, 22,39,49,116
14, 23,39,49,116
14, 23,39,49,116
14, 23,39,49,116
Light Source Color - BLUE	 , 08/05/2024,17:10:36
15, 181,91,51,322
15, 874,317,60,1222
15, 874,317,60,1222
15, 874,318,60,1222
15, 874,318,60,1222
15, 874,318,60,1222
15, 874,318,60,1222
15, 874,318,60,1222
15, 873,318,60,1221
Light Source Color - OFF	 , 08/05/2024,17:10:41
