E_199ms_1x_0  :  Time_199ms. Gain_1x
Light Source Color - OFF
N,P,K,C
0, 25,44,54,129
0, 25,44,54,129
0, 25,44,54,129
0, 25,44,54,129
0, 25,44,54,129
0, 25,44,54,129
0, 25,44,54,129
0, 25,44,54,129
Light Source Color - WHITE	 , 08/05/2024,17:11:02
1, 149,151,195,486
1, 1297,1148,1484,3783
1, 1295,1148,1478,3774
1, 1295,1147,1473,3768
1, 1294,1147,1469,3763
1, 1293,1147,1466,3759
1, 1293,1146,1463,3756
1, 1292,1146,1461,3754
1, 1292,1146,1459,3751
Light Source Color - OFF	 , 08/05/2024,17:11:07
2, 1038,925,1176,3024
2, 25,44,54,129
2, 25,44,54,129
2, 25,44,54,129
2, 25,44,54,129
2, 25,44,54,129
2, 25,44,54,129
2, 25,44,54,129
2, 25,44,54,129
Light Source Color - RED	 , 08/05/2024,17:11:13
3, 25,44,54,129
3, 170,110,1366,1520
3, 170,110,1364,1518
3, 170,110,1363,1516
3, 170,110,1362,1515
3, 170,110,1361,1515
3, 170,110,1361,1514
3, 170,110,1360,1513
3, 169,110,1360,1513
Light Source Color - OFF	 , 08/05/2024,17:11:19
4, 155,103,1230,1375
4, 25,44,54,129
4, 25,44,54,129
4, 25,44,54,129
4, 25,44,54,129
4, 25,44,54,129
4, 25,44,54,129
4, 25,44,54,129
4, 25,44,54,129
Light Source Color - GREEN	 , 08/05/2024,17:11:24
5, 25,44,54,129
5, 315,843,172,1351
5, 315,843,172,1351
5, 315,843,172,1351
5, 315,843,172,1351
5, 315,843,172,1351
5, 315,843,172,1351
5, 315,843,172,1350
5, 315,843,172,1351
Light Source Color - OFF	 , 08/05/2024,17:11:30
6, 311,833,171,1335
6, 25,44,54,129
6, 25,44,54,129
6, 25,44,54,129
6, 25,44,54,129
6, 25,44,54,129
6, 25,44,54,129
6, 25,44,54,129
6, 25,44,54,129
Light Source Color - BLUE	 , 08/05/2024,17:11:36
7, 483,193,60,723
7, 967,351,67,1353
7, 967,352,67,1353
7, 967,352,67,1352
7, 967,352,67,1352
7, 967,352,67,1352
7, 967,352,67,1352
7, 967,352,67,1352
7, 967,352,67,1352
Light Source Color - OFF	 , 08/05/2024,17:11:41
8, 967,352,67,1352
8, 25,44,54,129
8, 25,44,54,129
8, 25,44,54,129
8, 25,44,54,129
8, 25,44,54,129
8, 25,44,54,129
8, 25,44,54,129
8, 25,44,54,129
Light Source Color - WHITE	 , 08/05/2024,17:11:47
9, 521,474,613,1554
9, 1296,1148,1477,3773
9, 1294,1147,1470,3765
9, 1293,1147,1466,3760
9, 1293,1146,1463,3756
9, 1292,1146,1460,3752
9, 1291,1146,1457,3748
9, 1291,1145,1454,3745
9, 1290,1145,1453,3743
Light Source Color - OFF	 , 08/05/2024,17:11:53
10, 692,625,790,2033
10, 25,44,54,128
10, 25,44,54,129
10, 25,44,54,129
10, 25,44,54,129
10, 25,44,54,129
10, 25,44,54,129
10, 25,44,54,129
10, 25,44,54,129
Light Source Color - RED	 , 08/05/2024,17:11:59
11, 25,44,54,129
11, 170,110,1361,1515
11, 169,110,1359,1512
11, 169,110,1357,1511
11, 169,109,1356,1509
11, 169,109,1356,1508
11, 169,109,1355,1508
11, 169,109,1354,1507
11, 169,109,1354,1507
Light Source Color - OFF	 , 08/05/2024,17:12:04
12, 120,87,915,1041
12, 25,44,54,129
12, 25,44,54,129
12, 25,44,54,129
12, 25,44,54,129
12, 25,44,54,129
12, 25,44,54,129
12, 25,44,54,129
12, 25,44,54,129
Light Source Color - GREEN	 , 08/05/2024,17:12:10
13, 25,44,54,129
13, 315,843,172,1351
13, 315,843,172,1350
13, 315,842,172,1350
13, 315,842,172,1350
13, 315,842,172,1350
13, 315,842,172,1350
13, 315,842,173,1350
13, 314,842,172,1350
Light Source Color - OFF	 , 08/05/2024,17:12:16
14, 245,652,144,1058
14, 25,44,54,129
14, 25,44,54,129
14, 25,44,54,129
14, 25,44,54,129
14, 25,44,54,129
14, 25,44,54,129
14, 25,44,54,129
14, 25,44,54,129
Light Source Color - BLUE	 , 08/05/2024,17:12:21
15, 25,44,54,129
15, 967,352,67,1353
15, 967,352,67,1352
15, 967,352,67,1352
15, 967,352,67,1352
15, 967,352,67,1352
15, 967,352,67,1352
15, 967,352,67,1352
15, 967,352,67,1352
Light Source Color - OFF	 , 08/05/2024,17:12:27
