E_240ms_1x_0  :  Time_240ms. Gain_1x
Light Source Color - OFF
N,P,K,C
0, 30,53,65,155
0, 30,53,65,155
0, 30,53,65,155
0, 30,53,65,155
0, 30,53,65,155
0, 30,53,65,155
0, 30,53,65,155
Light Source Color - WHITE	 , 08/05/2024,17:12:43
1, 30,53,65,155
1, 1563,1384,1783,4553
1, 1561,1383,1773,4540
1, 1559,1382,1767,4533
1, 1558,1382,1762,4527
1, 1558,1382,1760,4524
1, 1557,1381,1756,4519
1, 1556,1381,1753,4515
1, 1556,1381,1750,4511
Light Source Color - OFF	 , 08/05/2024,17:12:49
2, 1555,1380,1748,4508
2, 30,53,65,155
2, 30,53,65,155
2, 30,53,65,155
2, 30,53,65,155
2, 30,53,65,155
2, 30,53,65,155
2, 30,53,65,155
2, 30,53,65,155
Light Source Color - RED	 , 08/05/2024,17:12:56
3, 30,53,65,155
3, 204,132,1641,1826
3, 204,132,1637,1822
3, 204,132,1636,1820
3, 204,132,1634,1818
3, 204,132,1634,1818
3, 204,132,1633,1817
3, 204,132,1632,1816
3, 204,132,1631,1815
Light Source Color - OFF	 , 08/05/2024,17:13:02
4, 185,123,1464,1638
4, 30,53,65,155
4, 30,53,65,155
4, 30,53,65,155
4, 30,53,65,155
4, 30,53,65,155
4, 30,53,65,155
4, 30,53,65,155
4, 30,53,65,155
Light Source Color - GREEN	 , 08/05/2024,17:13:08
5, 30,53,65,155
5, 380,1016,208,1627
5, 379,1015,208,1627
5, 379,1015,208,1627
5, 379,1015,208,1627
5, 379,1015,208,1627
5, 379,1015,208,1627
5, 379,1015,208,1627
5, 379,1015,208,1627
Light Source Color - OFF	 , 08/05/2024,17:13:14
6, 266,703,162,1150
6, 30,53,65,155
6, 30,53,65,155
6, 30,53,65,155
6, 30,53,65,155
6, 30,53,65,155
6, 30,53,65,155
6, 30,53,65,155
6, 30,53,65,155
Light Source Color - BLUE	 , 08/05/2024,17:13:20
7, 30,53,65,155
7, 1166,424,80,1630
7, 1165,424,80,1630
7, 1166,424,80,1630
7, 1165,424,80,1630
7, 1165,424,80,1630
7, 1165,424,80,1629
7, 1165,424,80,1630
7, 1165,424,80,1630
Light Source Color - OFF	 , 08/05/2024,17:13:26
8, 1165,424,80,1630
8, 30,53,65,155
8, 30,53,65,155
8, 30,53,65,155
8, 30,53,65,155
8, 30,53,65,155
8, 30,53,65,155
8, 30,53,65,155
8, 30,53,65,155
Light Source Color - WHITE	 , 08/05/2024,17:13:32
9, 226,223,286,719
9, 1561,1383,1773,4541
9, 1560,1383,1767,4534
9, 1559,1382,1761,4526
9, 1558,1382,1756,4520
9, 1557,1381,1752,4515
9, 1556,1381,1749,4511
9, 1556,1381,1747,4509
9, 1555,1381,1744,4505
Light Source Color - OFF	 , 08/05/2024,17:13:38
10, 911,820,1034,2667
10, 30,53,65,155
10, 30,53,65,155
10, 30,53,65,155
10, 30,53,65,155
10, 30,53,65,155
10, 30,53,65,155
10, 30,53,65,155
10, 30,53,65,155
Light Source Color - RED	 , 08/05/2024,17:13:44
11, 30,53,65,155
11, 204,132,1634,1818
11, 204,132,1631,1815
11, 204,132,1630,1814
11, 204,132,1628,1812
11, 203,132,1628,1811
11, 203,132,1627,1810
11, 203,132,1626,1810
11, 203,131,1626,1809
Light Source Color - OFF	 , 08/05/2024,17:13:50
12, 203,131,1625,1808
12, 30,53,65,155
12, 30,53,65,155
12, 30,53,65,155
12, 30,53,65,155
12, 30,53,65,155
12, 30,53,65,155
12, 30,53,65,155
12, 30,53,65,155
Light Source Color - GREEN	 , 08/05/2024,17:13:56
13, 92,223,90,415
13, 379,1015,208,1627
13, 379,1015,208,1627
13, 379,1015,208,1626
13, 379,1015,208,1626
13, 379,1015,208,1626
13, 379,1015,208,1626
13, 379,1014,208,1626
13, 379,1014,208,1626
Light Source Color - OFF	 , 08/05/2024,17:14:03
14, 379,1014,208,1626
14, 30,53,65,155
14, 30,53,65,155
14, 30,53,65,155
14, 30,53,65,155
14, 30,53,65,155
14, 30,53,65,155
14, 30,53,65,155
14, 30,53,65,155
Light Source Color - BLUE	 , 08/05/2024,17:14:09
15, 415,178,70,655
15, 1165,424,80,1630
15, 1165,424,80,1629
15, 1165,424,80,1629
15, 1165,424,80,1629
15, 1165,424,80,1629
15, 1165,424,80,1629
15, 1165,424,80,1629
15, 1165,424,80,1629
Light Source Color - OFF	 , 08/05/2024,17:14:15
