E_300ms_1x_0  :  Time_300ms. Gain_1x
Light Source Color - OFF
N,P,K,C
0, 38,66,81,194
0, 38,66,81,194
0, 38,66,81,194
0, 38,66,81,194
0, 38,66,81,194
0, 38,66,81,194
0, 38,66,81,194
Light Source Color - WHITE	 , 08/05/2024,17:14:36
1, 135,150,191,474
1, 1955,1731,2226,5692
1, 1951,1729,2211,5671
1, 1951,1729,2205,5665
1, 1948,1728,2198,5655
1, 1948,1728,2194,5650
1, 1948,1728,2191,5648
1, 1946,1727,2186,5640
Light Source Color - OFF	 , 08/05/2024,17:14:42
2, 1651,1470,1859,4797
2, 38,66,81,193
2, 38,66,81,194
2, 38,66,81,194
2, 38,66,81,194
2, 38,66,81,194
2, 38,66,81,194
2, 38,66,81,194
Light Source Color - RED	 , 08/05/2024,17:14:48
3, 38,66,81,194
3, 255,165,2047,2278
3, 255,165,2044,2274
3, 255,165,2041,2271
3, 255,165,2040,2270
3, 255,165,2038,2268
3, 255,165,2037,2267
3, 255,165,2037,2266
Light Source Color - OFF	 , 08/05/2024,17:14:53
4, 254,165,2035,2265
4, 38,66,81,194
4, 38,66,81,194
4, 38,66,81,194
4, 38,66,81,194
4, 38,66,81,194
4, 38,66,81,194
4, 38,66,81,194
Light Source Color - GREEN	 , 08/05/2024,17:14:59
5, 38,66,81,194
5, 475,1270,260,2035
5, 474,1269,260,2034
5, 474,1269,260,2034
5, 474,1269,260,2033
5, 474,1269,260,2033
5, 474,1269,260,2034
5, 474,1268,260,2033
Light Source Color - OFF	 , 08/05/2024,17:15:05
6, 367,975,216,1584
6, 38,66,81,194
6, 38,66,81,194
6, 38,66,81,194
6, 38,66,81,194
6, 38,66,81,194
6, 38,66,81,194
6, 38,66,81,194
Light Source Color - BLUE	 , 08/05/2024,17:15:11
7, 38,66,81,194
7, 1457,530,100,2037
7, 1457,530,100,2038
7, 1456,530,100,2036
7, 1456,530,100,2037
7, 1457,530,100,2038
7, 1456,530,100,2036
7, 1457,530,100,2038
Light Source Color - OFF	 , 08/05/2024,17:15:17
8, 1456,530,100,2036
8, 38,66,81,194
8, 38,66,81,194
8, 38,66,81,194
8, 38,66,81,194
8, 38,66,81,194
8, 38,66,81,194
8, 38,66,81,194
Light Source Color - WHITE	 , 08/05/2024,17:15:23
9, 202,208,265,664
9, 1953,1730,2216,5678
9, 1949,1728,2202,5658
9, 1948,1727,2196,5652
9, 1946,1726,2189,5642
9, 1946,1726,2185,5638
9, 1946,1727,2182,5635
9, 1944,1725,2177,5628
Light Source Color - OFF	 , 08/05/2024,17:15:29
10, 1673,1490,1877,4854
10, 37,66,81,193
10, 38,66,81,193
10, 38,66,81,193
10, 38,66,81,194
10, 38,66,81,193
10, 38,66,81,194
10, 38,66,81,193
Light Source Color - RED	 , 08/05/2024,17:15:35
11, 38,66,81,194
11, 255,165,2040,2270
11, 254,165,2036,2266
11, 254,164,2033,2263
11, 254,164,2032,2262
11, 254,164,2031,2260
11, 254,164,2030,2259
11, 254,164,2029,2258
Light Source Color - OFF	 , 08/05/2024,17:15:41
12, 254,164,2028,2257
12, 38,66,81,193
12, 38,66,81,194
12, 38,66,81,194
12, 38,66,81,194
12, 38,66,81,194
12, 38,66,81,194
12, 38,66,81,194
Light Source Color - GREEN	 , 08/05/2024,17:15:47
13, 38,66,81,194
13, 474,1269,260,2034
13, 474,1268,260,2033
13, 474,1268,260,2033
13, 473,1268,260,2032
13, 473,1268,260,2032
13, 474,1268,260,2033
13, 473,1267,260,2031
Light Source Color - OFF	 , 08/05/2024,17:15:52
14, 378,1004,221,1629
14, 38,66,81,193
14, 38,66,81,194
14, 38,66,81,194
14, 38,66,81,194
14, 38,66,81,194
14, 38,66,81,194
14, 38,66,81,194
Light Source Color - BLUE	 , 08/05/2024,17:15:58
15, 38,66,81,194
15, 1456,530,100,2036
15, 1456,530,100,2037
15, 1456,530,100,2036
15, 1456,530,100,2036
15, 1457,530,100,2037
15, 1456,530,100,2036
15, 1456,530,100,2037
Light Source Color - OFF	 , 08/05/2024,17:16:04
