E_360ms_1x_0  :  Time_360ms. Gain_1x
Light Source Color - OFF
N,P,K,C
0, 45,79,98,233
0, 45,79,97,233
0, 45,79,97,233
0, 45,79,97,233
0, 45,79,97,233
0, 45,79,97,233
Light Source Color - WHITE	 , 08/05/2024,17:16:34
1, 45,79,97,232
1, 2348,2078,2674,6835
1, 2345,2077,2659,6817
1, 2340,2074,2646,6796
1, 2339,2074,2639,6789
1, 2338,2074,2634,6783
1, 2338,2073,2629,6778
Light Source Color - OFF	 , 08/05/2024,17:16:40
2, 2079,1849,2341,6036
2, 45,79,97,232
2, 45,79,97,232
2, 45,79,97,232
2, 45,79,97,232
2, 45,79,97,232
2, 45,79,97,232
Light Source Color - RED	 , 08/05/2024,17:16:46
3, 45,79,97,232
3, 306,198,2458,2735
3, 306,198,2454,2731
3, 306,198,2452,2728
3, 306,198,2450,2726
3, 306,198,2448,2725
3, 306,198,2447,2723
Light Source Color - OFF	 , 08/05/2024,17:16:51
4, 306,198,2445,2721
4, 45,79,97,232
4, 45,79,97,232
4, 45,79,97,232
4, 45,79,97,232
4, 45,79,97,232
4, 45,79,97,232
Light Source Color - GREEN	 , 08/05/2024,17:16:57
5, 179,446,152,794
5, 569,1523,312,2441
5, 569,1523,312,2441
5, 569,1523,312,2441
5, 569,1523,312,2442
5, 569,1522,312,2440
5, 569,1522,312,2439
Light Source Color - OFF	 , 08/05/2024,17:17:02
6, 569,1522,312,2440
6, 45,79,97,232
6, 45,79,97,232
6, 45,79,97,232
6, 45,79,97,232
6, 45,79,97,232
6, 45,79,97,232
Light Source Color - BLUE	 , 08/05/2024,17:17:08
7, 45,79,97,232
7, 1749,636,120,2445
7, 1749,636,120,2445
7, 1749,636,120,2446
7, 1748,636,120,2444
7, 1748,636,120,2444
7, 1748,636,120,2444
Light Source Color - OFF	 , 08/05/2024,17:17:14
8, 1748,636,120,2445
8, 45,79,97,232
8, 45,79,97,232
8, 45,79,97,232
8, 45,79,97,232
8, 45,79,97,232
8, 45,79,97,232
Light Source Color - WHITE	 , 08/05/2024,17:17:19
9, 45,79,97,232
9, 2345,2077,2661,6818
9, 2342,2075,2646,6799
9, 2337,2073,2633,6780
9, 2337,2072,2627,6773
9, 2336,2072,2622,6767
9, 2336,2072,2617,6762
Light Source Color - OFF	 , 08/05/2024,17:17:25
10, 2271,2017,2544,6577
10, 45,79,97,232
10, 45,79,97,232
10, 45,79,97,232
10, 45,79,97,232
10, 45,79,97,232
10, 45,79,97,232
Light Source Color - RED	 , 08/05/2024,17:17:30
11, 45,79,97,232
11, 306,198,2447,2723
11, 305,197,2443,2719
11, 305,197,2441,2717
11, 305,197,2439,2715
11, 305,197,2438,2713
11, 305,197,2436,2711
Light Source Color - OFF	 , 08/05/2024,17:17:36
12, 305,197,2435,2710
12, 45,79,97,232
12, 45,79,97,232
12, 45,79,97,232
12, 45,79,97,232
12, 45,79,97,232
12, 45,79,97,232
Light Source Color - GREEN	 , 08/05/2024,17:17:42
13, 129,309,131,584
13, 569,1523,312,2440
13, 569,1522,312,2440
13, 569,1522,312,2440
13, 569,1522,312,2440
13, 568,1521,312,2438
13, 568,1521,312,2438
Light Source Color - OFF	 , 08/05/2024,17:17:47
14, 568,1521,312,2439
14, 45,79,97,232
14, 45,79,97,232
14, 45,79,97,232
14, 45,79,97,232
14, 45,79,97,232
14, 45,79,97,232
Light Source Color - BLUE	 , 08/05/2024,17:17:53
15, 45,79,97,232
15, 1749,636,120,2446
15, 1749,636,120,2446
15, 1749,637,120,2447
15, 1747,636,120,2443
15, 1747,636,120,2444
15, 1748,636,120,2445
Light Source Color - OFF	 , 08/05/2024,17:17:58
