E_401ms_1x_0  :  Time_401ms. Gain_1x
Light Source Color - OFF
N,P,K,C
0, 50,88,108,259
0, 50,88,108,259
0, 50,88,108,259
0, 50,88,108,259
0, 50,88,108,259
0, 50,88,108,259
Light Source Color - WHITE	 , 08/05/2024,17:18:22
1, 50,88,108,259
1, 2614,2314,2974,7607
1, 2610,2312,2955,7583
1, 2608,2311,2944,7569
1, 2602,2308,2932,7549
1, 2601,2307,2925,7541
1, 2600,2306,2920,7534
Light Source Color - OFF	 , 08/05/2024,17:18:28
2, 2600,2306,2915,7529
2, 50,88,108,258
2, 50,88,108,258
2, 50,88,108,258
2, 50,88,108,259
2, 50,88,108,259
2, 50,88,108,259
Light Source Color - RED	 , 08/05/2024,17:18:33
3, 50,88,108,258
3, 341,221,2733,3041
3, 340,220,2727,3035
3, 340,220,2724,3032
3, 340,220,2722,3029
3, 340,220,2720,3027
3, 340,220,2719,3026
Light Source Color - OFF	 , 08/05/2024,17:18:39
4, 272,189,2104,2374
4, 50,88,108,258
4, 50,88,108,258
4, 50,88,108,258
4, 50,88,108,259
4, 50,88,108,259
4, 50,88,108,259
Light Source Color - GREEN	 , 08/05/2024,17:18:45
5, 50,88,108,259
5, 634,1696,347,2719
5, 634,1696,347,2718
5, 634,1695,347,2718
5, 633,1694,347,2715
5, 633,1694,347,2715
5, 633,1694,347,2715
Light Source Color - OFF	 , 08/05/2024,17:18:51
6, 633,1694,347,2715
6, 50,88,108,258
6, 50,88,108,259
6, 50,88,108,259
6, 50,88,108,259
6, 50,88,108,259
6, 50,88,108,259
Light Source Color - BLUE	 , 08/05/2024,17:18:57
7, 93,102,109,315
7, 1947,708,134,2722
7, 1947,708,134,2722
7, 1947,708,134,2722
7, 1947,708,134,2722
7, 1947,708,134,2722
7, 1947,708,134,2723
Light Source Color - OFF	 , 08/05/2024,17:19:03
8, 1947,709,134,2723
8, 50,88,108,258
8, 50,88,108,258
8, 50,88,108,258
8, 50,88,108,259
8, 50,88,108,259
8, 50,88,108,259
Light Source Color - WHITE	 , 08/05/2024,17:19:09
9, 50,88,108,259
9, 2611,2312,2960,7590
9, 2608,2311,2942,7566
9, 2606,2310,2931,7553
9, 2600,2307,2918,7533
9, 2599,2306,2912,7526
9, 2598,2306,2907,7520
Light Source Color - OFF	 , 08/05/2024,17:19:15
10, 2598,2306,2902,7514
10, 50,88,108,258
10, 50,88,108,258
10, 50,88,108,259
10, 50,88,108,259
10, 50,88,108,259
10, 50,88,108,258
Light Source Color - RED	 , 08/05/2024,17:19:20
11, 50,88,108,259
11, 340,220,2722,3029
11, 340,220,2716,3023
11, 339,220,2713,3020
11, 339,219,2711,3017
11, 339,219,2709,3016
11, 339,219,2708,3014
Light Source Color - OFF	 , 08/05/2024,17:19:26
12, 287,196,2243,2522
12, 50,88,108,258
12, 50,88,108,258
12, 50,88,108,259
12, 50,88,108,259
12, 50,88,108,259
12, 50,88,108,259
Light Source Color - GREEN	 , 08/05/2024,17:19:32
13, 50,88,108,259
13, 634,1696,347,2718
13, 633,1695,347,2717
13, 632,1693,347,2714
13, 632,1693,347,2714
13, 632,1693,347,2714
13, 632,1693,347,2714
Light Source Color - OFF	 , 08/05/2024,17:19:38
14, 632,1693,347,2714
14, 50,88,108,258
14, 50,88,108,259
14, 50,88,108,259
14, 50,88,108,259
14, 50,88,108,259
14, 50,88,108,259
Light Source Color - BLUE	 , 08/05/2024,17:19:44
15, 50,88,108,258
15, 1946,708,134,2722
15, 1946,708,134,2722
15, 1946,708,134,2722
15, 1946,708,134,2722
15, 1946,709,134,2722
15, 1946,709,134,2722
Light Source Color - OFF	 , 08/05/2024,17:19:50
