E_420ms_1x_0  :  Time_420ms. Gain_1x
Light Source Color - OFF
N,P,K,C
0, 53,92,114,271
0, 53,92,114,271
0, 53,92,114,271
0, 53,92,113,271
0, 53,92,114,271
0, 53,92,114,271
Light Source Color - WHITE	 , 08/05/2024,17:20:31
1, 53,92,113,271
1, 2740,2425,3122,7977
1, 2736,2423,3104,7954
1, 2734,2422,3092,7940
1, 2732,2421,3084,7929
1, 2731,2420,3077,7920
1, 2730,2420,3070,7913
Light Source Color - OFF	 , 08/05/2024,17:20:37
2, 2729,2420,3065,7906
2, 53,92,113,271
2, 53,92,113,271
2, 53,92,113,271
2, 53,92,113,271
2, 53,92,113,271
2, 53,92,113,271
Light Source Color - RED	 , 08/05/2024,17:20:43
3, 53,92,113,271
3, 358,231,2872,3196
3, 357,231,2866,3189
3, 357,231,2863,3185
3, 357,231,2860,3183
3, 357,231,2858,3181
3, 357,231,2857,3179
Light Source Color - OFF	 , 08/05/2024,17:20:49
4, 357,231,2855,3178
4, 53,92,113,271
4, 53,92,113,271
4, 53,92,113,271
4, 53,92,113,271
4, 53,92,114,271
4, 53,92,114,271
Light Source Color - GREEN	 , 08/05/2024,17:20:55
5, 114,260,138,528
5, 665,1777,363,2849
5, 664,1777,363,2848
5, 664,1777,364,2848
5, 664,1777,364,2847
5, 664,1776,364,2847
5, 664,1776,364,2847
Light Source Color - OFF	 , 08/05/2024,17:21:01
6, 664,1776,364,2847
6, 53,92,113,271
6, 53,92,113,271
6, 53,92,113,271
6, 53,92,114,271
6, 53,92,114,271
6, 53,92,114,271
Light Source Color - BLUE	 , 08/05/2024,17:21:07
7, 53,92,114,271
7, 2040,742,140,2852
7, 2040,742,140,2852
7, 2040,742,140,2853
7, 2040,742,140,2852
7, 2040,742,140,2853
7, 2040,742,140,2852
Light Source Color - OFF	 , 08/05/2024,17:21:13
8, 2040,742,140,2852
8, 53,92,113,271
8, 53,92,113,271
8, 53,92,113,271
8, 53,92,113,271
8, 53,92,113,271
8, 53,92,114,271
Light Source Color - WHITE	 , 08/05/2024,17:21:19
9, 53,92,114,271
9, 2740,2425,3109,7965
9, 2735,2423,3088,7938
9, 2732,2422,3076,7923
9, 2730,2421,3067,7912
9, 2729,2420,3060,7903
9, 2724,2417,3051,7885
Light Source Color - OFF	 , 08/05/2024,17:21:25
10, 2723,2416,3045,7879
10, 53,92,113,271
10, 53,92,113,271
10, 53,92,113,271
10, 53,92,113,271
10, 53,92,113,271
10, 53,92,113,271
Light Source Color - RED	 , 08/05/2024,17:21:31
11, 53,92,113,271
11, 357,231,2859,3182
11, 356,230,2851,3174
11, 356,230,2848,3170
11, 356,230,2845,3167
11, 356,230,2844,3165
11, 356,230,2842,3164
Light Source Color - OFF	 , 08/05/2024,17:21:37
12, 329,218,2605,2912
12, 53,92,113,271
12, 53,92,113,271
12, 53,92,113,271
12, 53,92,113,271
12, 53,92,113,271
12, 53,92,113,271
Light Source Color - GREEN	 , 08/05/2024,17:21:43
13, 53,92,113,271
13, 664,1777,364,2848
13, 664,1776,364,2847
13, 663,1776,364,2847
13, 663,1776,364,2846
13, 663,1775,364,2846
13, 663,1775,364,2846
Light Source Color - OFF	 , 08/05/2024,17:21:49
14, 663,1775,364,2846
14, 53,92,113,271
14, 53,92,113,271
14, 53,92,113,271
14, 53,92,113,271
14, 53,92,113,271
14, 53,92,113,271
Light Source Color - BLUE	 , 08/05/2024,17:21:55
15, 53,92,113,271
15, 2040,742,140,2853
15, 2040,742,140,2853
15, 2040,742,140,2853
15, 2040,742,140,2853
15, 2040,743,140,2853
15, 2040,743,140,2853
Light Source Color - OFF	 , 08/05/2024,17:22:01
