E_480ms_1x_0  :  Time_480ms. Gain_1x
Light Source Color - OFF
N,P,K,C
0, 60,105,130,310
0, 60,105,130,310
0, 60,105,130,310
0, 60,105,130,310
0, 60,105,130,310
Light Source Color - WHITE	 , 08/05/2024,17:22:26
1, 60,105,130,310
1, 3133,2773,3561,9113
1, 3126,2769,3536,9080
1, 3123,2768,3521,9061
1, 3121,2767,3511,9047
1, 3118,2765,3502,9035
Light Source Color - OFF	 , 08/05/2024,17:22:32
2, 3117,2764,3494,9025
2, 60,105,130,309
2, 60,105,130,309
2, 60,105,130,310
2, 60,105,130,310
2, 60,105,130,309
Light Source Color - RED	 , 08/05/2024,17:22:37
3, 90,119,399,596
3, 408,264,3272,3641
3, 408,264,3268,3637
3, 408,264,3264,3632
3, 407,264,3261,3629
3, 407,263,3258,3626
Light Source Color - OFF	 , 08/05/2024,17:22:43
4, 407,263,3256,3624
4, 60,105,130,310
4, 60,105,130,310
4, 60,105,130,310
4, 60,105,130,310
4, 60,105,130,310
Light Source Color - GREEN	 , 08/05/2024,17:22:48
5, 60,105,130,310
5, 759,2031,415,3256
5, 759,2030,415,3254
5, 758,2030,415,3253
5, 758,2029,415,3253
5, 759,2030,416,3255
Light Source Color - OFF	 , 08/05/2024,17:22:54
6, 664,1769,377,2855
6, 60,105,130,310
6, 60,105,130,310
6, 60,105,130,310
6, 60,105,130,310
6, 60,105,130,310
Light Source Color - BLUE	 , 08/05/2024,17:23:00
7, 60,105,130,310
7, 2334,848,160,3263
7, 2333,848,160,3262
7, 2332,849,160,3262
7, 2332,848,160,3261
7, 2331,848,160,3260
Light Source Color - OFF	 , 08/05/2024,17:23:05
8, 2331,848,160,3259
8, 60,105,130,310
8, 60,105,130,310
8, 60,105,130,310
8, 60,105,130,310
8, 60,105,130,310
Light Source Color - WHITE	 , 08/05/2024,17:23:11
9, 677,640,820,2078
9, 3131,2772,3550,9100
9, 3124,2768,3521,9063
9, 3121,2766,3506,9043
9, 3118,2765,3495,9029
9, 3116,2764,3487,9018
Light Source Color - OFF	 , 08/05/2024,17:23:16
10, 3114,2763,3479,9007
10, 60,105,129,309
10, 60,105,130,309
10, 60,105,130,309
10, 60,105,130,309
10, 60,105,130,309
Light Source Color - RED	 , 08/05/2024,17:23:22
11, 60,105,130,309
11, 407,263,3259,3628
11, 407,263,3252,3620
11, 406,263,3249,3616
11, 406,263,3246,3613
11, 406,263,3245,3612
Light Source Color - OFF	 , 08/05/2024,17:23:27
12, 358,241,2810,3150
12, 60,105,130,310
12, 60,105,130,310
12, 60,105,130,310
12, 60,105,130,310
12, 60,105,130,310
Light Source Color - GREEN	 , 08/05/2024,17:23:33
13, 60,105,130,310
13, 759,2030,416,3254
13, 758,2029,416,3253
13, 758,2029,416,3252
13, 758,2028,416,3252
13, 757,2028,416,3251
Light Source Color - OFF	 , 08/05/2024,17:23:38
14, 757,2028,416,3250
14, 60,105,130,309
14, 60,105,130,309
14, 60,105,130,310
14, 60,105,130,310
14, 60,105,130,310
Light Source Color - BLUE	 , 08/05/2024,17:23:44
15, 512,253,136,897
15, 2334,849,160,3263
15, 2333,849,160,3263
15, 2332,849,160,3262
15, 2331,849,160,3261
15, 2331,849,160,3261
Light Source Color - OFF	 , 08/05/2024,17:23:50
