E_499ms_1x_0  :  Time_499ms. Gain_1x
Light Source Color - OFF
N,P,K,C
0, 63,110,135,323
0, 63,110,135,323
0, 63,110,135,322
0, 63,110,135,322
0, 63,110,135,322
Light Source Color - WHITE	 , 08/05/2024,17:24:22
1, 63,110,135,322
1, 3258,2883,3703,9478
1, 3252,2880,3678,9445
1, 3249,2879,3664,9426
1, 3246,2877,3653,9411
1, 3247,2878,3648,9410
Light Source Color - OFF	 , 08/05/2024,17:24:28
2, 2813,2502,3164,8166
2, 63,109,135,322
2, 63,109,135,322
2, 63,109,135,322
2, 63,109,135,322
2, 63,109,135,322
Light Source Color - RED	 , 08/05/2024,17:24:34
3, 63,109,135,322
3, 425,275,3407,3792
3, 424,274,3399,3783
3, 424,274,3395,3778
3, 424,274,3392,3775
3, 424,274,3391,3774
Light Source Color - OFF	 , 08/05/2024,17:24:39
4, 424,274,3389,3772
4, 63,109,135,322
4, 63,109,135,322
4, 63,109,135,322
4, 63,109,135,322
4, 63,109,135,322
Light Source Color - GREEN	 , 08/05/2024,17:24:45
5, 63,109,135,322
5, 790,2113,432,3386
5, 789,2112,432,3385
5, 789,2111,432,3384
5, 789,2112,432,3386
5, 789,2112,432,3385
Light Source Color - OFF	 , 08/05/2024,17:24:51
6, 789,2111,432,3385
6, 63,109,135,322
6, 63,109,135,322
6, 63,109,135,322
6, 63,109,135,322
6, 63,109,135,322
Light Source Color - BLUE	 , 08/05/2024,17:24:56
7, 63,109,135,322
7, 2425,882,167,3391
7, 2424,882,167,3390
7, 2427,883,167,3394
7, 2427,883,167,3393
7, 2427,883,167,3393
Light Source Color - OFF	 , 08/05/2024,17:25:02
8, 2426,883,167,3393
8, 63,109,135,322
8, 63,109,135,322
8, 63,109,135,322
8, 63,109,135,322
8, 63,109,135,322
Light Source Color - WHITE	 , 08/05/2024,17:25:08
9, 373,378,482,1211
9, 3250,2879,3675,9439
9, 3251,2880,3664,9430
9, 3247,2878,3648,9409
9, 3244,2877,3636,9394
9, 3242,2876,3627,9381
Light Source Color - OFF	 , 08/05/2024,17:25:13
10, 3240,2874,3619,9370
10, 62,109,135,322
10, 63,109,135,322
10, 63,109,135,322
10, 63,109,135,322
10, 63,109,135,322
Light Source Color - RED	 , 08/05/2024,17:25:19
11, 103,128,504,714
11, 424,274,3396,3780
11, 423,274,3385,3768
11, 423,274,3381,3763
11, 423,273,3377,3759
11, 423,273,3375,3757
Light Source Color - OFF	 , 08/05/2024,17:25:25
12, 422,273,3373,3755
12, 63,109,135,322
12, 63,109,135,322
12, 63,109,135,322
12, 63,109,135,322
12, 63,109,135,322
Light Source Color - GREEN	 , 08/05/2024,17:25:30
13, 63,110,135,322
13, 790,2113,432,3386
13, 789,2111,432,3384
13, 789,2111,432,3383
13, 788,2110,432,3383
13, 788,2110,432,3382
Light Source Color - OFF	 , 08/05/2024,17:25:36
14, 788,2109,432,3381
14, 63,109,135,322
14, 63,109,135,322
14, 63,109,135,322
14, 63,110,135,322
14, 63,110,135,322
Light Source Color - BLUE	 , 08/05/2024,17:25:42
15, 63,109,135,322
15, 2427,883,167,3394
15, 2426,883,167,3393
15, 2425,883,167,3392
15, 2425,883,167,3391
15, 2424,883,167,3390
Light Source Color - OFF	 , 08/05/2024,17:25:47
