E_540ms_1x_0  :  Time_540ms. Gain_1x
Light Source Color - OFF
N,P,K,C
0, 68,119,146,349
0, 68,119,146,349
0, 68,119,146,349
0, 68,119,146,349
0, 68,119,146,349
Light Source Color - WHITE	 , 08/05/2024,17:26:34
1, 68,118,146,349
1, 3525,3119,4012,10259
1, 3525,3120,3998,10246
1, 3521,3118,3980,10222
1, 3517,3116,3966,10204
1, 3514,3114,3955,10189
Light Source Color - OFF	 , 08/05/2024,17:26:40
2, 3511,3112,3945,10175
2, 68,118,146,348
2, 68,118,146,348
2, 68,118,146,349
2, 68,118,146,349
2, 68,118,146,349
Light Source Color - RED	 , 08/05/2024,17:26:46
3, 68,118,146,348
3, 460,298,3696,4113
3, 460,298,3692,4108
3, 460,297,3686,4102
3, 459,297,3682,4097
3, 459,297,3679,4094
Light Source Color - OFF	 , 08/05/2024,17:26:52
4, 459,297,3676,4091
4, 68,118,146,348
4, 68,118,146,349
4, 68,118,146,349
4, 68,119,146,349
4, 68,118,146,349
Light Source Color - GREEN	 , 08/05/2024,17:26:58
5, 68,118,146,349
5, 855,2287,467,3665
5, 855,2286,467,3663
5, 855,2287,468,3665
5, 855,2286,468,3664
5, 854,2285,468,3663
Light Source Color - OFF	 , 08/05/2024,17:27:04
6, 854,2285,468,3662
6, 68,118,146,348
6, 68,118,146,348
6, 68,119,146,349
6, 68,118,146,349
6, 68,118,146,349
Light Source Color - BLUE	 , 08/05/2024,17:27:10
7, 68,118,146,349
7, 2627,954,180,3672
7, 2625,954,180,3670
7, 2627,955,180,3674
7, 2627,955,180,3673
7, 2626,955,180,3672
Light Source Color - OFF	 , 08/05/2024,17:27:16
8, 2625,955,180,3671
8, 68,118,146,348
8, 68,118,146,348
8, 68,118,146,349
8, 68,118,146,349
8, 68,118,146,349
Light Source Color - WHITE	 , 08/05/2024,17:27:22
9, 68,118,146,349
9, 3521,3117,3990,10233
9, 3515,3114,3964,10198
9, 3515,3115,3955,10191
9, 3513,3114,3942,10175
9, 3510,3112,3931,10160
Light Source Color - OFF	 , 08/05/2024,17:27:28
10, 3507,3111,3922,10147
10, 68,118,146,348
10, 68,118,146,348
10, 68,118,146,348
10, 68,118,146,349
10, 68,118,146,349
Light Source Color - RED	 , 08/05/2024,17:27:34
11, 68,118,146,348
11, 459,297,3676,4092
11, 458,296,3667,4081
11, 458,296,3662,4076
11, 458,296,3661,4075
11, 458,296,3658,4072
Light Source Color - OFF	 , 08/05/2024,17:27:40
12, 457,296,3656,4070
12, 68,118,146,348
12, 68,118,146,348
12, 68,118,146,348
12, 68,118,146,349
12, 68,118,146,349
Light Source Color - GREEN	 , 08/05/2024,17:27:45
13, 68,118,146,349
13, 855,2285,468,3664
13, 854,2284,468,3661
13, 853,2283,468,3660
13, 853,2284,468,3661
13, 853,2284,468,3661
Light Source Color - OFF	 , 08/05/2024,17:27:51
14, 853,2283,468,3660
14, 68,118,146,348
14, 68,118,146,348
14, 68,118,146,348
14, 68,118,146,349
14, 68,118,146,349
Light Source Color - BLUE	 , 08/05/2024,17:27:57
15, 68,118,146,349
15, 2641,960,181,3691
15, 2640,960,181,3690
15, 2639,960,181,3689
15, 2641,961,181,3692
15, 2642,961,181,3693
Light Source Color - OFF	 , 08/05/2024,17:28:03
