E_600ms_1x_0  :  Time_600ms. Gain_1x
Light Source Color - OFF
N,P,K,C
0, 75,132,162,388
0, 75,132,162,388
0, 75,132,162,388
0, 75,132,162,388
0, 75,132,162,388
Light Source Color - WHITE	 , 08/05/2024,17:28:26
1, 75,132,162,388
1, 3925,3478,4491,11449
1, 3922,3477,4456,11411
1, 3920,3476,4437,11390
1, 3922,3478,4429,11387
1, 3920,3477,4416,11370
Light Source Color - OFF	 , 08/05/2024,17:28:32
2, 3917,3475,4405,11355
2, 75,131,162,387
2, 75,132,162,387
2, 75,132,162,387
2, 75,132,162,387
2, 75,132,162,387
Light Source Color - RED	 , 08/05/2024,17:28:38
3, 75,132,162,387
3, 515,333,4135,4600
3, 514,332,4122,4585
3, 514,331,4115,4578
3, 514,331,4114,4576
3, 513,331,4110,4572
Light Source Color - OFF	 , 08/05/2024,17:28:45
4, 513,331,4107,4569
4, 75,132,162,387
4, 75,132,162,387
4, 75,132,162,387
4, 75,132,162,387
4, 75,132,162,387
Light Source Color - GREEN	 , 08/05/2024,17:28:51
5, 222,537,222,1006
5, 958,2562,523,4104
5, 957,2560,523,4102
5, 956,2559,523,4100
5, 956,2559,523,4100
5, 956,2559,523,4100
Light Source Color - OFF	 , 08/05/2024,17:28:57
6, 956,2558,523,4099
6, 75,132,162,387
6, 75,132,162,387
6, 75,132,162,387
6, 75,132,162,387
6, 75,132,162,387
Light Source Color - BLUE	 , 08/05/2024,17:29:03
7, 313,209,165,696
7, 2944,1069,201,4113
7, 2943,1070,201,4112
7, 2942,1070,201,4111
7, 2940,1069,201,4108
7, 2942,1070,201,4112
Light Source Color - OFF	 , 08/05/2024,17:29:10
8, 2941,1070,201,4110
8, 75,132,162,387
8, 75,132,162,387
8, 75,132,162,387
8, 75,132,162,387
8, 75,132,162,387
Light Source Color - WHITE	 , 08/05/2024,17:29:16
9, 105,157,195,472
9, 3938,3487,4483,11462
9, 3928,3482,4440,11405
9, 3923,3479,4419,11378
9, 3919,3477,4404,11357
9, 3920,3478,4398,11353
Light Source Color - OFF	 , 08/05/2024,17:29:22
10, 3917,3477,4387,11340
10, 75,131,162,387
10, 75,132,162,387
10, 75,132,162,387
10, 75,132,162,387
10, 75,132,162,387
Light Source Color - RED	 , 08/05/2024,17:29:29
11, 75,132,162,387
11, 513,331,4110,4572
11, 513,331,4105,4567
11, 513,331,4099,4560
11, 512,330,4095,4556
11, 512,330,4093,4554
Light Source Color - OFF	 , 08/05/2024,17:29:35
12, 512,330,4091,4551
12, 75,132,162,387
12, 75,132,162,387
12, 75,132,162,387
12, 75,132,162,387
12, 75,132,162,387
Light Source Color - GREEN	 , 08/05/2024,17:29:41
13, 75,132,162,387
13, 956,2558,523,4099
13, 956,2559,523,4100
13, 955,2558,523,4098
13, 955,2557,523,4097
13, 954,2556,523,4096
Light Source Color - OFF	 , 08/05/2024,17:29:47
14, 955,2557,523,4097
14, 75,132,162,387
14, 75,132,162,387
14, 75,132,162,387
14, 75,132,162,387
14, 75,132,162,387
Light Source Color - BLUE	 , 08/05/2024,17:29:54
15, 75,132,162,387
15, 2940,1069,201,4109
15, 2941,1070,201,4111
15, 2941,1070,201,4111
15, 2940,1070,201,4110
15, 2939,1070,201,4108
Light Source Color - OFF	 , 08/05/2024,17:30:00
