E_614ms_1x_0  :  Time_614ms. Gain_1x
Light Source Color - OFF
N,P,K,C
0, 77,135,166,397
0, 77,135,166,397
0, 77,135,166,397
0, 77,135,166,397
0, 77,135,166,397
Light Source Color - WHITE	 , 08/05/2024,17:30:20
1, 77,135,166,397
1, 4033,3571,4584,11733
1, 4024,3567,4549,11685
1, 4023,3567,4538,11674
1, 4021,3566,4521,11654
1, 4017,3564,4508,11636
Light Source Color - OFF	 , 08/05/2024,17:30:26
2, 4014,3562,4496,11619
2, 226,265,330,822
2, 77,135,166,396
2, 77,135,166,396
2, 77,135,166,396
2, 77,135,166,396
Light Source Color - RED	 , 08/05/2024,17:30:33
3, 77,135,166,397
3, 526,340,4217,4692
3, 526,339,4206,4679
3, 525,339,4203,4676
3, 525,339,4199,4671
3, 525,338,4195,4667
Light Source Color - OFF	 , 08/05/2024,17:30:39
4, 482,319,3805,4254
4, 77,135,166,396
4, 77,135,166,396
4, 77,135,166,396
4, 77,135,166,396
4, 77,135,166,397
Light Source Color - GREEN	 , 08/05/2024,17:30:45
5, 77,135,166,396
5, 980,2621,535,4200
5, 979,2621,536,4199
5, 979,2621,536,4199
5, 978,2620,536,4197
5, 978,2619,535,4196
Light Source Color - OFF	 , 08/05/2024,17:30:52
6, 978,2620,536,4197
6, 77,135,166,396
6, 77,135,166,396
6, 77,135,166,396
6, 77,135,166,397
6, 77,135,166,397
Light Source Color - BLUE	 , 08/05/2024,17:30:58
7, 77,135,166,397
7, 3013,1095,206,4210
7, 3015,1096,206,4213
7, 3014,1096,206,4212
7, 3012,1096,206,4210
7, 3013,1096,206,4212
Light Source Color - OFF	 , 08/05/2024,17:31:04
8, 3014,1096,206,4212
8, 77,135,166,396
8, 77,135,166,397
8, 77,135,166,397
8, 77,135,166,397
8, 77,135,166,397
Light Source Color - WHITE	 , 08/05/2024,17:31:11
9, 77,135,166,397
9, 3933,3483,4466,11438
9, 4027,3569,4537,11679
9, 4022,3566,4515,11650
9, 4017,3564,4500,11628
9, 4018,3565,4493,11625
Light Source Color - OFF	 , 08/05/2024,17:31:17
10, 4016,3564,4482,11610
10, 77,135,166,396
10, 77,135,166,396
10, 77,135,166,397
10, 77,135,166,397
10, 77,135,166,397
Light Source Color - RED	 , 08/05/2024,17:31:24
11, 93,142,306,545
11, 526,339,4209,4682
11, 525,338,4193,4666
11, 524,338,4187,4659
11, 524,338,4185,4657
11, 524,338,4182,4653
Light Source Color - OFF	 , 08/05/2024,17:31:30
12, 524,338,4179,4650
12, 77,135,166,396
12, 77,135,166,396
12, 77,135,166,397
12, 77,135,166,396
12, 77,135,166,396
Light Source Color - GREEN	 , 08/05/2024,17:31:36
13, 238,577,232,1073
13, 980,2621,536,4200
13, 978,2619,536,4197
13, 978,2618,536,4196
13, 978,2619,536,4197
13, 978,2618,536,4196
Light Source Color - OFF	 , 08/05/2024,17:31:43
14, 977,2618,536,4195
14, 77,135,166,396
14, 77,135,166,397
14, 77,135,166,397
14, 77,135,166,396
14, 77,135,166,396
Light Source Color - BLUE	 , 08/05/2024,17:31:49
15, 77,135,166,397
15, 3014,1096,206,4213
15, 3012,1096,206,4210
15, 3013,1096,206,4211
15, 3014,1097,206,4212
15, 3012,1096,206,4211
Light Source Color - OFF	 , 08/05/2024,17:31:55
