E_614_manual_0  :  Time_6144ms. Gain_1X
Light Source Color - OFF
N,P,K
,C
1, 77,134,165,394
2, 77,134,165,394
3, 77,134,164,394
4, 77,134,164,394
Light Source Color - WHITE	 , 08/05/2024,17:40:18
1, 77,134,164,394
2, 3876,3485,3986,10925
3, 3867,3480,3950,10878
4, 3869,3481,3940,10872
5, 3866,3479,3925,10854
6, 3866,3479,3920,10848
7, 3865,3479,3911,10840
8, 3863,3477,3904,10829
9, 3863,3478,3901,10826
10, 3862,3477,3895,10820
11, 3860,3476,3890,10812
12, 3862,3477,3887,10812
13, 3861,3477,3883,10806
14, 3859,3475,3878,10798
15, 3860,3477,3876,10800
16, 3858,3475,3872,10792
17, 3858,3475,3870,10790
18, 3859,3476,3867,10788
19, 3856,3474,3863,10781
20, 3857,3474,3861,10780
21, 3857,3474,3858,10777
22, 3855,3473,3854,10770
23, 3856,3474,3853,10771
24, 3855,3473,3850,10767
25, 3852,3472,3846,10759
26, 3855,3473,3845,10762
27, 3853,3472,3842,10756
28, 3852,3472,3840,10754
29, 3854,3473,3838,10753
30, 3851,3471,3835,10747
31, 3852,3472,3833,10746
32, 3852,3472,3830,10744
33, 3850,3470,3827,10738
34, 3851,3471,3826,10739
35, 3850,3471,3824,10735
36, 3848,3469,3821,10728
37, 3850,3471,3819,10731
38, 3848,3470,3817,10726
39, 3848,3469,3816,10724
40, 3849,3470,3813,10724
41, 3847,3469,3811,10718
42, 3847,3469,3810,10717
43, 3847,3469,3807,10715
44, 3845,3468,3805,10710
45, 3847,3469,3804,10711
46, 3845,3468,3801,10707
47, 3844,3466,3799,10702
48, 3845,3468,3798,10703
49, 3844,3467,3795,10699
50, 3843,3466,3794,10697
51, 3845,3467,3793,10697
52, 3843,3466,3790,10692
53, 3843,3466,3789,10692
54, 3843,3467,3787,10690
55, 3841,3465,3785,10684
56, 3842,3466,3784,10685
57, 3842,3466,3782,10683
58, 3840,3464,3780,10677
59, 3842,3466,3779,10680
60, 3839,3464,3777,10674
61, 3839,3464,3776,10673
62, 3840,3465,3774,10673
63, 3838,3463,3772,10667
64, 3838,3463,3771,10667
65, 3839,3463,3769,10666
66, 3837,3462,3767,10661
67, 3838,3463,3766,10663
68, 3837,3463,3764,10659
69, 3835,3461,3762,10654
70, 3837,3463,3761,10657
71, 3836,3462,3759,10654
72, 3836,3462,3759,10652
73, 3837,3462,3757,10652
74, 3835,3461,3755,10648
75, 3835,3461,3754,10647
76, 3835,3461,3753,10646
77, 3833,3460,3751,10640
78, 3834,3461,3750,10641
79, 3834,3461,3748,10639
80, 3833,3460,3747,10635
81, 3835,3461,3746,10638
82, 3834,3460,3744,10635
83, 3833,3460,3743,10633
84, 3834,3461,3742,10634
85, 3832,3460,3740,10629
86, 3832,3460,3739,10629
87, 3833,3460,3737,10627
88, 3831,3459,3735,10622
89, 3832,3459,3735,10624
90, 3832,3459,3733,10622
91, 3831,3458,3732,10619
92, 3833,3460,3731,10621
93, 3831,3459,3729,10618
94, 3831,3459,3729,10617
95, 3832,3459,3727,10617
96, 3830,3458,3726,10612
97, 3830,3458,3725,10612
98, 3831,3459,3724,10612
99, 3829,3458,3722,10608
100, 3831,3459,3722,10609
101, 3830,3458,3720,10607
102, 3828,3457,3718,10602
103, 3830,3458,3718,10605
104, 3829,3458,3716,10602
105, 3828,3457,3715,10600
106, 3830,3458,3714,10601
107, 3828,3457,3713,10597
108, 3828,3457,3712,10596
109, 3828,3457,3711,10595
110, 3827,3456,3709,10591
111, 3827,3456,3709,10592
112, 3827,3456,3707,10590
113, 3825,3455,3706,10586
114, 3826,3456,3705,10587
115, 3825,3455,3704,10584
116, 3824,3454,3703,10582
117, 3825,3455,3702,10583
118, 3823,3454,3701,10578
119, 3823,3454,3700,10577
120, 3824,3454,3699,10577
121, 3822,3453,3698,10572
122, 3822,3453,3697,10573
123, 3822,3453,3696,10572
124, 3820,3452,3694,10567
125, 3822,3453,3694,10570
126, 3820,3452,3692,10565
127, 3820,3451,3692,10564
128, 3821,3452,3691,10565
129, 3819,3451,3689,10560
130, 3818,3451,3689,10558
131, 3818,3451,3687,10557
132, 3816,3449,3686,10552
133, 3817,3450,3686,10553
134, 3816,3449,3684,10551
135, 3814,3448,3683,10546
136, 3815,3448,3683,10548
137, 3814,3448,3681,10544
138, 3811,3446,3680,10538
139, 3813,3447,3679,10542
140, 3811,3446,3678,10537
141, 3810,3445,3678,10536
142, 3810,3446,3677,10535
143, 3808,3444,3675,10529
144, 3808,3444,3675,10529
145, 3808,3444,3674,10528
146, 3806,3442,3673,10523
147, 3807,3443,3672,10526
148, 3805,3442,3671,10521
149, 3803,3440,3670,10516
150, 3805,3442,3669,10519
151, 3802,3440,3668,10514
152, 3802,3440,3668,10512
153, 3802,3440,3667,10511
154, 3800,3438,3665,10506
155, 3801,3439,3665,10508
156, 3801,3439,3664,10507
157, 3799,3438,3663,10504
158, 3801,3439,3662,10507
159, 3801,3439,3661,10505
160, 3799,3438,3660,10502
161, 3802,3440,3660,10506
162, 3802,3440,3659,10505
163, 3802,3440,3658,10504
164, 3803,3440,3657,10505
165, 3801,3439,3656,10500
166, 3802,3440,3656,10501
167, 3801,3440,3655,10500
168, 3799,3438,3653,10495
169, 3801,3439,3653,10497
170, 3800,3438,3652,10494
171, 3798,3437,3651,10491
172, 3801,3439,3651,10495
173, 3799,3438,3650,10492
174, 3799,3438,3649,10492
175, 3800,3439,3648,10492
176, 3798,3437,3647,10487
177, 3798,3437,3647,10487
178, 3798,3437,3646,10486
179, 3795,3435,3644,10480
180, 3797,3436,3644,10482
181, 3796,3436,3643,10480
182, 3795,3435,3642,10477
183, 3797,3436,3642,10481
184, 3796,3436,3641,10478
185, 3796,3436,3641,10477
186, 3797,3437,3640,10479
187, 3796,3436,3639,10477
188, 3797,3437,3638,10477
189, 3798,3437,3638,10478
190, 3797,3436,3636,10474
191, 3798,3437,3636,10476
192, 3797,3436,3635,10475
193, 3796,3436,3634,10472
194, 3798,3437,3634,10476
195, 3796,3436,3633,10472
196, 3796,3436,3632,10470
197, 3796,3436,3631,10470
198, 3794,3434,3630,10465
199, 3794,3434,3630,10465
200, 3795,3435,3629,10466
201, 3793,3434,3628,10462
202, 3795,3435,3628,10465
203, 3797,3437,3627,10468
204, 3797,3437,3626,10466
205, 3799,3438,3626,10469
206, 3799,3438,3625,10468
207, 3799,3438,3625,10468
208, 3800,3439,3624,10469
209, 3799,3438,3623,10466
210, 3799,3438,3623,10466
211, 3800,3438,3622,10466
212, 3799,3437,3621,10464
213, 3799,3438,3621,10465
214, 3800,3438,3620,10464
215, 3798,3437,3619,10460
216, 3800,3438,3618,10464
217, 3799,3438,3618,10462
218, 3799,3438,3617,10461
219, 3800,3439,3616,10462
220, 3798,3437,3616,10458
221, 3798,3437,3615,10457
222, 3798,3437,3614,10457
223, 3796,3436,3613,10452
224, 3797,3437,3613,10453
225, 3796,3436,3612,10451
226, 3793,3434,3611,10445
227, 3794,3435,3611,10448
228, 3792,3434,3610,10443
229, 3792,3433,3609,10442
230, 3794,3434,3609,10444
231, 3793,3434,3608,10442
232, 3793,3434,3608,10442
233, 3794,3435,3607,10443
234, 3792,3433,3606,10439
235, 3793,3434,3606,10441
