RED_2_4_manual_0  :  Time_2.4ms. Gain_1X
Light Source Color - OFF
N,P,K
,C
1, 0,255,2614,2978
2, 0,0,1,1
3, 0,0,1,1
4, 0,0,1,1
5, 0,0,1,1
6, 0,0,1,1
7, 0,0,1,1
8, 0,0,1,1
9, 0,0,1,1
10, 0,0,1,1
11, 0,0,1,1
12, 0,0,1,1
13, 0,0,1,1
14, 0,0,1,1
15, 0,0,1,1
16, 0,0,1,1
17, 0,0,1,1
18, 0,0,1,1
19, 0,0,1,1
20, 0,0,1,1
21, 0,0,1,1
22, 0,0,1,1
23, 0,0,1,1
24, 0,0,1,1
25, 0,0,1,1
26, 0,0,1,1
27, 0,0,1,1
28, 0,0,1,1
Light Source Color - WHITE	 , 08/05/2024,17:55:27
1, 8,7,11,25
Light Source Color - WHITE	 , 08/05/2024,17:55:27
1, 8,7,11,25
2, 8,7,11,25
3, 8,7,11,25
4, 8,7,11,25
5, 8,7,11,25
6, 8,7,11,25
7, 8,7,11,25
8, 8,7,11,25
9, 8,7,11,25
10, 8,7,11,25
11, 8,7,11,25
12, 8,7,11,25
13, 8,7,11,25
14, 8,7,11,25
15, 8,7,11,25
16, 8,7,11,25
17, 8,7,11,25
18, 8,7,11,25
19, 8,7,11,25
20, 8,7,11,25
21, 8,7,11,25
22, 8,7,11,25
23, 8,7,11,25
24, 7,7,11,24
25, 8,7,11,24
26, 8,7,11,24
27, 8,7,11,24
28, 8,7,11,24
29, 8,7,11,25
30, 8,7,11,25
31, 8,7,11,25
32, 8,7,11,24
33, 8,7,11,25
34, 8,7,11,25
35, 8,7,11,25
36, 8,7,11,25
Light Source Color - BLUE	 , 08/05/2024,17:55:41
1, 6,2,1,8
2, 6,2,1,9
3, 6,2,1,9
4, 6,2,1,9
5, 6,2,1,9
6, 6,2,1,9
7, 6,2,1,9
8, 6,2,1,9
9, 6,2,1,9
10, 6,2,1,9
11, 6,2,1,9
12, 6,2,1,9
13, 6,2,1,9
14, 6,2,1,9
15, 6,2,1,9
16, 6,2,1,9
17, 6,2,1,9
18, 6,2,1,9
19, 6,2,1,9
20, 6,2,1,9
21, 6,2,1,9
22, 6,2,1,9
Light Source Color - GREEN	 , 08/05/2024,17:55:50
1, 2,5,1,9
Light Source Color - GREEN	 , 08/05/2024,17:55:50
1, 2,5,1,9
2, 2,5,1,9
3, 2,5,1,9
4, 2,5,1,9
5, 2,5,1,9
6, 2,5,1,9
7, 2,5,1,9
8, 2,5,1,9
9, 2,5,1,9
10, 2,5,1,9
11, 2,5,1,9
12, 2,5,1,9
13, 2,5,1,9
14, 2,5,1,9
15, 2,5,1,9
16, 2,5,1,9
17, 2,5,1,9
18, 2,5,1,9
Light Source Color - RED	 , 08/05/2024,17:55:58
1, 1,1,10,12
2, 1,1,10,12
3, 1,1,10,12
4, 1,1,10,12
5, 1,1,10,12
6, 1,1,10,12
7, 1,1,10,12
8, 1,1,10,12
9, 1,1,10,12
10, 1,1,10,12
11, 1,1,10,12
12, 1,1,10,12
13, 1,1,10,12
14, 1,1,10,12
15, 1,1,10,12
16, 1,1,10,12
17, 1,1,10,12
18, 1,1,10,12
19, 1,1,10,12
20, 1,1,10,12
21, 1,1,10,12
22, 1,1,10,12
23, 1,1,10,12
24, 1,1,10,12
25, 1,1,10,12
26, 1,1,10,12
27, 1,1,10,12
28, 1,1,10,12
29, 1,1,10,12
30, 1,1,10,12
31, 1,1,10,12
32, 1,1,10,12
33, 1,1,10,12
34, 1,1,10,12
35, 1,1,10,12
36, 1,1,10,12
37, 1,1,10,12
Light Source Color - WHITE	 , 08/05/2024,17:56:12
1, 8,7,11,25
2, 8,7,11,25
3, 8,7,11,25
4, 8,7,11,25
5, 8,7,11,25
6, 8,7,11,25
7, 8,7,11,25
8, 8,7,11,25
9, 8,7,11,25
10, 8,7,11,25
11, 8,7,11,25
12, 8,7,11,25
13, 8,7,11,25
14, 8,7,11,25
15, 8,7,11,25
16, 8,7,11,25
17, 8,7,11,25
18, 8,7,11,24
19, 8,7,11,25
20, 8,7,11,25
21, 7,7,11,24
22, 8,7,11,24
23, 8,7,11,24
24, 8,7,11,24
25, 8,7,11,24
26, 8,7,11,24
27, 8,7,11,24
28, 8,7,11,24
Light Source Color - BLUE	 , 08/05/2024,17:56:23
1, 6,2,1,8
2, 6,2,1,8
3, 6,2,1,8
4, 6,2,1,9
5, 6,2,1,9
6, 6,2,1,9
7, 6,2,1,9
8, 6,2,1,8
9, 6,2,1,9
10, 6,2,1,9
11, 6,2,1,9
12, 6,2,1,9
13, 6,2,1,9
14, 6,2,1,9
15, 6,2,1,9
16, 6,2,1,9
17, 6,2,1,9
18, 6,2,1,9
19, 6,2,1,9
Light Source Color - GREEN	 , 08/05/2024,17:56:31
1, 2,5,1,9
2, 2,5,1,9
3, 2,5,1,9
4, 2,5,1,9
5, 2,5,1,9
6, 2,5,1,9
7, 2,5,1,9
8, 2,5,1,9
9, 2,5,1,9
10, 2,5,1,9
11, 2,5,1,9
12, 2,5,1,9
13, 2,5,1,9
14, 2,5,1,9
15, 2,5,1,9
16, 2,5,1,9
Light Source Color - RED	 , 08/05/2024,17:56:37
1, 1,1,10,12
2, 1,1,10,12
3, 1,1,10,12
4, 1,1,10,12
5, 1,1,10,12
6, 1,1,10,12
7, 1,1,10,12
8, 1,1,10,12
9, 1,1,10,12
10, 1,1,10,12
11, 1,1,10,12
12, 1,1,10,12
13, 1,1,10,12
14, 1,1,10,12
15, 1,1,10,12
16, 1,1,10,12
17, 1,1,10,12
18, 1,1,10,12
19, 1,1,10,12
20, 1,1,10,12
21, 1,1,10,12
22, 1,1,10,12
23, 1,1,10,12
24, 1,1,10,12
25, 1,1,10,12
26, 1,1,10,12
27, 1,1,10,12
28, 1,1,10,12
29, 1,1,10,12
30, 1,1,10,12
31, 1,1,10,12
32, 1,1,10,12
33, 1,1,10,12
