RED_614_16X_manual_0  :  Time_614ms. Gain_16X
Light Source Color - OFF
N,P,K
,C
1, 1224,2117,2607,6246
2, 1224,2117,2607,6246
3, 1224,2117,2608,6247
4, 1224,2117,2607,6245
5, 1224,2118,2609,6249
6, 1224,2118,2608,6248
7, 1223,2117,2607,6245
8, 1224,2118,2608,6248
9, 1224,2118,2608,6248
10, 1223,2117,2607,6245
11, 1224,2117,2608,6247
12, 1224,2118,2609,6250
Light Source Color - WHITE	 , 08/05/2024,19:38:53
1, 1224,2118,2608,6248
2, 33609,29554,47624,65535
3, 33573,29530,47391,65535
4, 33525,29502,47116,65535
5, 33481,29474,46934,65535
6, 33467,29465,46856,65535
7, 33451,29457,46725,65535
8, 33416,29435,46610,65535
9, 33387,29417,46509,65535
10, 33400,29427,46466,65535
11, 33375,29412,46377,65535
12, 33346,29395,46289,65535
13, 33354,29402,46250,65535
14, 33335,29389,46167,65535
15, 33304,29371,46087,65535
16, 33307,29374,46051,65535
17, 33296,29367,45976,65535
18, 33271,29352,45908,65535
19, 33268,29350,45874,65535
20, 33259,29345,45806,65535
21, 33239,29332,45736,65535
22, 33232,29327,45702,65535
23, 33230,29327,45639,65535
24, 33206,29312,45576,65535
25, 33183,29298,45511,65535
26, 33193,29306,45480,65535
27, 33176,29296,45418,65535
28, 33151,29279,45357,65535
29, 33159,29287,45328,65535
30, 33147,29280,45269,65535
31, 33120,29261,45210,65535
32, 33125,29264,45182,65535
33, 33116,29260,45126,65535
34, 33096,29246,45068,65535
35, 33092,29245,45041,65535
36, 33094,29245,44990,65535
37, 33069,29231,44935,65535
38, 33048,29218,44881,65535
39, 33066,29230,44858,65535
40, 33046,29217,44801,65535
41, 33021,29203,44747,65535
42, 33031,29210,44724,65535
43, 33017,29200,44671,65535
44, 32995,29187,44621,65535
45, 33001,29192,44600,65535
46, 32993,29186,44554,65535
47, 32972,29174,44506,65535
48, 32975,29176,44484,65535
49, 32971,29174,44437,65535
50, 32951,29162,44389,65535
51, 32947,29161,44367,65535
52, 32951,29162,44324,65535
53, 32929,29148,44274,65535
54, 32908,29135,44226,65535
55, 32923,29146,44209,65535
56, 32906,29135,44162,65535
57, 32887,29122,44116,65535
58, 32897,29129,44096,65535
59, 32888,29123,44056,65535
60, 32868,29110,44016,65535
61, 32871,29113,43998,65535
62, 32868,29109,43955,65535
63, 32845,29095,43910,65535
64, 32843,29094,43890,65535
65, 32849,29097,43854,65535
66, 32828,29084,43810,65535
67, 32807,29070,43767,65535
68, 32824,29082,43749,65535
69, 32806,29071,43707,65535
70, 32790,29061,43668,65535
71, 32801,29069,43650,65535
72, 32789,29060,43613,65535
73, 32770,29047,43578,65535
74, 32779,29054,43564,65535
75, 32774,29050,43525,65535
76, 32754,29037,43484,65535
77, 32758,29040,43466,65535
78, 32739,29040,43518,65535
79, 32713,29007,43379,65535
80, 32695,28995,43342,65535
Light Source Color - BLUE	 , 08/05/2024,19:40:16
1, 32711,29008,43339,65535
2, 23465,9462,2894,35508
3, 23477,9465,2895,35524
4, 23489,9468,2895,35540
5, 23512,9474,2898,35571
6, 23513,9472,2897,35570
7, 23514,9470,2895,35567
8, 23537,9477,2898,35600
9, 23540,9475,2897,35600
10, 23536,9472,2896,35589
11, 23553,9478,2898,35616
12, 23559,9478,2898,35622
13, 23554,9474,2896,35613
14, 23567,9478,2897,35629
15, 23578,9481,2898,35643
16, 23575,9478,2897,35636
17, 23582,9479,2898,35646
18, 23593,9482,2899,35662
Light Source Color - GREEN	 , 08/05/2024,19:40:35
1, 23589,9479,2897,35654
2, 7819,20794,5573,35394
3, 7817,20792,5575,35393
4, 7817,20794,5578,35396
5, 7816,20791,5577,35391
6, 7814,20788,5575,35386
7, 7818,20795,5578,35399
8, 7818,20796,5578,35400
9, 7819,20799,5576,35401
10, 7822,20805,5579,35413
11, 7823,20806,5579,35416
12, 7822,20805,5577,35411
13, 7824,20809,5578,35419
14, 7826,20811,5579,35423
15, 7826,20812,5578,35425
16, 7828,20815,5578,35430
17, 7830,20820,5579,35438
18, 7829,20816,5577,35429
Light Source Color - RED	 , 08/05/2024,19:40:53
1, 7779,20412,6461,35732
2, 5797,4093,42400,48172
3, 5808,4099,42512,48294
4, 5809,4099,42547,48328
5, 5806,4098,42523,48304
6, 5806,4100,42530,48314
7, 5808,4100,42553,48337
8, 5809,4099,42572,48356
9, 5811,4102,42588,48377
10, 5813,4103,42613,48402
11, 5815,4103,42639,48429
12, 5817,4106,42652,48445
13, 5818,4106,42668,48462
14, 5819,4106,42681,48474
15, 5820,4107,42691,48487
16, 5822,4108,42712,48509
17, 5823,4108,42724,48523
18, 5823,4109,42733,48531
19, 5825,4110,42748,48549
20, 5826,4110,42763,48561
21, 5826,4109,42776,48574
22, 5828,4112,42787,48589
23, 5829,4111,42803,48605
24, 5830,4112,42825,48629
25, 5833,4114,42838,48645
26, 5833,4114,42848,48656
27, 5834,4114,42861,48666
28, 5835,4115,42869,48679
29, 5836,4116,42886,48697
30, 5837,4116,42899,48712
31, 5839,4118,42907,48723
32, 5840,4119,42919,48737
33, 5840,4118,42926,48743
34, 5841,4119,42933,48752
35, 5842,4120,42946,48767
36, 5843,4120,42957,48777
37, 5844,4120,42975,48792
38, 5846,4123,42990,48812
Light Source Color - WHITE	 , 08/05/2024,19:41:33
1, 5847,4123,43003,48825
2, 33167,29277,45475,65535
3, 33108,29241,45208,65535
4, 33117,29248,45129,65535
5, 33082,29224,44994,65535
6, 33047,29202,44881,65535
7, 33052,29206,44835,65535
8, 33031,29193,44748,65535
9, 33004,29175,44663,65535
10, 33008,29178,44627,65535
11, 32996,29170,44554,65535
12, 32969,29153,44488,65535
13, 32969,29155,44463,65535
14, 32962,29151,44402,65535
15, 32942,29138,44339,65535
16, 32915,29121,44275,65535
17, 32932,29133,44251,65535
18, 32908,29117,44191,65535
19, 32884,29103,44132,65535
20, 32897,29111,44108,65535
21, 32880,29100,44050,65535
22, 32858,29088,43994,65535
23, 32864,29092,43969,65535
24, 32856,29087,43918,65535
25, 32832,29073,43865,65535
26, 32835,29075,43839,65535
27, 32830,29072,43794,65535
28, 32811,29060,43751,65535
29, 32810,29060,43729,65535
30, 32810,29059,43680,65535
31, 32785,29044,43629,65535
32, 32766,29032,43581,65535
33, 32781,29042,43562,65535
34, 32761,29030,43512,65535
35, 32741,29016,43463,65535
36, 32750,29024,43443,65535
37, 32737,29014,43395,65535
38, 32711,28999,43350,65535
39, 32720,29003,43330,65535
40, 32712,29000,43291,65535
41, 32692,28986,43258,65535
42, 32692,28987,43242,65535
43, 32692,28987,43203,65535
44, 32669,28973,43157,65535
45, 32653,28961,43115,65535
46, 32678,28977,43101,65535
47, 32657,28964,43057,65535
48, 32636,28951,43014,65535
49, 32649,28959,42998,65535
50, 32636,28951,42960,65535
51, 32617,28938,42921,65535
52, 32625,28943,42901,65535
53, 32616,28939,42865,65535
54, 32602,28930,42835,65535
55, 32607,28933,42824,65535
56, 32604,28931,42787,65535
57, 32585,28918,42748,65535
58, 32583,28918,42731,65535
59, 32587,28921,42698,65535
60, 32567,28908,42660,65535
61, 32548,28897,42623,65535
62, 32566,28907,42609,65535
63, 32549,28896,42572,65535
64, 32531,28884,42533,65535
65, 32542,28890,42521,65535
66, 32528,28882,42482,65535
67, 32512,28871,42450,65535
68, 32518,28876,42438,65535
69, 32513,28872,42408,65535
70, 32495,28861,42372,65535
71, 32495,28860,42356,65535
72, 32499,28863,42330,65535
73, 32481,28851,42302,65535
