RER_614ms_60x_0  :  Time_614ms. Gain_60x
Light Source Color - OFF
N,P,K,C
0, 4715,8182,10101,24091
0, 4715,8182,10100,24092
0, 4712,8178,10097,24077
0, 4712,8176,10095,24071
Light Source Color - WHITE	 , 08/05/2024,19:32:29
1, 4711,8173,10092,24066
1, 65535,65535,65535,65535
1, 65535,65535,65535,65535
1, 65535,65535,65535,65535
1, 65535,65535,65535,65535
1, 65535,65535,65535,65535
Light Source Color - OFF	 , 08/05/2024,19:32:36
2, 65535,65535,65535,65535
2, 4704,8164,10077,24031
2, 4708,8169,10084,24047
2, 4708,8170,10085,24049
2, 4708,8168,10084,24045
2, 4710,8174,10091,24060
Light Source Color - RED	 , 08/05/2024,19:32:42
3, 4712,8176,10094,24070
3, 24024,16916,65535,65535
3, 23984,16879,65535,65535
3, 23961,16860,65535,65535
3, 23957,16865,65535,65535
3, 23946,16866,65535,65535
Light Source Color - OFF	 , 08/05/2024,19:32:49
4, 23937,16865,65535,65535
4, 4709,8171,10089,24066
4, 4709,8171,10091,24064
4, 4711,8173,10093,24069
4, 4712,8176,10096,24077
4, 4712,8176,10095,24072
Light Source Color - GREEN	 , 08/05/2024,19:32:55
5, 4710,8172,10092,24065
5, 31301,65535,21703,65535
5, 31259,65535,21694,65535
5, 31269,65535,21713,65535
5, 31248,65535,21708,65535
5, 31233,65535,21706,65535
Light Source Color - OFF	 , 08/05/2024,19:33:02
6, 31227,65535,21705,65535
6, 4709,8170,10088,24055
6, 4711,8174,10093,24070
6, 4712,8176,10096,24073
6, 4712,8176,10093,24069
6, 4711,8175,10091,24066
Light Source Color - BLUE	 , 08/05/2024,19:33:09
7, 13569,11044,10213,35640
7, 65535,36792,11331,65535
7, 65535,36804,11330,65535
7, 65535,36791,11324,65535
7, 65535,36779,11319,65535
Light Source Color - OFF	 , 08/05/2024,19:33:14
8, 65535,36499,11303,65535
8, 4710,8173,10091,24058
8, 4713,8175,10095,24069
8, 4712,8174,10093,24068
8, 4711,8173,10092,24062
8, 4710,8171,10089,24052
Light Source Color - WHITE	 , 08/05/2024,19:33:21
9, 32188,31497,50210,65535
9, 65535,65535,65535,65535
9, 65535,65535,65535,65535
9, 65535,65535,65535,65535
9, 65535,65535,65535,65535
9, 65535,65535,65535,65535
Light Source Color - OFF	 , 08/05/2024,19:33:27
10, 65535,65535,65535,65535
10, 4705,8164,10081,24033
10, 4707,8168,10085,24042
10, 4708,8168,10086,24045
10, 4710,8172,10091,24057
10, 4711,8177,10093,24067
Light Source Color - RED	 , 08/05/2024,19:33:34
11, 4712,8175,10093,24064
11, 23961,16872,65535,65535
11, 23928,16864,65535,65535
11, 23925,16866,65535,65535
11, 23908,16857,65535,65535
11, 23890,16842,65535,65535
Light Source Color - OFF	 , 08/05/2024,19:33:41
12, 23881,16831,65535,65535
12, 4709,8170,10088,24055
12, 4710,8174,10094,24065
12, 4712,8176,10097,24074
12, 4711,8177,10095,24067
12, 4711,8175,10092,24068
Light Source Color - GREEN	 , 08/05/2024,19:33:47
13, 4709,8172,10090,24058
13, 31251,65535,21698,65535
13, 31247,65535,21714,65535
13, 31228,65535,21711,65535
13, 31210,65535,21706,65535
13, 31202,65535,21704,65535
Light Source Color - OFF	 , 08/05/2024,19:33:54
14, 27319,65535,20000,65535
14, 4710,8172,10089,24059
14, 4711,8173,10093,24067
14, 4710,8173,10093,24064
14, 4710,8174,10090,24058
14, 4712,8177,10094,24070
Light Source Color - BLUE	 , 08/05/2024,19:34:00
15, 4712,8179,10097,24079
15, 65535,36792,11331,65535
15, 65535,36793,11322,65535
15, 65535,36779,11314,65535
15, 65535,36801,11322,65535
15, 65535,36810,11325,65535
Light Source Color - OFF	 , 08/05/2024,19:34:07
