RER_401ms_1x_0  :  Time_401ms. Gain_1x
Light Source Color - OFF
N,P,K,C
0, 50,86,106,254
0, 50,86,106,254
0, 50,86,106,254
0, 50,86,106,254
0, 50,86,106,254
0, 50,86,106,254
Light Source Color - WHITE	 , 08/05/2024,18:20:21
1, 50,86,106,254
1, 1342,1186,1954,4326
1, 1340,1185,1943,4313
1, 1339,1184,1936,4304
1, 1338,1184,1930,4298
1, 1338,1184,1925,4293
1, 1337,1183,1921,4288
Light Source Color - OFF	 , 08/05/2024,18:20:27
2, 983,882,1420,3177
2, 50,86,105,253
2, 50,86,105,253
2, 50,86,106,253
2, 50,86,106,254
2, 50,86,106,254
2, 50,86,106,254
Light Source Color - RED	 , 08/05/2024,18:20:33
3, 96,107,521,694
3, 244,173,1841,2090
3, 243,173,1837,2087
3, 243,173,1835,2084
3, 243,173,1834,2083
3, 243,173,1832,2081
3, 243,173,1831,2081
Light Source Color - OFF	 , 08/05/2024,18:20:39
4, 201,153,1452,1678
4, 50,86,106,254
4, 50,86,106,254
4, 50,86,106,254
4, 50,86,106,254
4, 50,86,106,254
4, 50,86,106,254
Light Source Color - GREEN	 , 08/05/2024,18:20:45
5, 110,255,132,516
5, 325,859,225,1455
5, 325,858,225,1454
5, 324,858,225,1454
5, 324,858,225,1454
5, 324,858,225,1454
5, 324,858,225,1454
Light Source Color - OFF	 , 08/05/2024,18:20:51
6, 307,809,217,1377
6, 50,86,106,254
6, 50,86,106,254
6, 50,86,106,254
6, 50,86,106,254
6, 50,86,106,254
6, 50,86,106,254
Light Source Color - BLUE	 , 08/05/2024,18:20:57
7, 90,99,106,306
7, 963,382,118,1450
7, 963,383,118,1450
7, 963,383,118,1451
7, 963,383,118,1451
7, 963,383,118,1451
7, 963,383,118,1451
Light Source Color - OFF	 , 08/05/2024,18:21:03
8, 924,370,117,1399
8, 50,86,106,254
8, 50,86,106,254
8, 50,86,106,254
8, 50,86,106,254
8, 50,86,106,254
8, 50,86,106,254
Light Source Color - WHITE	 , 08/05/2024,18:21:09
9, 80,112,150,351
9, 1342,1186,1948,4320
9, 1340,1185,1937,4306
9, 1339,1184,1929,4298
9, 1338,1184,1924,4291
9, 1337,1184,1919,4286
9, 1337,1183,1915,4281
Light Source Color - OFF	 , 08/05/2024,18:21:15
10, 1334,1182,1909,4272
10, 50,86,106,253
10, 50,86,106,254
10, 50,86,106,254
10, 50,86,106,254
10, 50,86,106,254
10, 50,86,106,254
Light Source Color - RED	 , 08/05/2024,18:21:21
11, 50,86,106,254
11, 243,173,1836,2085
11, 243,173,1832,2081
11, 243,173,1830,2078
11, 243,172,1828,2077
11, 243,172,1827,2076
11, 243,172,1826,2074
Light Source Color - OFF	 , 08/05/2024,18:21:27
12, 242,172,1825,2073
12, 50,86,106,254
12, 50,86,106,254
12, 50,86,106,254
12, 50,86,106,254
12, 50,86,106,254
12, 50,86,106,254
Light Source Color - GREEN	 , 08/05/2024,18:21:33
13, 50,86,106,254
13, 325,859,225,1455
13, 324,858,225,1454
13, 324,858,225,1454
13, 324,858,225,1454
13, 324,857,225,1453
13, 324,857,225,1452
Light Source Color - OFF	 , 08/05/2024,18:21:39
14, 324,857,225,1452
14, 50,86,106,254
14, 50,86,106,254
14, 50,86,106,254
14, 50,86,106,254
14, 50,86,106,254
14, 50,86,106,254
Light Source Color - BLUE	 , 08/05/2024,18:21:45
15, 50,86,106,254
15, 964,383,118,1451
15, 964,383,118,1451
15, 964,383,118,1451
15, 962,382,118,1449
15, 962,383,118,1449
15, 962,383,118,1450
Light Source Color - OFF	 , 08/05/2024,18:21:51
