RER_360ms_1x_0  :  Time_360ms. Gain_1x
Light Source Color - OFF
N,P,K,C
0, 45,78,95,228
0, 45,78,95,228
0, 45,78,95,228
0, 45,78,95,228
0, 45,78,95,228
0, 45,78,95,228
Light Source Color - WHITE	 , 08/05/2024,18:22:10
1, 45,78,95,228
1, 1209,1068,1762,3899
1, 1205,1065,1746,3877
1, 1205,1065,1740,3871
1, 1204,1065,1735,3865
1, 1202,1064,1729,3857
1, 1202,1064,1726,3853
Light Source Color - OFF	 , 08/05/2024,18:22:16
2, 1202,1064,1723,3850
2, 45,77,95,228
2, 45,77,95,228
2, 45,78,95,228
2, 45,78,95,228
2, 45,78,95,228
2, 45,78,95,228
Light Source Color - RED	 , 08/05/2024,18:22:22
3, 45,78,95,228
3, 219,155,1654,1878
3, 219,155,1651,1875
3, 219,155,1649,1873
3, 219,155,1648,1872
3, 218,155,1647,1870
3, 218,155,1646,1870
Light Source Color - OFF	 , 08/05/2024,18:22:28
4, 218,155,1645,1869
4, 45,78,95,228
4, 45,78,95,228
4, 45,78,95,228
4, 45,78,95,228
4, 45,78,95,228
4, 45,78,95,228
Light Source Color - GREEN	 , 08/05/2024,18:22:33
5, 45,78,95,228
5, 292,772,202,1307
5, 292,771,202,1307
5, 291,771,202,1307
5, 291,771,202,1306
5, 291,771,202,1306
5, 291,771,202,1306
Light Source Color - OFF	 , 08/05/2024,18:22:39
6, 291,771,202,1306
6, 45,78,95,228
6, 45,78,95,228
6, 45,78,95,228
6, 45,78,95,228
6, 45,78,95,228
6, 45,78,95,228
Light Source Color - BLUE	 , 08/05/2024,18:22:45
7, 45,78,95,228
7, 865,344,106,1303
7, 865,344,106,1303
7, 866,344,106,1304
7, 866,344,106,1304
7, 865,344,106,1303
7, 865,344,106,1303
Light Source Color - OFF	 , 08/05/2024,18:22:51
8, 865,344,106,1303
8, 45,78,95,228
8, 45,78,95,228
8, 45,78,95,228
8, 45,78,95,228
8, 45,78,95,228
8, 45,78,95,228
Light Source Color - WHITE	 , 08/05/2024,18:22:56
9, 45,78,95,228
9, 1206,1066,1750,3882
9, 1205,1065,1741,3872
9, 1204,1065,1735,3865
9, 1203,1065,1730,3860
9, 1201,1063,1724,3851
9, 1201,1063,1721,3848
Light Source Color - OFF	 , 08/05/2024,18:23:02
10, 811,731,1171,2625
10, 45,77,95,228
10, 45,78,95,228
10, 45,78,95,228
10, 45,78,95,228
10, 45,78,95,228
10, 45,78,95,228
Light Source Color - RED	 , 08/05/2024,18:23:08
11, 102,103,610,774
11, 219,155,1650,1874
11, 218,155,1647,1871
11, 218,155,1645,1869
11, 218,155,1644,1868
11, 218,155,1643,1866
11, 218,155,1642,1866
Light Source Color - OFF	 , 08/05/2024,18:23:14
12, 163,130,1149,1343
12, 45,78,95,228
12, 45,78,95,228
12, 45,78,95,228
12, 45,78,95,228
12, 45,78,95,228
12, 45,78,95,228
Light Source Color - GREEN	 , 08/05/2024,18:23:19
13, 129,313,131,594
13, 292,771,202,1307
13, 291,771,202,1306
13, 291,771,202,1306
13, 291,771,202,1306
13, 291,770,202,1306
13, 291,771,202,1306
Light Source Color - OFF	 , 08/05/2024,18:23:25
14, 245,640,182,1102
14, 45,78,95,228
14, 45,78,95,228
14, 45,78,95,228
14, 45,78,95,228
14, 45,78,95,228
14, 45,78,95,228
Light Source Color - BLUE	 , 08/05/2024,18:23:31
15, 197,127,97,428
15, 865,344,106,1303
15, 865,344,106,1304
15, 866,344,106,1304
15, 865,344,106,1303
15, 865,344,106,1303
15, 865,344,106,1303
Light Source Color - OFF	 , 08/05/2024,18:23:37
