RER_240ms_1x_0  :  Time_240ms. Gain_1x
Light Source Color - OFF
N,P,K,C
0, 30,52,64,153
0, 30,52,64,152
0, 30,52,63,152
0, 30,52,63,152
0, 30,52,63,152
0, 30,52,63,152
0, 30,52,63,152
Light Source Color - WHITE	 , 08/05/2024,18:26:06
1, 115,124,187,423
1, 807,713,1182,2608
1, 806,712,1175,2600
1, 806,712,1172,2596
1, 805,711,1169,2592
1, 805,711,1166,2588
1, 804,711,1163,2585
1, 804,710,1161,2582
Light Source Color - OFF	 , 08/05/2024,18:26:12
2, 803,710,1159,2580
2, 30,52,63,152
2, 30,52,63,152
2, 30,52,63,152
2, 30,52,63,152
2, 30,52,63,152
2, 30,52,63,152
2, 30,52,63,152
Light Source Color - RED	 , 08/05/2024,18:26:18
3, 72,71,445,556
3, 147,104,1113,1264
3, 147,104,1111,1261
3, 146,104,1110,1260
3, 146,104,1109,1259
3, 146,104,1108,1258
3, 146,104,1107,1257
3, 146,104,1107,1257
Light Source Color - OFF	 , 08/05/2024,18:26:23
4, 131,97,969,1111
4, 30,52,63,152
4, 30,52,63,152
4, 30,52,63,152
4, 30,52,63,152
4, 30,52,63,152
4, 30,52,63,152
4, 30,52,63,152
Light Source Color - GREEN	 , 08/05/2024,18:26:29
5, 30,52,63,152
5, 195,515,135,873
5, 195,515,135,873
5, 195,515,135,872
5, 195,515,135,872
5, 195,515,135,872
5, 195,515,135,872
5, 195,515,135,872
Light Source Color - OFF	 , 08/05/2024,18:26:34
6, 125,319,105,567
6, 30,52,63,152
6, 30,52,63,152
6, 30,52,63,152
6, 30,52,63,152
6, 30,52,63,152
6, 30,52,63,152
6, 30,52,63,152
Light Source Color - BLUE	 , 08/05/2024,18:26:40
7, 108,77,64,255
7, 578,229,71,870
7, 578,229,71,870
7, 578,229,71,870
7, 578,229,71,869
7, 577,229,71,869
7, 577,229,71,869
7, 577,229,71,869
Light Source Color - OFF	 , 08/05/2024,18:26:46
8, 577,229,71,869
8, 30,52,63,152
8, 30,52,63,152
8, 30,52,63,152
8, 30,52,63,152
8, 30,52,63,152
8, 30,52,63,152
8, 30,52,63,152
Light Source Color - WHITE	 , 08/05/2024,18:26:51
9, 30,52,63,152
9, 807,712,1177,2602
9, 805,711,1170,2593
9, 804,711,1165,2588
9, 804,711,1162,2584
9, 803,710,1159,2580
9, 803,710,1157,2577
9, 803,710,1156,2576
Light Source Color - OFF	 , 08/05/2024,18:26:57
10, 697,620,1005,2244
10, 30,52,63,152
10, 30,52,63,152
10, 30,52,63,152
10, 30,52,63,152
10, 30,52,63,152
10, 30,52,63,152
10, 30,52,63,152
Light Source Color - RED	 , 08/05/2024,18:27:02
11, 30,52,63,152
11, 146,104,1108,1258
11, 146,104,1106,1256
11, 146,104,1105,1254
11, 146,104,1104,1253
11, 146,104,1103,1253
11, 146,104,1103,1252
11, 146,104,1102,1252
Light Source Color - OFF	 , 08/05/2024,18:27:08
12, 146,104,1102,1251
12, 30,52,63,152
12, 30,52,63,152
12, 30,52,63,152
12, 30,52,63,152
12, 30,52,63,152
12, 30,52,63,152
12, 30,52,63,152
Light Source Color - GREEN	 , 08/05/2024,18:27:14
13, 89,218,89,411
13, 195,515,135,872
13, 195,515,135,872
13, 195,515,135,872
13, 194,515,135,872
13, 194,514,135,872
13, 194,514,135,872
13, 194,514,135,871
Light Source Color - OFF	 , 08/05/2024,18:27:19
14, 194,514,135,871
14, 30,52,63,152
14, 30,52,63,152
14, 30,52,63,152
14, 30,52,63,152
14, 30,52,63,152
14, 30,52,63,152
14, 30,52,63,152
Light Source Color - BLUE	 , 08/05/2024,18:27:25
15, 30,52,63,152
15, 578,229,71,870
15, 578,229,71,870
15, 577,229,71,869
15, 577,229,71,869
15, 577,229,71,869
15, 577,229,71,869
15, 577,229,71,869
Light Source Color - OFF	 , 08/05/2024,18:27:30
