RER_480ms_1x_0  :  Time_480ms. Gain_1x
Light Source Color - OFF
N,P,K,C
0, 60,103,126,303
0, 60,103,126,303
0, 60,103,126,302
0, 60,103,126,302
0, 60,103,126,302
Light Source Color - WHITE	 , 08/05/2024,18:16:13
1, 60,103,126,302
1, 1601,1416,2315,5147
1, 1597,1414,2295,5123
1, 1595,1413,2285,5110
1, 1594,1412,2277,5099
1, 1592,1411,2270,5091
Light Source Color - OFF	 , 08/05/2024,18:16:19
2, 1591,1411,2265,5085
2, 59,103,125,302
2, 59,103,126,302
2, 59,103,126,302
2, 59,103,126,302
2, 59,103,126,302
Light Source Color - RED	 , 08/05/2024,18:16:25
3, 59,103,126,302
3, 290,205,2173,2470
3, 289,205,2168,2464
3, 289,205,2165,2461
3, 289,205,2163,2458
3, 289,205,2162,2457
Light Source Color - OFF	 , 08/05/2024,18:16:30
4, 289,205,2161,2455
4, 59,103,126,302
4, 59,103,126,302
4, 59,103,126,302
4, 59,103,126,302
4, 59,103,126,302
Light Source Color - GREEN	 , 08/05/2024,18:16:36
5, 82,166,135,401
5, 387,1024,268,1735
5, 387,1023,268,1734
5, 386,1023,268,1733
5, 387,1023,269,1734
5, 386,1023,269,1734
Light Source Color - OFF	 , 08/05/2024,18:16:42
6, 331,866,244,1490
6, 59,103,126,302
6, 60,103,126,302
6, 60,103,126,302
6, 60,103,126,302
6, 60,103,126,302
Light Source Color - BLUE	 , 08/05/2024,18:16:47
7, 60,103,126,302
7, 1149,457,140,1731
7, 1148,457,140,1730
7, 1148,457,140,1730
7, 1148,457,140,1730
7, 1148,457,140,1729
Light Source Color - OFF	 , 08/05/2024,18:16:53
8, 1148,457,140,1729
8, 60,103,126,302
8, 60,103,126,302
8, 60,103,126,302
8, 60,103,126,303
8, 60,103,126,303
Light Source Color - WHITE	 , 08/05/2024,18:16:58
9, 60,103,126,303
9, 1596,1413,2304,5129
9, 1593,1412,2288,5109
9, 1591,1411,2278,5097
9, 1590,1410,2270,5088
9, 1589,1409,2264,5080
Light Source Color - OFF	 , 08/05/2024,18:17:04
10, 1588,1409,2259,5074
10, 59,103,126,302
10, 59,103,126,302
10, 60,103,126,302
10, 60,103,126,302
10, 60,103,126,302
Light Source Color - RED	 , 08/05/2024,18:17:10
11, 71,108,224,407
11, 289,205,2169,2465
11, 289,205,2164,2460
11, 289,205,2163,2459
11, 289,205,2161,2457
11, 289,205,2160,2455
Light Source Color - OFF	 , 08/05/2024,18:17:15
12, 232,180,1660,1925
12, 60,103,126,303
12, 60,103,126,303
12, 60,103,126,303
12, 60,103,126,303
12, 60,103,126,303
Light Source Color - GREEN	 , 08/05/2024,18:17:21
13, 60,103,126,303
13, 387,1025,269,1737
13, 387,1024,269,1735
13, 387,1024,269,1735
13, 387,1023,269,1734
13, 386,1023,269,1734
Light Source Color - OFF	 , 08/05/2024,18:17:27
14, 386,1023,269,1734
14, 60,103,126,303
14, 60,103,126,303
14, 60,103,126,303
14, 60,103,126,303
14, 60,103,126,303
Light Source Color - BLUE	 , 08/05/2024,18:17:32
15, 60,103,126,303
15, 1149,457,140,1731
15, 1149,457,140,1731
15, 1148,457,140,1730
15, 1148,457,140,1730
15, 1148,457,140,1730
Light Source Color - OFF	 , 08/05/2024,18:17:38
