RER_614ms_1x_0  :  Time_614ms. Gain_1x
Light Source Color - OFF
N,P,K,C
0, 76,131,160,386
0, 76,131,160,386
0, 76,131,160,386
0, 76,131,160,386
Light Source Color - WHITE	 , 08/05/2024,18:07:40
1, 281,308,424,1006
1, 1977,1771,2583,6118
1, 1970,1766,2551,6076
1, 1966,1764,2537,6057
1, 1963,1762,2528,6044
1, 1964,1763,2524,6042
Light Source Color - OFF	 , 08/05/2024,18:07:46
2, 1962,1762,2518,6034
2, 76,131,160,385
2, 76,131,160,385
2, 76,131,160,385
2, 76,131,160,385
2, 76,131,160,385
Light Source Color - RED	 , 08/05/2024,18:07:53
3, 77,131,167,393
3, 341,245,2434,2786
3, 340,245,2424,2776
3, 340,245,2422,2773
3, 340,245,2422,2773
3, 340,245,2422,2773
Light Source Color - OFF	 , 08/05/2024,18:07:59
4, 340,245,2423,2774
4, 76,131,160,385
4, 76,131,160,385
4, 76,131,160,385
4, 76,131,160,385
4, 76,131,160,385
Light Source Color - GREEN	 , 08/05/2024,18:08:06
5, 76,131,160,385
5, 469,1249,338,2126
5, 477,1274,343,2166
5, 477,1274,342,2165
5, 477,1273,342,2164
5, 477,1273,342,2165
Light Source Color - OFF	 , 08/05/2024,18:08:12
6, 477,1273,342,2165
6, 76,131,160,385
6, 76,131,160,385
6, 76,131,160,385
6, 76,131,160,385
6, 76,131,160,385
Light Source Color - BLUE	 , 08/05/2024,18:08:18
7, 76,131,160,385
7, 1440,583,178,2181
7, 1441,584,178,2183
7, 1440,584,178,2182
7, 1439,583,178,2181
7, 1440,583,178,2181
Light Source Color - OFF	 , 08/05/2024,18:08:25
8, 1440,584,178,2182
8, 76,131,160,385
8, 76,131,160,385
8, 76,131,160,385
8, 76,131,160,385
8, 76,131,160,385
Light Source Color - WHITE	 , 08/05/2024,18:08:31
9, 76,131,160,385
9, 1989,1777,2669,6216
9, 1987,1776,2656,6201
9, 1984,1774,2640,6181
9, 1982,1772,2629,6166
9, 1979,1771,2620,6155
Light Source Color - OFF	 , 08/05/2024,18:08:38
10, 1980,1772,2617,6153
10, 76,131,160,385
10, 76,131,160,385
10, 76,131,160,385
10, 76,131,160,385
10, 76,131,160,385
Light Source Color - RED	 , 08/05/2024,18:08:44
11, 76,131,160,385
11, 349,249,2517,2875
11, 348,249,2514,2871
11, 348,249,2510,2868
11, 348,249,2509,2866
11, 348,249,2508,2866
Light Source Color - OFF	 , 08/05/2024,18:08:51
12, 348,249,2508,2866
12, 76,131,160,385
12, 76,131,160,385
12, 76,131,160,385
12, 76,131,160,385
12, 76,131,160,385
Light Source Color - GREEN	 , 08/05/2024,18:08:57
13, 76,131,160,385
13, 482,1283,342,2179
13, 482,1282,342,2178
13, 481,1282,342,2177
13, 481,1281,342,2177
13, 481,1281,342,2176
Light Source Color - OFF	 , 08/05/2024,18:09:03
14, 433,1144,320,1963
14, 76,131,160,385
14, 76,131,160,385
14, 76,131,160,385
14, 76,131,160,385
14, 76,131,160,385
Light Source Color - BLUE	 , 08/05/2024,18:09:10
15, 76,131,160,385
15, 1448,584,178,2190
15, 1446,583,178,2188
15, 1447,584,178,2190
15, 1447,584,178,2189
15, 1446,583,178,2188
Light Source Color - OFF	 , 08/05/2024,18:09:16
