RER_540ms_1x_0  :  Time_540ms. Gain_1x
Light Source Color - OFF
N,P,K,C
0, 67,115,141,339
0, 67,115,141,339
0, 67,115,141,339
0, 67,115,141,339
0, 67,115,141,339
Light Source Color - WHITE	 , 08/05/2024,18:12:05
1, 67,115,141,339
1, 1793,1588,2531,5709
1, 1789,1586,2512,5685
1, 1789,1586,2506,5680
1, 1787,1584,2496,5666
1, 1785,1583,2488,5655
Light Source Color - OFF	 , 08/05/2024,18:12:11
2, 1783,1582,2481,5646
2, 67,115,140,338
2, 67,115,140,338
2, 67,115,141,338
2, 67,115,141,339
2, 67,115,141,339
Light Source Color - RED	 , 08/05/2024,18:12:17
3, 67,115,141,339
3, 320,228,2382,2711
3, 320,227,2375,2703
3, 319,227,2372,2699
3, 319,227,2369,2696
3, 319,227,2369,2696
Light Source Color - OFF	 , 08/05/2024,18:12:23
4, 319,227,2367,2695
4, 67,115,141,339
4, 67,115,141,339
4, 67,115,141,339
4, 67,115,141,339
4, 67,115,141,339
Light Source Color - GREEN	 , 08/05/2024,18:12:29
5, 105,222,157,504
5, 432,1145,301,1941
5, 432,1144,301,1939
5, 432,1143,301,1938
5, 431,1143,301,1938
5, 431,1142,301,1937
Light Source Color - OFF	 , 08/05/2024,18:12:35
6, 431,1142,301,1937
6, 67,115,141,339
6, 67,115,141,339
6, 67,115,141,339
6, 67,115,141,339
6, 67,115,141,339
Light Source Color - BLUE	 , 08/05/2024,18:12:41
7, 67,115,141,339
7, 1287,513,157,1940
7, 1286,513,157,1939
7, 1285,513,157,1938
7, 1286,514,157,1940
7, 1286,514,157,1940
Light Source Color - OFF	 , 08/05/2024,18:12:47
8, 1286,514,157,1939
8, 67,115,141,339
8, 67,115,141,339
8, 67,115,141,339
8, 67,115,141,339
8, 67,115,141,339
Light Source Color - WHITE	 , 08/05/2024,18:12:53
9, 67,115,141,339
9, 1796,1590,2539,5722
9, 1791,1587,2515,5692
9, 1788,1586,2503,5675
9, 1786,1584,2493,5663
9, 1784,1583,2486,5652
Light Source Color - OFF	 , 08/05/2024,18:12:59
10, 1662,1479,2316,5272
10, 67,115,140,338
10, 67,115,141,339
10, 67,115,141,339
10, 67,115,141,339
10, 67,115,141,339
Light Source Color - RED	 , 08/05/2024,18:13:05
11, 67,115,141,339
11, 320,227,2381,2709
11, 320,227,2378,2705
11, 320,227,2374,2701
11, 319,227,2372,2699
11, 319,227,2370,2697
Light Source Color - OFF	 , 08/05/2024,18:13:11
12, 319,227,2369,2696
12, 67,115,141,339
12, 67,115,141,339
12, 67,115,141,339
12, 67,115,141,339
12, 67,115,141,339
Light Source Color - GREEN	 , 08/05/2024,18:13:17
13, 67,115,141,339
13, 432,1145,301,1941
13, 432,1144,301,1940
13, 432,1143,301,1939
13, 431,1143,301,1938
13, 432,1143,301,1939
Light Source Color - OFF	 , 08/05/2024,18:13:23
14, 431,1143,301,1938
14, 67,115,141,339
14, 67,115,141,339
14, 67,115,141,339
14, 67,115,141,339
14, 67,115,141,339
Light Source Color - BLUE	 , 08/05/2024,18:13:29
15, 189,155,142,499
15, 1288,514,157,1941
15, 1287,514,157,1941
15, 1287,514,157,1940
15, 1286,514,157,1940
15, 1286,513,157,1939
Light Source Color - OFF	 , 08/05/2024,18:13:35
