RER_600ms_1x_0  :  Time_600ms. Gain_1x
Light Source Color - OFF
N,P,K,C
0, 74,128,156,377
0, 74,128,156,377
0, 74,128,156,376
0, 74,128,156,376
0, 74,128,156,376
Light Source Color - WHITE	 , 08/05/2024,18:09:52
1, 74,128,156,376
1, 1976,1756,2739,6249
1, 1970,1751,2710,6211
1, 1965,1749,2695,6190
1, 1965,1748,2690,6184
1, 1964,1747,2680,6172
Light Source Color - OFF	 , 08/05/2024,18:09:58
2, 1962,1747,2672,6163
2, 74,128,156,375
2, 74,128,156,376
2, 74,128,156,376
2, 74,128,156,376
2, 74,128,156,376
Light Source Color - RED	 , 08/05/2024,18:10:05
3, 74,128,156,376
3, 349,249,2565,2923
3, 349,249,2561,2919
3, 349,248,2557,2915
3, 348,248,2555,2912
3, 348,248,2553,2910
Light Source Color - OFF	 , 08/05/2024,18:10:11
4, 348,248,2553,2910
4, 74,128,156,376
4, 74,128,156,376
4, 74,128,156,376
4, 74,128,156,376
4, 74,128,156,376
Light Source Color - GREEN	 , 08/05/2024,18:10:17
5, 74,128,156,376
5, 476,1263,334,2144
5, 476,1262,334,2142
5, 476,1262,334,2142
5, 475,1262,334,2141
5, 475,1261,334,2141
Light Source Color - OFF	 , 08/05/2024,18:10:24
6, 475,1261,334,2140
6, 74,128,156,376
6, 74,128,156,376
6, 74,128,156,376
6, 74,128,156,376
6, 74,128,156,376
Light Source Color - BLUE	 , 08/05/2024,18:10:30
7, 295,200,159,665
7, 1424,570,174,2149
7, 1423,570,174,2148
7, 1422,570,174,2147
7, 1421,570,174,2146
7, 1422,570,174,2148
Light Source Color - OFF	 , 08/05/2024,18:10:36
8, 1422,570,174,2147
8, 74,128,156,376
8, 74,128,156,376
8, 74,128,156,376
8, 74,128,156,376
8, 74,128,156,376
Light Source Color - WHITE	 , 08/05/2024,18:10:43
9, 74,128,156,376
9, 1978,1756,2746,6258
9, 1976,1755,2734,6244
9, 1973,1753,2718,6224
9, 1970,1752,2707,6209
9, 1969,1750,2698,6197
Light Source Color - OFF	 , 08/05/2024,18:10:49
10, 1773,1583,2431,5592
10, 74,128,156,375
10, 74,128,156,376
10, 74,128,156,376
10, 74,128,156,376
10, 74,128,156,376
Light Source Color - RED	 , 08/05/2024,18:10:56
11, 74,128,156,376
11, 351,250,2588,2948
11, 350,249,2580,2939
11, 350,249,2577,2935
11, 350,249,2576,2935
11, 350,249,2574,2933
Light Source Color - OFF	 , 08/05/2024,18:11:02
12, 350,249,2573,2931
12, 74,128,156,376
12, 74,128,156,376
12, 74,128,156,376
12, 74,128,156,376
12, 74,128,156,376
Light Source Color - GREEN	 , 08/05/2024,18:11:08
13, 116,246,175,560
13, 478,1266,334,2148
13, 477,1265,334,2146
13, 477,1264,334,2145
13, 476,1264,334,2144
13, 476,1264,334,2145
Light Source Color - OFF	 , 08/05/2024,18:11:15
14, 476,1264,334,2145
14, 74,128,156,376
14, 74,128,156,376
14, 74,128,156,376
14, 74,128,156,376
14, 74,128,156,376
Light Source Color - BLUE	 , 08/05/2024,18:11:21
15, 74,128,156,376
15, 1425,570,174,2150
15, 1424,570,174,2149
15, 1425,571,174,2151
15, 1425,571,174,2150
15, 1424,570,174,2149
Light Source Color - OFF	 , 08/05/2024,18:11:27
