RER_180ms_1x_0  :  Time_180ms. Gain_1x
Light Source Color - OFF
N,P,K,C
0, 22,39,48,115
0, 22,39,48,114
0, 22,39,48,114
0, 22,39,48,114
0, 22,39,48,114
0, 22,39,48,114
0, 22,39,48,114
0, 22,39,48,114
Light Source Color - WHITE	 , 08/05/2024,18:30:34
1, 312,284,471,1035
1, 608,536,897,1969
1, 607,535,892,1963
1, 606,535,889,1960
1, 606,535,886,1957
1, 606,534,885,1955
1, 605,534,883,1952
1, 605,534,881,1951
1, 605,534,880,1949
Light Source Color - OFF	 , 08/05/2024,18:30:39
2, 338,307,498,1107
2, 22,39,48,114
2, 22,39,48,114
2, 22,39,48,114
2, 22,39,48,114
2, 22,39,48,114
2, 22,39,48,114
2, 22,39,48,114
2, 22,39,48,114
Light Source Color - RED	 , 08/05/2024,18:30:45
3, 22,39,48,114
3, 111,79,844,957
3, 111,79,842,956
3, 111,78,841,955
3, 110,78,841,954
3, 110,78,840,953
3, 110,78,840,953
3, 110,78,839,953
3, 110,78,839,952
Light Source Color - OFF	 , 08/05/2024,18:30:51
4, 97,72,717,823
4, 22,39,48,114
4, 22,39,48,114
4, 22,39,48,114
4, 22,39,48,114
4, 22,39,48,114
4, 22,39,48,114
4, 22,39,48,114
4, 22,39,48,114
Light Source Color - GREEN	 , 08/05/2024,18:30:57
5, 86,219,75,394
5, 147,387,101,656
5, 146,387,101,656
5, 146,387,101,656
5, 146,387,101,655
5, 146,387,101,655
5, 146,387,101,655
5, 146,387,101,655
5, 146,387,101,655
Light Source Color - OFF	 , 08/05/2024,18:31:02
6, 86,218,75,393
6, 22,39,48,114
6, 22,39,48,114
6, 22,39,48,114
6, 22,39,48,114
6, 22,39,48,114
6, 22,39,48,114
6, 22,39,48,114
6, 22,39,48,114
Light Source Color - BLUE	 , 08/05/2024,18:31:08
7, 22,39,48,114
7, 434,172,53,653
7, 434,172,53,653
7, 434,172,53,653
7, 434,172,53,653
7, 434,172,53,653
7, 434,172,53,653
7, 434,172,53,653
7, 434,172,53,653
Light Source Color - OFF	 , 08/05/2024,18:31:14
8, 364,149,52,562
8, 22,39,48,114
8, 22,39,48,114
8, 22,39,48,114
8, 22,39,48,114
8, 22,39,48,114
8, 22,39,48,114
8, 22,39,48,114
8, 22,39,48,114
Light Source Color - WHITE	 , 08/05/2024,18:31:19
9, 331,301,496,1093
9, 607,535,889,1961
9, 606,535,884,1955
9, 605,534,882,1951
9, 605,534,879,1948
9, 604,534,878,1946
9, 604,534,876,1944
9, 604,534,875,1942
9, 604,533,873,1940
Light Source Color - OFF	 , 08/05/2024,18:31:25
10, 314,287,461,1029
10, 22,39,48,114
10, 22,39,48,114
10, 22,39,48,114
10, 22,39,48,114
10, 22,39,48,114
10, 22,39,48,114
10, 22,39,48,114
10, 22,39,48,114
Light Source Color - RED	 , 08/05/2024,18:31:31
11, 22,39,48,114
11, 110,78,838,951
11, 110,78,836,949
11, 110,78,835,948
11, 110,78,835,948
11, 110,78,834,947
11, 110,78,834,947
11, 110,78,834,946
11, 110,78,833,946
Light Source Color - OFF	 , 08/05/2024,18:31:37
12, 97,72,721,827
12, 22,39,48,114
12, 22,39,48,114
12, 22,39,48,114
12, 22,39,48,114
12, 22,39,48,114
12, 22,39,48,114
12, 22,39,48,114
12, 22,39,48,114
Light Source Color - GREEN	 , 08/05/2024,18:31:42
13, 84,213,74,384
13, 146,387,101,655
13, 146,387,101,655
13, 146,387,101,655
13, 146,387,101,655
13, 146,387,101,655
13, 146,386,101,655
13, 146,386,101,655
13, 146,386,101,655
Light Source Color - OFF	 , 08/05/2024,18:31:48
14, 87,220,76,396
14, 22,39,48,114
14, 22,39,48,114
14, 22,39,48,114
14, 22,39,48,114
14, 22,39,48,114
14, 22,39,48,114
14, 22,39,48,114
14, 22,39,48,114
Light Source Color - BLUE	 , 08/05/2024,18:31:54
15, 22,39,48,114
15, 434,172,53,653
15, 434,172,53,653
15, 434,172,53,653
15, 434,172,53,653
15, 434,172,53,653
15, 434,172,53,653
15, 434,172,53,653
15, 434,172,53,653
Light Source Color - OFF	 , 08/05/2024,18:32:00
