RER_199ms_1x_0  :  Time_199ms. Gain_1x
Light Source Color - OFF
N,P,K,C
0, 25,43,53,127
0, 25,43,53,127
0, 25,43,53,126
0, 25,43,53,127
0, 25,43,53,126
0, 25,43,53,126
0, 25,43,53,126
0, 25,43,53,126
Light Source Color - WHITE	 , 08/05/2024,18:27:49
1, 214,204,327,726
1, 670,591,978,2162
1, 669,591,974,2157
1, 668,591,970,2151
1, 668,590,967,2149
1, 668,590,965,2146
1, 668,590,963,2144
1, 667,590,961,2141
1, 667,590,960,2140
Light Source Color - OFF	 , 08/05/2024,18:27:55
2, 365,333,533,1193
2, 25,43,53,126
2, 25,43,53,126
2, 25,43,53,126
2, 25,43,53,126
2, 25,43,53,126
2, 25,43,53,126
2, 25,43,53,126
2, 25,43,53,126
Light Source Color - RED	 , 08/05/2024,18:28:01
3, 25,43,53,126
3, 122,86,922,1046
3, 121,86,919,1044
3, 121,86,918,1043
3, 121,86,918,1042
3, 121,86,917,1042
3, 121,86,917,1041
3, 121,86,916,1041
3, 121,86,916,1040
Light Source Color - OFF	 , 08/05/2024,18:28:07
4, 86,70,597,703
4, 25,43,53,126
4, 25,43,53,126
4, 25,43,53,126
4, 25,43,53,126
4, 25,43,53,126
4, 25,43,53,126
4, 25,43,53,126
4, 25,43,53,126
Light Source Color - GREEN	 , 08/05/2024,18:28:12
5, 25,43,53,126
5, 162,428,112,725
5, 162,427,112,724
5, 162,427,112,724
5, 161,427,112,724
5, 161,427,112,724
5, 161,427,112,724
5, 161,427,112,724
5, 161,427,112,723
Light Source Color - OFF	 , 08/05/2024,18:28:18
6, 160,425,112,720
6, 25,43,53,126
6, 25,43,53,126
6, 25,43,53,126
6, 25,43,53,126
6, 25,43,53,126
6, 25,43,53,126
6, 25,43,53,126
6, 25,43,53,126
Light Source Color - BLUE	 , 08/05/2024,18:28:24
7, 227,109,55,392
7, 479,190,59,722
7, 479,190,59,722
7, 479,190,59,722
7, 479,190,59,722
7, 479,190,59,722
7, 479,190,59,722
7, 479,190,59,722
7, 479,190,59,722
Light Source Color - OFF	 , 08/05/2024,18:28:30
8, 479,190,59,722
8, 25,43,53,126
8, 25,43,53,126
8, 25,43,53,126
8, 25,43,53,126
8, 25,43,53,126
8, 25,43,53,126
8, 25,43,53,126
8, 25,43,53,126
Light Source Color - WHITE	 , 08/05/2024,18:28:36
9, 272,253,409,908
9, 670,591,975,2158
9, 669,591,970,2152
9, 668,590,967,2148
9, 668,590,964,2144
9, 667,590,962,2142
9, 667,590,960,2140
9, 666,590,958,2137
9, 666,590,957,2136
Light Source Color - OFF	 , 08/05/2024,18:28:42
10, 447,402,646,1447
10, 25,43,53,126
10, 25,43,53,126
10, 25,43,53,126
10, 25,43,53,126
10, 25,43,53,126
10, 25,43,53,126
10, 25,43,53,126
10, 25,43,53,126
Light Source Color - RED	 , 08/05/2024,18:28:48
11, 25,43,53,126
11, 121,86,918,1043
11, 121,86,916,1041
11, 121,86,916,1040
11, 121,86,915,1039
11, 121,86,914,1039
11, 121,86,914,1038
11, 121,86,913,1038
11, 121,86,913,1037
Light Source Color - OFF	 , 08/05/2024,18:28:54
12, 87,71,609,715
12, 25,43,53,126
12, 25,43,53,126
12, 25,43,53,126
12, 25,43,53,126
12, 25,43,53,126
12, 25,43,53,126
12, 25,43,53,126
12, 25,43,53,126
Light Source Color - GREEN	 , 08/05/2024,18:29:00
13, 25,43,53,126
13, 162,427,112,724
13, 161,427,112,724
13, 161,427,112,724
13, 161,427,112,723
13, 161,427,112,723
13, 161,427,112,723
13, 161,427,112,723
13, 161,427,112,723
Light Source Color - OFF	 , 08/05/2024,18:29:06
14, 153,404,108,687
14, 25,43,53,126
14, 25,43,53,126
14, 25,43,53,126
14, 25,43,53,126
14, 25,43,53,127
14, 25,43,53,127
14, 25,43,53,127
14, 25,43,53,127
Light Source Color - BLUE	 , 08/05/2024,18:29:11
15, 272,123,56,451
15, 480,190,59,722
15, 480,190,59,722
15, 480,190,59,722
15, 479,190,59,722
15, 479,190,59,722
15, 479,190,59,722
15, 479,190,59,722
15, 479,190,59,722
Light Source Color - OFF	 , 08/05/2024,18:29:17
