RER_420ms_1x_0  :  Time_420ms. Gain_1x
Light Source Color - OFF
N,P,K,C
0, 52,90,111,266
0, 52,90,110,265
0, 52,90,110,265
0, 52,90,110,265
0, 52,90,110,265
0, 52,90,110,265
Light Source Color - WHITE	 , 08/05/2024,18:18:18
1, 52,90,110,265
1, 1404,1241,2046,4528
1, 1401,1240,2032,4511
1, 1400,1239,2023,4501
1, 1399,1238,2017,4493
1, 1398,1238,2011,4487
1, 1395,1236,2004,4475
Light Source Color - OFF	 , 08/05/2024,18:18:24
2, 1395,1236,2000,4471
2, 52,90,110,265
2, 52,90,110,265
2, 52,90,110,265
2, 52,90,110,265
2, 52,90,110,265
2, 52,90,110,265
Light Source Color - RED	 , 08/05/2024,18:18:30
3, 91,107,456,631
3, 255,181,1921,2182
3, 255,181,1917,2178
3, 254,180,1915,2176
3, 254,180,1913,2174
3, 254,180,1912,2172
3, 254,180,1911,2171
Light Source Color - OFF	 , 08/05/2024,18:18:36
4, 254,180,1910,2170
4, 52,90,110,265
4, 52,90,110,265
4, 52,90,110,265
4, 52,90,110,265
4, 52,90,110,265
4, 52,90,110,265
Light Source Color - GREEN	 , 08/05/2024,18:18:42
5, 52,90,110,265
5, 340,899,235,1523
5, 340,898,235,1522
5, 340,898,235,1522
5, 340,898,235,1522
5, 339,898,235,1522
5, 339,898,235,1522
Light Source Color - OFF	 , 08/05/2024,18:18:49
6, 319,842,227,1435
6, 52,90,110,265
6, 52,90,110,265
6, 52,90,110,265
6, 52,90,110,265
6, 52,90,110,265
6, 52,90,111,266
Light Source Color - BLUE	 , 08/05/2024,18:18:55
7, 52,90,111,266
7, 1009,401,123,1520
7, 1009,401,123,1519
7, 1007,400,123,1517
7, 1007,400,123,1517
7, 1007,400,123,1517
7, 1007,400,123,1517
Light Source Color - OFF	 , 08/05/2024,18:19:01
8, 1007,400,123,1517
8, 52,90,110,265
8, 52,90,110,265
8, 52,90,111,266
8, 52,90,111,266
8, 52,90,111,266
8, 52,90,111,266
Light Source Color - WHITE	 , 08/05/2024,18:19:07
9, 178,197,291,662
9, 1403,1241,2033,4514
9, 1401,1239,2020,4499
9, 1399,1239,2013,4490
9, 1398,1238,2007,4482
9, 1397,1238,2002,4476
9, 1397,1237,1997,4471
Light Source Color - OFF	 , 08/05/2024,18:19:13
10, 1396,1237,1994,4467
10, 52,90,110,265
10, 52,90,110,265
10, 52,90,110,265
10, 52,90,110,265
10, 52,90,110,265
10, 52,90,110,265
Light Source Color - RED	 , 08/05/2024,18:19:19
11, 52,90,110,265
11, 254,181,1916,2177
11, 254,180,1912,2172
11, 254,180,1909,2169
11, 254,180,1907,2167
11, 254,180,1906,2166
11, 254,180,1905,2165
Light Source Color - OFF	 , 08/05/2024,18:19:25
12, 254,180,1904,2164
12, 52,90,110,265
12, 52,90,111,265
12, 52,90,111,266
12, 52,90,111,266
12, 52,90,111,266
12, 52,90,111,266
Light Source Color - GREEN	 , 08/05/2024,18:19:32
13, 52,90,111,266
13, 340,899,236,1524
13, 339,898,235,1521
13, 339,898,235,1521
13, 339,897,235,1521
13, 339,897,235,1520
13, 339,897,235,1520
Light Source Color - OFF	 , 08/05/2024,18:19:38
14, 339,897,235,1520
14, 52,90,111,265
14, 52,90,111,266
14, 52,90,111,266
14, 52,90,111,266
14, 52,90,111,266
14, 52,90,111,265
Light Source Color - BLUE	 , 08/05/2024,18:19:44
15, 52,90,111,266
15, 1008,401,123,1518
15, 1008,401,123,1518
15, 1008,401,123,1518
15, 1008,401,123,1518
15, 1008,401,123,1518
15, 1008,401,123,1518
Light Source Color - OFF	 , 08/05/2024,18:19:50
