RER_499ms_1x_0  :  Time_499ms. Gain_1x
Light Source Color - OFF
N,P,K,C
0, 79,153,137,387
0, 79,153,137,387
0, 79,153,137,387
0, 79,153,137,387
0, 79,153,137,387
Light Source Color - WHITE	 , 08/05/2024,18:14:26
1, 79,153,137,387
1, 1670,1476,2391,5347
1, 1666,1473,2372,5323
1, 1664,1472,2361,5309
1, 1662,1471,2353,5297
1, 1660,1470,2346,5288
Light Source Color - OFF	 , 08/05/2024,18:14:32
2, 1659,1469,2340,5281
2, 62,107,130,313
2, 62,107,130,313
2, 62,107,130,313
2, 62,107,130,314
2, 62,107,130,314
Light Source Color - RED	 , 08/05/2024,18:14:38
3, 62,107,130,314
3, 301,213,2258,2566
3, 300,213,2251,2558
3, 300,213,2248,2555
3, 300,213,2245,2552
3, 300,213,2244,2550
Light Source Color - OFF	 , 08/05/2024,18:14:44
4, 300,212,2242,2549
4, 62,107,130,314
4, 62,107,130,314
4, 62,107,130,314
4, 62,107,130,314
4, 62,107,130,314
Light Source Color - GREEN	 , 08/05/2024,18:14:49
5, 95,200,145,459
5, 402,1065,279,1804
5, 402,1065,279,1804
5, 402,1064,279,1804
5, 402,1064,279,1803
5, 402,1064,279,1803
Light Source Color - OFF	 , 08/05/2024,18:14:55
6, 402,1063,279,1802
6, 62,107,130,314
6, 62,107,130,314
6, 62,107,130,314
6, 62,107,130,314
6, 62,107,130,314
Light Source Color - BLUE	 , 08/05/2024,18:15:01
7, 62,107,130,314
7, 1196,476,145,1801
7, 1195,476,145,1800
7, 1195,476,145,1800
7, 1196,476,145,1801
7, 1196,476,145,1801
Light Source Color - OFF	 , 08/05/2024,18:15:07
8, 933,390,142,1456
8, 62,107,130,314
8, 62,107,130,314
8, 62,107,130,314
8, 62,107,130,314
8, 62,107,130,314
Light Source Color - WHITE	 , 08/05/2024,18:15:12
9, 62,107,130,314
9, 1668,1475,2391,5343
9, 1664,1473,2373,5320
9, 1662,1472,2362,5306
9, 1661,1471,2354,5296
9, 1659,1470,2347,5287
Light Source Color - OFF	 , 08/05/2024,18:15:18
10, 1657,1469,2341,5279
10, 62,107,130,313
10, 62,107,130,314
10, 62,107,130,314
10, 62,107,130,314
10, 62,107,130,314
Light Source Color - RED	 , 08/05/2024,18:15:24
11, 62,107,130,314
11, 300,213,2251,2558
11, 300,213,2244,2551
11, 300,212,2241,2547
11, 299,212,2239,2545
11, 299,212,2237,2543
Light Source Color - OFF	 , 08/05/2024,18:15:30
12, 299,212,2236,2542
12, 62,107,130,314
12, 62,107,130,314
12, 62,107,130,314
12, 62,107,130,314
12, 62,107,130,314
Light Source Color - GREEN	 , 08/05/2024,18:15:36
13, 128,292,159,602
13, 402,1065,279,1804
13, 402,1064,279,1803
13, 402,1063,279,1802
13, 402,1063,279,1802
13, 401,1063,279,1801
Light Source Color - OFF	 , 08/05/2024,18:15:41
14, 401,1062,279,1801
14, 62,107,130,314
14, 62,107,131,314
14, 62,107,131,314
14, 62,107,131,314
14, 62,107,130,314
Light Source Color - BLUE	 , 08/05/2024,18:15:47
15, 62,107,131,314
15, 1193,475,145,1797
15, 1193,475,145,1797
15, 1192,475,145,1796
15, 1194,476,146,1799
15, 1194,476,146,1799
Light Source Color - OFF	 , 08/05/2024,18:15:53
