RER_300ms_1x_0  :  Time_300ms. Gain_1x
Light Source Color - OFF
N,P,K,C
0, 37,65,79,191
0, 37,65,79,190
0, 37,65,79,190
0, 37,65,79,190
0, 37,65,79,190
0, 37,65,79,190
0, 37,65,79,190
Light Source Color - WHITE	 , 08/05/2024,18:23:55
1, 37,65,79,190
1, 1007,889,1465,3244
1, 1006,889,1458,3236
1, 1004,888,1451,3227
1, 1004,888,1448,3224
1, 1003,887,1444,3218
1, 1003,887,1441,3215
1, 1002,887,1438,3211
Light Source Color - OFF	 , 08/05/2024,18:24:01
2, 777,695,1120,2505
2, 37,65,79,190
2, 37,65,79,190
2, 37,65,79,190
2, 37,65,79,190
2, 37,65,79,190
2, 37,65,79,190
2, 37,65,79,190
Light Source Color - RED	 , 08/05/2024,18:24:07
3, 37,65,79,190
3, 183,130,1381,1568
3, 182,129,1377,1564
3, 182,129,1376,1562
3, 182,129,1374,1561
3, 182,129,1374,1560
3, 182,129,1373,1559
3, 182,129,1372,1559
Light Source Color - OFF	 , 08/05/2024,18:24:13
4, 182,129,1371,1558
4, 37,65,79,190
4, 37,65,79,190
4, 37,65,79,190
4, 37,65,79,190
4, 37,65,79,190
4, 37,65,79,190
4, 37,65,79,190
Light Source Color - GREEN	 , 08/05/2024,18:24:19
5, 37,65,79,190
5, 243,643,168,1090
5, 243,643,168,1089
5, 243,643,168,1089
5, 243,643,168,1089
5, 243,642,168,1088
5, 243,643,168,1089
5, 243,642,168,1088
Light Source Color - OFF	 , 08/05/2024,18:24:25
6, 223,588,160,1003
6, 37,65,79,190
6, 37,65,79,190
6, 37,65,79,190
6, 37,65,79,190
6, 37,65,79,190
6, 37,65,79,190
6, 37,65,79,190
Light Source Color - BLUE	 , 08/05/2024,18:24:31
7, 37,65,79,190
7, 721,286,88,1086
7, 721,286,88,1086
7, 721,286,88,1087
7, 721,286,88,1086
7, 721,287,88,1087
7, 721,286,88,1086
7, 721,287,88,1086
Light Source Color - OFF	 , 08/05/2024,18:24:37
8, 721,286,88,1086
8, 37,65,79,190
8, 37,65,79,190
8, 37,65,79,190
8, 37,65,79,190
8, 37,65,79,190
8, 37,65,79,190
8, 37,65,79,190
Light Source Color - WHITE	 , 08/05/2024,18:24:43
9, 407,379,610,1356
9, 1006,889,1461,3241
9, 1004,888,1452,3228
9, 1004,888,1447,3223
9, 1003,887,1443,3217
9, 1002,887,1440,3214
9, 1001,886,1436,3209
9, 1001,886,1434,3207
Light Source Color - OFF	 , 08/05/2024,18:24:50
10, 1000,886,1431,3203
10, 37,65,79,190
10, 37,65,79,190
10, 37,65,79,190
10, 37,65,79,190
10, 37,65,79,190
10, 37,65,79,190
10, 37,65,79,190
Light Source Color - RED	 , 08/05/2024,18:24:56
11, 37,65,79,190
11, 182,129,1376,1563
11, 182,129,1374,1561
11, 182,129,1372,1558
11, 182,129,1371,1558
11, 182,129,1370,1556
11, 182,129,1370,1556
11, 182,129,1369,1555
Light Source Color - OFF	 , 08/05/2024,18:25:02
12, 182,129,1369,1555
12, 37,65,79,190
12, 37,65,79,190
12, 37,65,79,190
12, 37,65,79,190
12, 37,65,79,190
12, 37,65,79,190
12, 37,65,79,190
Light Source Color - GREEN	 , 08/05/2024,18:25:08
13, 78,179,97,368
13, 243,643,168,1090
13, 243,642,168,1089
13, 243,642,168,1088
13, 243,642,168,1088
13, 243,642,168,1088
13, 242,642,168,1088
13, 243,642,168,1088
Light Source Color - OFF	 , 08/05/2024,18:25:14
14, 242,642,168,1088
14, 37,65,79,190
14, 37,65,79,190
14, 37,65,79,190
14, 37,65,79,190
14, 37,65,79,190
14, 37,65,79,190
14, 37,65,79,190
Light Source Color - BLUE	 , 08/05/2024,18:25:20
15, 37,65,79,190
15, 721,286,88,1086
15, 721,287,88,1087
15, 721,286,88,1086
15, 721,287,88,1086
15, 721,286,88,1086
15, 721,287,88,1086
15, 721,286,88,1086
Light Source Color - OFF	 , 08/05/2024,18:25:26
